<?xml version="1.0" ?>
<GSA Major="1" Minor="0" Patch="0">
    <PALETTES_DIRECTORY>
        <PALETTE_DIR IDX="0" DIRECTORY=".\..\..\95_Dungeon\01_Level\050601\..\..\..\00_Ui\01_Level\..\..\..\..\..\ToolBin\SceneDesigner\Release\Data\" />
        <PALETTE_DIR IDX="1" DIRECTORY=".\..\..\95_Dungeon\01_Level\050601\..\..\..\00_Ui\01_Level\..\..\01_Ingrid\01_Level\..\..\Palettes\" />
        <PALETTE_DIR IDX="2" DIRECTORY=".\..\..\95_Dungeon\01_Level\050601\..\..\..\00_Ui\01_Level\..\..\Palettes\" />
        <PALETTE_DIR IDX="3" DIRECTORY=".\..\..\95_Dungeon\01_Level\050601\..\..\..\Palettes\" />
    </PALETTES_DIRECTORY>
    <PALETTES>
        <PALETTE NAME="Default" DIR_IDX="0" />
        <PALETTE NAME="General" DIR_IDX="1" />
        <PALETTE NAME="Block" DIR_IDX="1" />
        <PALETTE NAME="Object" DIR_IDX="1" />
        <PALETTE NAME="Effect" DIR_IDX="2" />
        <PALETTE NAME="Event" DIR_IDX="3" />
    </PALETTES>
    <OBJECTS>
        <ENTITY LinkID="0" Class="NiGeneralEntity" Name="Art_WoodPole2001_01 06" Type="Object" UsePhysX="FALSE" PostfixTexture="" Optimization="0" AlphaGroup="1" RandomAni="FALSE" TemplateID="6e,bb,d2,4f,7d,67,e5,43,91,5f,ad,f3,d0,8b,56,f7" Hidden="TRUE" MasterLinkID="1">
            <COMPONENT RefLinkID="5" />
            <COMPONENT RefLinkID="6" />
            <COMPONENT RefLinkID="7" />
        </ENTITY>
        <ENTITY LinkID="1" Class="NiGeneralEntity" Name="[Object]Fance.Art_WoodPole2001_01" TemplateID="6e,bb,d2,4f,7d,67,e5,43,91,5f,ad,f3,d0,8b,56,f7">
            <COMPONENT RefLinkID="2" />
            <COMPONENT RefLinkID="3" />
            <COMPONENT RefLinkID="4" />
        </ENTITY>
        <COMPONENT LinkID="2" Class="NiTransformationComponent" Name="Transformation">
            <PROPERTY Class="Point3" Name="Translation">0.0000000000000000, 0.0000000000000000, 0.0000000000000000</PROPERTY>
            <PROPERTY Class="Matrix3" Name="Rotation">
                <ROW>1.0000000000000000, 0.0000000000000000, 0.0000000000000000</ROW>
                <ROW>0.0000000000000000, 1.0000000000000000, 0.0000000000000000</ROW>
                <ROW>0.0000000000000000, 0.0000000000000000, 1.0000000000000000</ROW>
            </PROPERTY>
            <PROPERTY Class="Float" Name="Scale">1.0000000000000000</PROPERTY>
        </COMPONENT>
        <COMPONENT LinkID="3" Class="NiSceneGraphComponent" Name="Scene Graph">
            <PROPERTY Class="String" Name="NIF File Path" Asset="TRUE">.\..\..\00_Object\Fance\Art_WoodPole2001_01.nif</PROPERTY>
        </COMPONENT>
        <COMPONENT LinkID="4" Class="NiGeneralComponent" Name="Hide Object" TemplateID="f6,46,16,db,61,92,23,47,b5,4a,da,2d,42,d7,85,b9">
            <PROPERTY Class="Float" Name="Alpha Value" SemanticType="Float" DisplayName="Alpha Value" Description="">0.4000000059604645</PROPERTY>
            <PROPERTY Class="Boolean" Name="Alpha Enable" SemanticType="Boolean" DisplayName="Alpha Enable" Description="">FALSE</PROPERTY>
            <PROPERTY Class="Boolean" Name="Hide Object" SemanticType="Boolean" DisplayName="Hide Object" Description="">FALSE</PROPERTY>
        </COMPONENT>
        <COMPONENT LinkID="5" Class="NiTransformationComponent" Name="Transformation">
            <PROPERTY Class="Point3" Name="Translation">-314.0548400878906200, -1407.5091552734375000, 45.9952583312988280</PROPERTY>
            <PROPERTY Class="Matrix3" Name="Rotation">
                <ROW>0.8408486843109131, 0.5412527322769165, 0.0043887002393603</ROW>
                <ROW>-0.1826770305633545, 0.2761419415473938, 0.9435968995094299</ROW>
                <ROW>0.5095124244689941, -0.7942237257957459, 0.3310679793357849</ROW>
            </PROPERTY>
            <PROPERTY Class="Float" Name="Scale">3.0266695022583008</PROPERTY>
        </COMPONENT>
        <COMPONENT LinkID="6" Class="NiSceneGraphComponent" Name="Scene Graph" MasterLinkID="3" />
        <COMPONENT LinkID="7" Class="NiGeneralComponent" Name="Hide Object" TemplateID="f6,46,16,db,61,92,23,47,b5,4a,da,2d,42,d7,85,b9" MasterLinkID="4" />
        <ENTITY LinkID="8" Class="NiGeneralEntity" Name="Art_WoodPole2001_01 11" Type="Object" UsePhysX="FALSE" PostfixTexture="" Optimization="0" AlphaGroup="1" RandomAni="FALSE" TemplateID="6e,bb,d2,4f,7d,67,e5,43,91,5f,ad,f3,d0,8b,56,f7" Hidden="TRUE" MasterLinkID="1">
            <COMPONENT RefLinkID="9" />
            <COMPONENT RefLinkID="10" />
            <COMPONENT RefLinkID="11" />
        </ENTITY>
        <COMPONENT LinkID="9" Class="NiTransformationComponent" Name="Transformation">
            <PROPERTY Class="Point3" Name="Translation">-312.4624938964843700, -1425.8216552734375000, 49.0887641906738280</PROPERTY>
            <PROPERTY Class="Matrix3" Name="Rotation">
                <ROW>0.7952809333801270, 0.6060403585433960, 0.0156068420037627</ROW>
                <ROW>0.3413787186145783, -0.4689539670944214, 0.8145815730094910</ROW>
                <ROW>0.5009881258010864, -0.6424933075904846, -0.5798393487930298</ROW>
            </PROPERTY>
            <PROPERTY Class="Float" Name="Scale">3.0266695022583008</PROPERTY>
        </COMPONENT>
        <COMPONENT LinkID="10" Class="NiSceneGraphComponent" Name="Scene Graph" MasterLinkID="3" />
        <COMPONENT LinkID="11" Class="NiGeneralComponent" Name="Hide Object" TemplateID="f6,46,16,db,61,92,23,47,b5,4a,da,2d,42,d7,85,b9" MasterLinkID="4" />
        <ENTITY LinkID="12" Class="NiGeneralEntity" Name="Art_WoodPole2001_01 12" Type="Object" UsePhysX="FALSE" PostfixTexture="" Optimization="0" AlphaGroup="1" RandomAni="FALSE" TemplateID="6e,bb,d2,4f,7d,67,e5,43,91,5f,ad,f3,d0,8b,56,f7" Hidden="TRUE" MasterLinkID="1">
            <COMPONENT RefLinkID="13" />
            <COMPONENT RefLinkID="14" />
            <COMPONENT RefLinkID="15" />
        </ENTITY>
        <COMPONENT LinkID="13" Class="NiTransformationComponent" Name="Transformation">
            <PROPERTY Class="Point3" Name="Translation">-211.1941528320312500, -1427.1116943359375000, 57.5638236999511720</PROPERTY>
            <PROPERTY Class="Matrix3" Name="Rotation">
                <ROW>0.7952809333801270, 0.6060403585433960, 0.0156068420037627</ROW>
                <ROW>0.3413787186145783, -0.4689539670944214, 0.8145815730094910</ROW>
                <ROW>0.5009881258010864, -0.6424933075904846, -0.5798393487930298</ROW>
            </PROPERTY>
            <PROPERTY Class="Float" Name="Scale">3.0266695022583008</PROPERTY>
        </COMPONENT>
        <COMPONENT LinkID="14" Class="NiSceneGraphComponent" Name="Scene Graph" MasterLinkID="3" />
        <COMPONENT LinkID="15" Class="NiGeneralComponent" Name="Hide Object" TemplateID="f6,46,16,db,61,92,23,47,b5,4a,da,2d,42,d7,85,b9" MasterLinkID="4" />
        <ENTITY LinkID="16" Class="NiGeneralEntity" Name="Art_WoodPole2001_01 07" Type="Object" UsePhysX="FALSE" PostfixTexture="" Optimization="0" AlphaGroup="1" RandomAni="FALSE" TemplateID="6e,bb,d2,4f,7d,67,e5,43,91,5f,ad,f3,d0,8b,56,f7" Hidden="TRUE" MasterLinkID="1">
            <COMPONENT RefLinkID="17" />
            <COMPONENT RefLinkID="18" />
            <COMPONENT RefLinkID="19" />
        </ENTITY>
        <COMPONENT LinkID="17" Class="NiTransformationComponent" Name="Transformation">
            <PROPERTY Class="Point3" Name="Translation">-212.7459259033203100, -1409.2652587890625000, 41.0871925354003910</PROPERTY>
            <PROPERTY Class="Matrix3" Name="Rotation">
                <ROW>0.8408486843109131, 0.5412527322769165, 0.0043887002393603</ROW>
                <ROW>-0.1826770305633545, 0.2761419415473938, 0.9435968995094299</ROW>
                <ROW>0.5095124244689941, -0.7942237257957459, 0.3310679793357849</ROW>
            </PROPERTY>
            <PROPERTY Class="Float" Name="Scale">3.0266695022583008</PROPERTY>
        </COMPONENT>
        <COMPONENT LinkID="18" Class="NiSceneGraphComponent" Name="Scene Graph" MasterLinkID="3" />
        <COMPONENT LinkID="19" Class="NiGeneralComponent" Name="Hide Object" TemplateID="f6,46,16,db,61,92,23,47,b5,4a,da,2d,42,d7,85,b9" MasterLinkID="4" />
        <ENTITY LinkID="20" Class="NiGeneralEntity" Name="Art_WoodPole2001_01 08" Type="Object" UsePhysX="FALSE" PostfixTexture="" Optimization="0" AlphaGroup="1" RandomAni="FALSE" TemplateID="6e,bb,d2,4f,7d,67,e5,43,91,5f,ad,f3,d0,8b,56,f7" Hidden="TRUE" MasterLinkID="1">
            <COMPONENT RefLinkID="21" />
            <COMPONENT RefLinkID="22" />
            <COMPONENT RefLinkID="23" />
        </ENTITY>
        <COMPONENT LinkID="21" Class="NiTransformationComponent" Name="Transformation">
            <PROPERTY Class="Point3" Name="Translation">-106.2442398071289100, -1406.1451416015625000, 38.2349128723144530</PROPERTY>
            <PROPERTY Class="Matrix3" Name="Rotation">
                <ROW>0.8408486843109131, 0.5412527322769165, 0.0043887002393603</ROW>
                <ROW>-0.1826770305633545, 0.2761419415473938, 0.9435968995094299</ROW>
                <ROW>0.5095124244689941, -0.7942237257957459, 0.3310679793357849</ROW>
            </PROPERTY>
            <PROPERTY Class="Float" Name="Scale">3.0266695022583008</PROPERTY>
        </COMPONENT>
        <COMPONENT LinkID="22" Class="NiSceneGraphComponent" Name="Scene Graph" MasterLinkID="3" />
        <COMPONENT LinkID="23" Class="NiGeneralComponent" Name="Hide Object" TemplateID="f6,46,16,db,61,92,23,47,b5,4a,da,2d,42,d7,85,b9" MasterLinkID="4" />
        <ENTITY LinkID="24" Class="NiGeneralEntity" Name="Art_WoodPole2001_01 13" Type="Object" UsePhysX="FALSE" PostfixTexture="" Optimization="0" AlphaGroup="1" RandomAni="FALSE" TemplateID="6e,bb,d2,4f,7d,67,e5,43,91,5f,ad,f3,d0,8b,56,f7" Hidden="TRUE" MasterLinkID="1">
            <COMPONENT RefLinkID="25" />
            <COMPONENT RefLinkID="26" />
            <COMPONENT RefLinkID="27" />
        </ENTITY>
        <COMPONENT LinkID="25" Class="NiTransformationComponent" Name="Transformation">
            <PROPERTY Class="Point3" Name="Translation">-104.7160034179687500, -1423.7203369140625000, 57.6067008972167970</PROPERTY>
            <PROPERTY Class="Matrix3" Name="Rotation">
                <ROW>0.7952809333801270, 0.6060403585433960, 0.0156068420037627</ROW>
                <ROW>0.3413787186145783, -0.4689539670944214, 0.8145815730094910</ROW>
                <ROW>0.5009881258010864, -0.6424933075904846, -0.5798393487930298</ROW>
            </PROPERTY>
            <PROPERTY Class="Float" Name="Scale">3.0266695022583008</PROPERTY>
        </COMPONENT>
        <COMPONENT LinkID="26" Class="NiSceneGraphComponent" Name="Scene Graph" MasterLinkID="3" />
        <COMPONENT LinkID="27" Class="NiGeneralComponent" Name="Hide Object" TemplateID="f6,46,16,db,61,92,23,47,b5,4a,da,2d,42,d7,85,b9" MasterLinkID="4" />
        <ENTITY LinkID="28" Class="NiGeneralEntity" Name="Art_ArcherDoor1001_01 02" Type="Object" UsePhysX="FALSE" PostfixTexture="" Optimization="0" AlphaGroup="1" RandomAni="FALSE" TemplateID="b2,52,aa,91,32,e2,30,4c,92,29,7b,e4,3e,71,c7,78" Hidden="TRUE" MasterLinkID="29">
            <COMPONENT RefLinkID="33" />
            <COMPONENT RefLinkID="34" />
            <COMPONENT RefLinkID="35" />
        </ENTITY>
        <ENTITY LinkID="29" Class="NiGeneralEntity" Name="[Object]Statue.Art_ArcherDoor1001_01" TemplateID="8d,39,f6,3c,71,4b,5,4c,ba,e2,ad,b7,7e,9,8,4e">
            <COMPONENT RefLinkID="30" />
            <COMPONENT RefLinkID="31" />
            <COMPONENT RefLinkID="32" />
        </ENTITY>
        <COMPONENT LinkID="30" Class="NiTransformationComponent" Name="Transformation">
            <PROPERTY Class="Point3" Name="Translation">0.0000000000000000, 0.0000000000000000, 0.0000000000000000</PROPERTY>
            <PROPERTY Class="Matrix3" Name="Rotation">
                <ROW>1.0000000000000000, 0.0000000000000000, 0.0000000000000000</ROW>
                <ROW>0.0000000000000000, 1.0000000000000000, 0.0000000000000000</ROW>
                <ROW>0.0000000000000000, 0.0000000000000000, 1.0000000000000000</ROW>
            </PROPERTY>
            <PROPERTY Class="Float" Name="Scale">1.0000000000000000</PROPERTY>
        </COMPONENT>
        <COMPONENT LinkID="31" Class="NiSceneGraphComponent" Name="Scene Graph">
            <PROPERTY Class="String" Name="NIF File Path" Asset="TRUE">.\..\..\00_Object\Statue\Art_ArcherDoor1001_01.nif</PROPERTY>
        </COMPONENT>
        <COMPONENT LinkID="32" Class="NiGeneralComponent" Name="Hide Object" TemplateID="f6,46,16,db,61,92,23,47,b5,4a,da,2d,42,d7,85,b9">
            <PROPERTY Class="Float" Name="Alpha Value" SemanticType="Float" DisplayName="Alpha Value" Description="">0.4000000059604645</PROPERTY>
            <PROPERTY Class="Boolean" Name="Alpha Enable" SemanticType="Boolean" DisplayName="Alpha Enable" Description="">FALSE</PROPERTY>
            <PROPERTY Class="Boolean" Name="Hide Object" SemanticType="Boolean" DisplayName="Hide Object" Description="">FALSE</PROPERTY>
        </COMPONENT>
        <COMPONENT LinkID="33" Class="NiTransformationComponent" Name="Transformation">
            <PROPERTY Class="Point3" Name="Translation">64.5466918945312500, -1414.2607421875000000, -5.1343307495117187</PROPERTY>
            <PROPERTY Class="Matrix3" Name="Rotation">
                <ROW>-1.0000000000000000, -0.0000000874227766, 0.0000000000000000</ROW>
                <ROW>0.0000000874227766, -1.0000000000000000, 0.0000000000000000</ROW>
                <ROW>0.0000000000000000, 0.0000000000000000, 1.0000000000000000</ROW>
            </PROPERTY>
            <PROPERTY Class="Float" Name="Scale">1.0000000000000000</PROPERTY>
        </COMPONENT>
        <COMPONENT LinkID="34" Class="NiSceneGraphComponent" Name="Scene Graph" MasterLinkID="31" />
        <COMPONENT LinkID="35" Class="NiGeneralComponent" Name="Hide Object" TemplateID="f6,46,16,db,61,92,23,47,b5,4a,da,2d,42,d7,85,b9" MasterLinkID="32" />
        <ENTITY LinkID="36" Class="NiGeneralEntity" Name="Art_WoodPole2001_01 15" Type="Object" UsePhysX="FALSE" PostfixTexture="" Optimization="0" AlphaGroup="1" RandomAni="FALSE" TemplateID="6e,bb,d2,4f,7d,67,e5,43,91,5f,ad,f3,d0,8b,56,f7" Hidden="TRUE" MasterLinkID="1">
            <COMPONENT RefLinkID="37" />
            <COMPONENT RefLinkID="38" />
            <COMPONENT RefLinkID="39" />
        </ENTITY>
        <COMPONENT LinkID="37" Class="NiTransformationComponent" Name="Transformation">
            <PROPERTY Class="Point3" Name="Translation">248.4399414062500000, -1422.7004394531250000, 57.5638351440429690</PROPERTY>
            <PROPERTY Class="Matrix3" Name="Rotation">
                <ROW>0.7952809333801270, 0.6060403585433960, 0.0156068420037627</ROW>
                <ROW>0.3413787186145783, -0.4689539670944214, 0.8145815730094910</ROW>
                <ROW>0.5009881258010864, -0.6424933075904846, -0.5798393487930298</ROW>
            </PROPERTY>
            <PROPERTY Class="Float" Name="Scale">3.0266695022583008</PROPERTY>
        </COMPONENT>
        <COMPONENT LinkID="38" Class="NiSceneGraphComponent" Name="Scene Graph" MasterLinkID="3" />
        <COMPONENT LinkID="39" Class="NiGeneralComponent" Name="Hide Object" TemplateID="f6,46,16,db,61,92,23,47,b5,4a,da,2d,42,d7,85,b9" MasterLinkID="4" />
        <ENTITY LinkID="40" Class="NiGeneralEntity" Name="Art_WoodPole2001_01 09" Type="Object" UsePhysX="FALSE" PostfixTexture="" Optimization="0" AlphaGroup="1" RandomAni="FALSE" TemplateID="6e,bb,d2,4f,7d,67,e5,43,91,5f,ad,f3,d0,8b,56,f7" Hidden="TRUE" MasterLinkID="1">
            <COMPONENT RefLinkID="41" />
            <COMPONENT RefLinkID="42" />
            <COMPONENT RefLinkID="43" />
        </ENTITY>
        <COMPONENT LinkID="41" Class="NiTransformationComponent" Name="Transformation">
            <PROPERTY Class="Point3" Name="Translation">354.9180908203125000, -1419.3090820312500000, 57.6067123413085940</PROPERTY>
            <PROPERTY Class="Matrix3" Name="Rotation">
                <ROW>0.7952809333801270, 0.6060403585433960, 0.0156068420037627</ROW>
                <ROW>0.3413787186145783, -0.4689539670944214, 0.8145815730094910</ROW>
                <ROW>0.5009881258010864, -0.6424933075904846, -0.5798393487930298</ROW>
            </PROPERTY>
            <PROPERTY Class="Float" Name="Scale">3.0266695022583008</PROPERTY>
        </COMPONENT>
        <COMPONENT LinkID="42" Class="NiSceneGraphComponent" Name="Scene Graph" MasterLinkID="3" />
        <COMPONENT LinkID="43" Class="NiGeneralComponent" Name="Hide Object" TemplateID="f6,46,16,db,61,92,23,47,b5,4a,da,2d,42,d7,85,b9" MasterLinkID="4" />
        <ENTITY LinkID="44" Class="NiGeneralEntity" Name="Art_WoodPole2001_01 10" Type="Object" UsePhysX="FALSE" PostfixTexture="" Optimization="0" AlphaGroup="1" RandomAni="FALSE" TemplateID="6e,bb,d2,4f,7d,67,e5,43,91,5f,ad,f3,d0,8b,56,f7" Hidden="TRUE" MasterLinkID="1">
            <COMPONENT RefLinkID="45" />
            <COMPONENT RefLinkID="46" />
            <COMPONENT RefLinkID="47" />
        </ENTITY>
        <COMPONENT LinkID="45" Class="NiTransformationComponent" Name="Transformation">
            <PROPERTY Class="Point3" Name="Translation">353.3898315429687500, -1401.7338867187500000, 38.2349243164062500</PROPERTY>
            <PROPERTY Class="Matrix3" Name="Rotation">
                <ROW>0.8408486843109131, 0.5412527322769165, 0.0043887002393603</ROW>
                <ROW>-0.1826770305633545, 0.2761419415473938, 0.9435968995094299</ROW>
                <ROW>0.5095124244689941, -0.7942237257957459, 0.3310679793357849</ROW>
            </PROPERTY>
            <PROPERTY Class="Float" Name="Scale">3.0266695022583008</PROPERTY>
        </COMPONENT>
        <COMPONENT LinkID="46" Class="NiSceneGraphComponent" Name="Scene Graph" MasterLinkID="3" />
        <COMPONENT LinkID="47" Class="NiGeneralComponent" Name="Hide Object" TemplateID="f6,46,16,db,61,92,23,47,b5,4a,da,2d,42,d7,85,b9" MasterLinkID="4" />
        <ENTITY LinkID="48" Class="NiGeneralEntity" Name="Pig1001_01 02" Type="Object" UsePhysX="FALSE" PostfixTexture="" Optimization="0" AlphaGroup="1" RandomAni="FALSE" TemplateID="19,84,24,d0,a4,4d,27,41,a2,e8,63,e0,7c,8a,8f,96" MasterLinkID="49">
            <COMPONENT RefLinkID="53" />
            <COMPONENT RefLinkID="54" />
            <COMPONENT RefLinkID="55" />
        </ENTITY>
        <ENTITY LinkID="49" Class="NiGeneralEntity" Name="[Object]Animal.Pig1001_01" TemplateID="19,84,24,d0,a4,4d,27,41,a2,e8,63,e0,7c,8a,8f,96">
            <COMPONENT RefLinkID="50" />
            <COMPONENT RefLinkID="51" />
            <COMPONENT RefLinkID="52" />
        </ENTITY>
        <COMPONENT LinkID="50" Class="NiTransformationComponent" Name="Transformation">
            <PROPERTY Class="Point3" Name="Translation">0.0000000000000000, 0.0000000000000000, 0.0000000000000000</PROPERTY>
            <PROPERTY Class="Matrix3" Name="Rotation">
                <ROW>1.0000000000000000, 0.0000000000000000, 0.0000000000000000</ROW>
                <ROW>0.0000000000000000, 1.0000000000000000, 0.0000000000000000</ROW>
                <ROW>0.0000000000000000, 0.0000000000000000, 1.0000000000000000</ROW>
            </PROPERTY>
            <PROPERTY Class="Float" Name="Scale">1.0000000000000000</PROPERTY>
        </COMPONENT>
        <COMPONENT LinkID="51" Class="NiSceneGraphComponent" Name="Scene Graph">
            <PROPERTY Class="String" Name="NIF File Path" Asset="TRUE">.\..\..\00_Object\Animal\Pig1001_01.nif</PROPERTY>
        </COMPONENT>
        <COMPONENT LinkID="52" Class="NiGeneralComponent" Name="Animation Object" TemplateID="c5,83,7b,6f,ea,53,7d,45,95,5a,2e,ab,38,28,a5,76">
            <PROPERTY Class="Float" Name="Phase" SemanticType="Float" DisplayName="Phase" Description="">-1000.0000000000000000</PROPERTY>
        </COMPONENT>
        <COMPONENT LinkID="53" Class="NiTransformationComponent" Name="Transformation">
            <PROPERTY Class="Point3" Name="Translation">281.5957336425781200, 649.4539184570312500, 38.4076156616210940</PROPERTY>
            <PROPERTY Class="Matrix3" Name="Rotation">
                <ROW>0.3188394904136658, 0.9478088617324829, 0.0000000000000000</ROW>
                <ROW>-0.9478088617324829, 0.3188394904136658, 0.0000000000000000</ROW>
                <ROW>0.0000000000000000, 0.0000000000000000, 1.0000000000000000</ROW>
            </PROPERTY>
            <PROPERTY Class="Float" Name="Scale">1.0000000000000000</PROPERTY>
        </COMPONENT>
        <COMPONENT LinkID="54" Class="NiSceneGraphComponent" Name="Scene Graph" MasterLinkID="51" />
        <COMPONENT LinkID="55" Class="NiGeneralComponent" Name="Animation Object" TemplateID="c5,83,7b,6f,ea,53,7d,45,95,5a,2e,ab,38,28,a5,76" MasterLinkID="52" />
        <ENTITY LinkID="56" Class="NiGeneralEntity" Name="Art_BeakerD1002_01 03" Type="Object" UsePhysX="FALSE" PostfixTexture="" Optimization="0" AlphaGroup="1" RandomAni="TRUE" TemplateID="5b,45,17,5e,88,78,cd,46,ab,5e,c,8e,70,83,f8,d7" MasterLinkID="57">
            <COMPONENT RefLinkID="60" />
            <COMPONENT RefLinkID="61" />
        </ENTITY>
        <ENTITY LinkID="57" Class="NiGeneralEntity" Name="[Object]props.Art_BeakerD1002_01" TemplateID="5b,45,17,5e,88,78,cd,46,ab,5e,c,8e,70,83,f8,d7">
            <COMPONENT RefLinkID="58" />
            <COMPONENT RefLinkID="59" />
        </ENTITY>
        <COMPONENT LinkID="58" Class="NiTransformationComponent" Name="Transformation">
            <PROPERTY Class="Point3" Name="Translation">0.0000000000000000, 0.0000000000000000, 0.0000000000000000</PROPERTY>
            <PROPERTY Class="Matrix3" Name="Rotation">
                <ROW>1.0000000000000000, 0.0000000000000000, 0.0000000000000000</ROW>
                <ROW>0.0000000000000000, 1.0000000000000000, 0.0000000000000000</ROW>
                <ROW>0.0000000000000000, 0.0000000000000000, 1.0000000000000000</ROW>
            </PROPERTY>
            <PROPERTY Class="Float" Name="Scale">1.0000000000000000</PROPERTY>
        </COMPONENT>
        <COMPONENT LinkID="59" Class="NiSceneGraphComponent" Name="Scene Graph">
            <PROPERTY Class="String" Name="NIF File Path" Asset="TRUE">.\..\..\00_Object\props\Art_BeakerD1002_01.nif</PROPERTY>
        </COMPONENT>
        <COMPONENT LinkID="60" Class="NiTransformationComponent" Name="Transformation">
            <PROPERTY Class="Point3" Name="Translation">-193.9928436279296900, -539.1240844726562500, 61.0134658813476560</PROPERTY>
            <PROPERTY Class="Matrix3" Name="Rotation">
                <ROW>0.8017288446426392, -0.5976878404617310, 0.0000000000000000</ROW>
                <ROW>0.5976878404617310, 0.8017288446426392, 0.0000000000000000</ROW>
                <ROW>0.0000000000000000, 0.0000000000000000, 1.0000000000000000</ROW>
            </PROPERTY>
            <PROPERTY Class="Float" Name="Scale">1.7000000476837158</PROPERTY>
        </COMPONENT>
        <COMPONENT LinkID="61" Class="NiSceneGraphComponent" Name="Scene Graph" MasterLinkID="59" />
        <ENTITY LinkID="62" Class="NiGeneralEntity" Name="Art_SmallBook1001_01 01" Type="Object" UsePhysX="FALSE" PostfixTexture="" Optimization="0" AlphaGroup="1" RandomAni="TRUE" TemplateID="a1,59,c5,71,4a,82,b2,44,ab,cb,10,ce,da,9,fa,d6" MasterLinkID="63">
            <COMPONENT RefLinkID="66" />
            <COMPONENT RefLinkID="67" />
        </ENTITY>
        <ENTITY LinkID="63" Class="NiGeneralEntity" Name="[Object]props.Art_SmallBook1001_01" TemplateID="a1,59,c5,71,4a,82,b2,44,ab,cb,10,ce,da,9,fa,d6">
            <COMPONENT RefLinkID="64" />
            <COMPONENT RefLinkID="65" />
        </ENTITY>
        <COMPONENT LinkID="64" Class="NiTransformationComponent" Name="Transformation">
            <PROPERTY Class="Point3" Name="Translation">0.0000000000000000, 0.0000000000000000, 0.0000000000000000</PROPERTY>
            <PROPERTY Class="Matrix3" Name="Rotation">
                <ROW>1.0000000000000000, 0.0000000000000000, 0.0000000000000000</ROW>
                <ROW>0.0000000000000000, 1.0000000000000000, 0.0000000000000000</ROW>
                <ROW>0.0000000000000000, 0.0000000000000000, 1.0000000000000000</ROW>
            </PROPERTY>
            <PROPERTY Class="Float" Name="Scale">1.0000000000000000</PROPERTY>
        </COMPONENT>
        <COMPONENT LinkID="65" Class="NiSceneGraphComponent" Name="Scene Graph">
            <PROPERTY Class="String" Name="NIF File Path" Asset="TRUE">.\..\..\00_Object\props\Art_SmallBook1001_01.nif</PROPERTY>
        </COMPONENT>
        <COMPONENT LinkID="66" Class="NiTransformationComponent" Name="Transformation">
            <PROPERTY Class="Point3" Name="Translation">-187.5627288818359400, -575.9638061523437500, 59.7565841674804690</PROPERTY>
            <PROPERTY Class="Matrix3" Name="Rotation">
                <ROW>-0.2270796895027161, 0.9738762974739075, 0.0000000000000000</ROW>
                <ROW>-0.9738762974739075, -0.2270796895027161, 0.0000000000000000</ROW>
                <ROW>0.0000000000000000, 0.0000000000000000, 1.0000000000000000</ROW>
            </PROPERTY>
            <PROPERTY Class="Float" Name="Scale">1.7999999523162842</PROPERTY>
        </COMPONENT>
        <COMPONENT LinkID="67" Class="NiSceneGraphComponent" Name="Scene Graph" MasterLinkID="65" />
        <ENTITY LinkID="68" Class="NiGeneralEntity" Name="Art_AppleA1001_01 02" Type="Object" UsePhysX="FALSE" PostfixTexture="" Optimization="0" AlphaGroup="1" RandomAni="TRUE" TemplateID="3,55,96,17,5d,78,f4,4f,a2,94,51,9c,3d,9b,53,ea" MasterLinkID="69">
            <COMPONENT RefLinkID="73" />
            <COMPONENT RefLinkID="74" />
            <COMPONENT RefLinkID="75" />
        </ENTITY>
        <ENTITY LinkID="69" Class="NiGeneralEntity" Name="[Object]FoodStuffs.Art_AppleA1001_01" TemplateID="3,55,96,17,5d,78,f4,4f,a2,94,51,9c,3d,9b,53,ea">
            <COMPONENT RefLinkID="70" />
            <COMPONENT RefLinkID="71" />
            <COMPONENT RefLinkID="72" />
        </ENTITY>
        <COMPONENT LinkID="70" Class="NiTransformationComponent" Name="Transformation">
            <PROPERTY Class="Point3" Name="Translation">0.0000000000000000, 0.0000000000000000, 0.0000000000000000</PROPERTY>
            <PROPERTY Class="Matrix3" Name="Rotation">
                <ROW>1.0000000000000000, 0.0000000000000000, 0.0000000000000000</ROW>
                <ROW>0.0000000000000000, 1.0000000000000000, 0.0000000000000000</ROW>
                <ROW>0.0000000000000000, 0.0000000000000000, 1.0000000000000000</ROW>
            </PROPERTY>
            <PROPERTY Class="Float" Name="Scale">1.0000000000000000</PROPERTY>
        </COMPONENT>
        <COMPONENT LinkID="71" Class="NiSceneGraphComponent" Name="Scene Graph">
            <PROPERTY Class="String" Name="NIF File Path" Asset="TRUE">.\..\..\00_Object\FoodStuffs\Art_AppleA1001_01.nif</PROPERTY>
        </COMPONENT>
        <COMPONENT LinkID="72" Class="NiGeneralComponent" Name="Hide Object" TemplateID="f6,46,16,db,61,92,23,47,b5,4a,da,2d,42,d7,85,b9">
            <PROPERTY Class="Float" Name="Alpha Value" SemanticType="Float" DisplayName="Alpha Value" Description="">0.4000000059604645</PROPERTY>
            <PROPERTY Class="Boolean" Name="Alpha Enable" SemanticType="Boolean" DisplayName="Alpha Enable" Description="">FALSE</PROPERTY>
            <PROPERTY Class="Boolean" Name="Hide Object" SemanticType="Boolean" DisplayName="Hide Object" Description="">FALSE</PROPERTY>
        </COMPONENT>
        <COMPONENT LinkID="73" Class="NiTransformationComponent" Name="Transformation">
            <PROPERTY Class="Point3" Name="Translation">-192.8986358642578100, -524.8925170898437500, 70.5336608886718750</PROPERTY>
            <PROPERTY Class="Matrix3" Name="Rotation">
                <ROW>0.2116168439388275, -0.6953036189079285, 0.6868562698364258</ROW>
                <ROW>0.6513822078704834, 0.6242714524269104, 0.4312615990638733</ROW>
                <ROW>-0.7286422252655029, 0.3561435639858246, 0.5850148200988770</ROW>
            </PROPERTY>
            <PROPERTY Class="Float" Name="Scale">0.6000000238418579</PROPERTY>
        </COMPONENT>
        <COMPONENT LinkID="74" Class="NiSceneGraphComponent" Name="Scene Graph" MasterLinkID="71" />
        <COMPONENT LinkID="75" Class="NiGeneralComponent" Name="Hide Object" TemplateID="f6,46,16,db,61,92,23,47,b5,4a,da,2d,42,d7,85,b9" MasterLinkID="72" />
        <ENTITY LinkID="76" Class="NiGeneralEntity" Name="Art_MagicScroll1001_01 01" Type="Object" UsePhysX="FALSE" PostfixTexture="" Optimization="0" AlphaGroup="1" RandomAni="TRUE" TemplateID="33,64,12,5b,91,61,25,4a,87,30,c1,91,ff,f7,7e,5d" MasterLinkID="77">
            <COMPONENT RefLinkID="80" />
            <COMPONENT RefLinkID="81" />
        </ENTITY>
        <ENTITY LinkID="77" Class="NiGeneralEntity" Name="[Object]props.Art_MagicScroll1001_01" TemplateID="ee,55,f3,f1,d9,28,ff,48,b8,5b,d8,8,59,1e,6c,dd">
            <COMPONENT RefLinkID="78" />
            <COMPONENT RefLinkID="79" />
        </ENTITY>
        <COMPONENT LinkID="78" Class="NiTransformationComponent" Name="Transformation">
            <PROPERTY Class="Point3" Name="Translation">0.0000000000000000, 0.0000000000000000, 0.0000000000000000</PROPERTY>
            <PROPERTY Class="Matrix3" Name="Rotation">
                <ROW>1.0000000000000000, 0.0000000000000000, 0.0000000000000000</ROW>
                <ROW>0.0000000000000000, 1.0000000000000000, 0.0000000000000000</ROW>
                <ROW>0.0000000000000000, 0.0000000000000000, 1.0000000000000000</ROW>
            </PROPERTY>
            <PROPERTY Class="Float" Name="Scale">1.0000000000000000</PROPERTY>
        </COMPONENT>
        <COMPONENT LinkID="79" Class="NiSceneGraphComponent" Name="Scene Graph">
            <PROPERTY Class="String" Name="NIF File Path" Asset="TRUE">.\..\..\00_Object\props\Art_MagicScroll1001_01.nif</PROPERTY>
        </COMPONENT>
        <COMPONENT LinkID="80" Class="NiTransformationComponent" Name="Transformation">
            <PROPERTY Class="Point3" Name="Translation">-173.0050506591796900, -556.1600341796875000, 62.2723922729492190</PROPERTY>
            <PROPERTY Class="Matrix3" Name="Rotation">
                <ROW>0.5359281301498413, -0.7624980807304382, 0.3624604642391205</ROW>
                <ROW>0.8438647985458374, 0.4969907402992249, -0.2022190690040588</ROW>
                <ROW>-0.0259478520601988, 0.4142424166202545, 0.9097965359687805</ROW>
            </PROPERTY>
            <PROPERTY Class="Float" Name="Scale">0.6000000238418579</PROPERTY>
        </COMPONENT>
        <COMPONENT LinkID="81" Class="NiSceneGraphComponent" Name="Scene Graph" MasterLinkID="79" />
        <ENTITY LinkID="82" Class="NiGeneralEntity" Name="Art_BoxWood5001_01 02" Type="Object" UsePhysX="FALSE" PostfixTexture="" Optimization="0" AlphaGroup="1" RandomAni="TRUE" TemplateID="f8,9a,bc,8f,b4,45,84,40,a6,7d,a7,4,a1,28,89,a8" MasterLinkID="83">
            <COMPONENT RefLinkID="87" />
            <COMPONENT RefLinkID="88" />
            <COMPONENT RefLinkID="89" />
        </ENTITY>
        <ENTITY LinkID="83" Class="NiGeneralEntity" Name="[Object]Box.Art_BoxWood5001_01" TemplateID="f8,9a,bc,8f,b4,45,84,40,a6,7d,a7,4,a1,28,89,a8">
            <COMPONENT RefLinkID="84" />
            <COMPONENT RefLinkID="85" />
            <COMPONENT RefLinkID="86" />
        </ENTITY>
        <COMPONENT LinkID="84" Class="NiTransformationComponent" Name="Transformation">
            <PROPERTY Class="Point3" Name="Translation">0.0000000000000000, 0.0000000000000000, 0.0000000000000000</PROPERTY>
            <PROPERTY Class="Matrix3" Name="Rotation">
                <ROW>1.0000000000000000, 0.0000000000000000, 0.0000000000000000</ROW>
                <ROW>0.0000000000000000, 1.0000000000000000, 0.0000000000000000</ROW>
                <ROW>0.0000000000000000, 0.0000000000000000, 1.0000000000000000</ROW>
            </PROPERTY>
            <PROPERTY Class="Float" Name="Scale">1.0000000000000000</PROPERTY>
        </COMPONENT>
        <COMPONENT LinkID="85" Class="NiSceneGraphComponent" Name="Scene Graph">
            <PROPERTY Class="String" Name="NIF File Path" Asset="TRUE">.\..\..\00_Object\Box\Art_BoxWood5001_01.nif</PROPERTY>
        </COMPONENT>
        <COMPONENT LinkID="86" Class="NiGeneralComponent" Name="Hide Object" TemplateID="f6,46,16,db,61,92,23,47,b5,4a,da,2d,42,d7,85,b9">
            <PROPERTY Class="Float" Name="Alpha Value" SemanticType="Float" DisplayName="Alpha Value" Description="">0.4000000059604645</PROPERTY>
            <PROPERTY Class="Boolean" Name="Alpha Enable" SemanticType="Boolean" DisplayName="Alpha Enable" Description="">FALSE</PROPERTY>
            <PROPERTY Class="Boolean" Name="Hide Object" SemanticType="Boolean" DisplayName="Hide Object" Description="">FALSE</PROPERTY>
        </COMPONENT>
        <COMPONENT LinkID="87" Class="NiTransformationComponent" Name="Transformation">
            <PROPERTY Class="Point3" Name="Translation">-180.5657196044921900, -533.3021850585937500, 60.8295669555664060</PROPERTY>
            <PROPERTY Class="Matrix3" Name="Rotation">
                <ROW>0.4153732657432556, -0.9096511006355286, 0.0000000000000000</ROW>
                <ROW>0.9096511006355286, 0.4153732657432556, 0.0000000000000000</ROW>
                <ROW>0.0000000000000000, 0.0000000000000000, 1.0000000000000000</ROW>
            </PROPERTY>
            <PROPERTY Class="Float" Name="Scale">0.3000000119209290</PROPERTY>
        </COMPONENT>
        <COMPONENT LinkID="88" Class="NiSceneGraphComponent" Name="Scene Graph" MasterLinkID="85" />
        <COMPONENT LinkID="89" Class="NiGeneralComponent" Name="Hide Object" TemplateID="f6,46,16,db,61,92,23,47,b5,4a,da,2d,42,d7,85,b9" MasterLinkID="86" />
        <ENTITY LinkID="90" Class="NiGeneralEntity" Name="Art_Armor2001_01 01" Type="Object" UsePhysX="FALSE" PostfixTexture="" Optimization="Low" AlphaGroup="1" RandomAni="FALSE" TemplateID="1f,55,eb,d2,9f,b3,44,43,90,2c,c8,4b,18,e,3e,c2" MasterLinkID="91">
            <COMPONENT RefLinkID="95" />
            <COMPONENT RefLinkID="96" />
            <COMPONENT RefLinkID="97" />
        </ENTITY>
        <ENTITY LinkID="91" Class="NiGeneralEntity" Name="[Object]WeaponObj.Art_Armor2001_01" TemplateID="6d,af,a0,39,46,f1,88,41,ae,bc,7a,3d,1e,8e,3,f5">
            <COMPONENT RefLinkID="92" />
            <COMPONENT RefLinkID="93" />
            <COMPONENT RefLinkID="94" />
        </ENTITY>
        <COMPONENT LinkID="92" Class="NiTransformationComponent" Name="Transformation">
            <PROPERTY Class="Point3" Name="Translation">0.0000000000000000, 0.0000000000000000, 0.0000000000000000</PROPERTY>
            <PROPERTY Class="Matrix3" Name="Rotation">
                <ROW>1.0000000000000000, 0.0000000000000000, 0.0000000000000000</ROW>
                <ROW>0.0000000000000000, 1.0000000000000000, 0.0000000000000000</ROW>
                <ROW>0.0000000000000000, 0.0000000000000000, 1.0000000000000000</ROW>
            </PROPERTY>
            <PROPERTY Class="Float" Name="Scale">1.0000000000000000</PROPERTY>
        </COMPONENT>
        <COMPONENT LinkID="93" Class="NiSceneGraphComponent" Name="Scene Graph">
            <PROPERTY Class="String" Name="NIF File Path" Asset="TRUE">.\..\..\00_Object\WeaponObj\Art_Armor2001_01.nif</PROPERTY>
        </COMPONENT>
        <COMPONENT LinkID="94" Class="NiGeneralComponent" Name="Hide Object" TemplateID="f6,46,16,db,61,92,23,47,b5,4a,da,2d,42,d7,85,b9">
            <PROPERTY Class="Float" Name="Alpha Value" SemanticType="Float" DisplayName="Alpha Value" Description="">0.4000000059604645</PROPERTY>
            <PROPERTY Class="Boolean" Name="Alpha Enable" SemanticType="Boolean" DisplayName="Alpha Enable" Description="">FALSE</PROPERTY>
            <PROPERTY Class="Boolean" Name="Hide Object" SemanticType="Boolean" DisplayName="Hide Object" Description="">FALSE</PROPERTY>
        </COMPONENT>
        <COMPONENT LinkID="95" Class="NiTransformationComponent" Name="Transformation">
            <PROPERTY Class="Point3" Name="Translation">-478.0573730468750000, 201.0078277587890600, 38.4089622497558590</PROPERTY>
            <PROPERTY Class="Matrix3" Name="Rotation">
                <ROW>0.2107575535774231, -0.9775382876396179, -0.0004120914672967</ROW>
                <ROW>0.9775375723838806, 0.2107568383216858, 0.0013693714281544</ROW>
                <ROW>-0.0012517620343715, -0.0006914403056726, 0.9999989867210388</ROW>
            </PROPERTY>
            <PROPERTY Class="Float" Name="Scale">1.0000000000000000</PROPERTY>
        </COMPONENT>
        <COMPONENT LinkID="96" Class="NiSceneGraphComponent" Name="Scene Graph" MasterLinkID="93" />
        <COMPONENT LinkID="97" Class="NiGeneralComponent" Name="Hide Object" TemplateID="f6,46,16,db,61,92,23,47,b5,4a,da,2d,42,d7,85,b9" MasterLinkID="94" />
        <ENTITY LinkID="98" Class="NiGeneralEntity" Name="Art_Armor1001_01 01" Type="Object" UsePhysX="FALSE" PostfixTexture="" Optimization="Low" AlphaGroup="1" RandomAni="FALSE" TemplateID="74,2d,1f,31,3e,36,da,4d,83,f6,1d,95,4e,9,d9,7b" MasterLinkID="99">
            <COMPONENT RefLinkID="103" />
            <COMPONENT RefLinkID="104" />
            <COMPONENT RefLinkID="105" />
        </ENTITY>
        <ENTITY LinkID="99" Class="NiGeneralEntity" Name="[Object]WeaponObj.Art_Armor1001_01" TemplateID="77,68,a0,c,fd,55,d5,47,a5,3c,55,26,46,75,c9,ec">
            <COMPONENT RefLinkID="100" />
            <COMPONENT RefLinkID="101" />
            <COMPONENT RefLinkID="102" />
        </ENTITY>
        <COMPONENT LinkID="100" Class="NiTransformationComponent" Name="Transformation">
            <PROPERTY Class="Point3" Name="Translation">0.0000000000000000, 0.0000000000000000, 0.0000000000000000</PROPERTY>
            <PROPERTY Class="Matrix3" Name="Rotation">
                <ROW>1.0000000000000000, 0.0000000000000000, 0.0000000000000000</ROW>
                <ROW>0.0000000000000000, 1.0000000000000000, 0.0000000000000000</ROW>
                <ROW>0.0000000000000000, 0.0000000000000000, 1.0000000000000000</ROW>
            </PROPERTY>
            <PROPERTY Class="Float" Name="Scale">1.0000000000000000</PROPERTY>
        </COMPONENT>
        <COMPONENT LinkID="101" Class="NiSceneGraphComponent" Name="Scene Graph">
            <PROPERTY Class="String" Name="NIF File Path" Asset="TRUE">.\..\..\00_Object\WeaponObj\Art_Armor1001_01.nif</PROPERTY>
        </COMPONENT>
        <COMPONENT LinkID="102" Class="NiGeneralComponent" Name="Hide Object" TemplateID="f6,46,16,db,61,92,23,47,b5,4a,da,2d,42,d7,85,b9">
            <PROPERTY Class="Float" Name="Alpha Value" SemanticType="Float" DisplayName="Alpha Value" Description="">0.4000000059604645</PROPERTY>
            <PROPERTY Class="Boolean" Name="Alpha Enable" SemanticType="Boolean" DisplayName="Alpha Enable" Description="">FALSE</PROPERTY>
            <PROPERTY Class="Boolean" Name="Hide Object" SemanticType="Boolean" DisplayName="Hide Object" Description="">FALSE</PROPERTY>
        </COMPONENT>
        <COMPONENT LinkID="103" Class="NiTransformationComponent" Name="Transformation">
            <PROPERTY Class="Point3" Name="Translation">-341.5574035644531300, 698.4821777343750000, 38.4084167480468750</PROPERTY>
            <PROPERTY Class="Matrix3" Name="Rotation">
                <ROW>-0.2817983627319336, -0.9594736695289612, 0.0000000000000000</ROW>
                <ROW>0.9594736695289612, -0.2817983627319336, 0.0000000000000000</ROW>
                <ROW>0.0000000000000000, 0.0000000000000000, 1.0000000000000000</ROW>
            </PROPERTY>
            <PROPERTY Class="Float" Name="Scale">1.0000000000000000</PROPERTY>
        </COMPONENT>
        <COMPONENT LinkID="104" Class="NiSceneGraphComponent" Name="Scene Graph" MasterLinkID="101" />
        <COMPONENT LinkID="105" Class="NiGeneralComponent" Name="Hide Object" TemplateID="f6,46,16,db,61,92,23,47,b5,4a,da,2d,42,d7,85,b9" MasterLinkID="102" />
        <ENTITY LinkID="106" Class="NiGeneralEntity" Name="Art_BeakerD1001_01 01" Type="Object" UsePhysX="FALSE" PostfixTexture="" Optimization="Low" AlphaGroup="1" RandomAni="FALSE" TemplateID="da,95,39,be,2a,1e,14,4a,b4,f2,d5,c3,f6,63,1d,fa" MasterLinkID="107">
