<?xml version="1.0" ?>
<GSA Major="1" Minor="0" Patch="0">
    <PALETTES_DIRECTORY>
        <PALETTE_DIR IDX="0" DIRECTORY=".\..\..\95_Dungeon\400_InDun\..\..\..\..\..\ToolBin\SceneDesigner\Release\Data\" />
        <PALETTE_DIR IDX="1" DIRECTORY=".\..\..\95_Dungeon\400_InDun\..\01_Level\030700\..\..\..\Palettes\" />
        <PALETTE_DIR IDX="2" DIRECTORY=".\..\..\Palettes\" />
    </PALETTES_DIRECTORY>
    <PALETTES>
        <PALETTE NAME="Default" DIR_IDX="0" />
        <PALETTE NAME="Block" DIR_IDX="1" />
        <PALETTE NAME="Effect" DIR_IDX="1" />
        <PALETTE NAME="Event" DIR_IDX="1" />
        <PALETTE NAME="General" DIR_IDX="1" />
        <PALETTE NAME="Monster" DIR_IDX="1" />
        <PALETTE NAME="Object" DIR_IDX="1" />
        <PALETTE NAME="Felloruss" DIR_IDX="2" />
        <PALETTE NAME="Lavita" DIR_IDX="2" />
    </PALETTES>
    <OBJECTS>
        <ENTITY LinkID="0" Class="NiGeneralEntity" Name="Art_SpiralStaircase5001_01 11" Type="Object" UsePhysX="TRUE" PostfixTexture="" Optimization="0" AlphaGroup="3" RandomAni="FALSE" TemplateID="54,aa,df,39,3,56,65,4f,b1,6f,21,34,f5,3f,c5,d8" MasterLinkID="1">
            <COMPONENT RefLinkID="5" />
            <COMPONENT RefLinkID="6" />
            <COMPONENT RefLinkID="7" />
        </ENTITY>
        <ENTITY LinkID="1" Class="NiGeneralEntity" Name="[Block]030401.Art_SpiralStaircase5001_01" TemplateID="54,aa,df,39,3,56,65,4f,b1,6f,21,34,f5,3f,c5,d8">
            <COMPONENT RefLinkID="2" />
            <COMPONENT RefLinkID="3" />
            <COMPONENT RefLinkID="4" />
        </ENTITY>
        <COMPONENT LinkID="2" Class="NiTransformationComponent" Name="Transformation">
            <PROPERTY Class="Point3" Name="Translation">0.0000000000000000, 0.0000000000000000, 0.0000000000000000</PROPERTY>
            <PROPERTY Class="Matrix3" Name="Rotation">
                <ROW>1.0000000000000000, 0.0000000000000000, 0.0000000000000000</ROW>
                <ROW>0.0000000000000000, 1.0000000000000000, 0.0000000000000000</ROW>
                <ROW>0.0000000000000000, 0.0000000000000000, 1.0000000000000000</ROW>
            </PROPERTY>
            <PROPERTY Class="Float" Name="Scale">1.0000000000000000</PROPERTY>
        </COMPONENT>
        <COMPONENT LinkID="3" Class="NiSceneGraphComponent" Name="Scene Graph">
            <PROPERTY Class="String" Name="NIF File Path" Asset="TRUE">.\..\..\99_Boss\02_Modeling\Block\030401\Art_SpiralStaircase5001_01.nif</PROPERTY>
        </COMPONENT>
        <COMPONENT LinkID="4" Class="NiGeneralComponent" Name="Hide Object" TemplateID="f6,46,16,db,61,92,23,47,b5,4a,da,2d,42,d7,85,b9">
            <PROPERTY Class="Float" Name="Alpha Value" SemanticType="Float" DisplayName="Alpha Value" Description="">0.4000000059604645</PROPERTY>
            <PROPERTY Class="Boolean" Name="Alpha Enable" SemanticType="Boolean" DisplayName="Alpha Enable" Description="">FALSE</PROPERTY>
            <PROPERTY Class="Boolean" Name="Hide Object" SemanticType="Boolean" DisplayName="Hide Object" Description="">FALSE</PROPERTY>
        </COMPONENT>
        <COMPONENT LinkID="5" Class="NiTransformationComponent" Name="Transformation">
            <PROPERTY Class="Point3" Name="Translation">993.9372558593750000, -22.0844421386718750, -2144.8474121093750000</PROPERTY>
            <PROPERTY Class="Matrix3" Name="Rotation">
                <ROW>0.8190439343452454, 0.5737307071685791, 0.0000018023264374</ROW>
                <ROW>-0.5737307071685791, 0.8190439343452454, -0.0000053225985539</ROW>
                <ROW>-0.0000045299229896, 0.0000033253925267, 1.0000000000000000</ROW>
            </PROPERTY>
            <PROPERTY Class="Float" Name="Scale">1.0000000000000000</PROPERTY>
        </COMPONENT>
        <COMPONENT LinkID="6" Class="NiSceneGraphComponent" Name="Scene Graph" MasterLinkID="3" />
        <COMPONENT LinkID="7" Class="NiGeneralComponent" Name="Hide Object" TemplateID="f6,46,16,db,61,92,23,47,b5,4a,da,2d,42,d7,85,b9" MasterLinkID="4" />
        <ENTITY LinkID="8" Class="NiGeneralEntity" Name="Path_01" Type="Path" UsePhysX="TRUE" PostfixTexture="" Optimization="0" AlphaGroup="1" RandomAni="FALSE" TemplateID="19,7,69,38,ef,61,5,44,a1,76,a6,36,8e,4e,db,df" Hidden="TRUE" MasterLinkID="9">
            <COMPONENT RefLinkID="12" />
            <COMPONENT RefLinkID="13" />
        </ENTITY>
        <ENTITY LinkID="9" Class="NiGeneralEntity" Name="030701_PATH_01" TemplateID="19,7,69,38,ef,61,5,44,a1,76,a6,36,8e,4e,db,df">
            <COMPONENT RefLinkID="10" />
            <COMPONENT RefLinkID="11" />
        </ENTITY>
        <COMPONENT LinkID="10" Class="NiTransformationComponent" Name="Transformation">
            <PROPERTY Class="Point3" Name="Translation">0.0000000000000000, 0.0000000000000000, 0.0000000000000000</PROPERTY>
            <PROPERTY Class="Matrix3" Name="Rotation">
                <ROW>1.0000000000000000, 0.0000000000000000, 0.0000000000000000</ROW>
                <ROW>0.0000000000000000, 1.0000000000000000, 0.0000000000000000</ROW>
                <ROW>0.0000000000000000, 0.0000000000000000, 1.0000000000000000</ROW>
            </PROPERTY>
            <PROPERTY Class="Float" Name="Scale">1.0000000000000000</PROPERTY>
        </COMPONENT>
        <COMPONENT LinkID="11" Class="NiSceneGraphComponent" Name="Scene Graph">
            <PROPERTY Class="String" Name="NIF File Path" Asset="TRUE">.\..\..\95_Dungeon\09_Nif\030701_PATH_01.nif</PROPERTY>
        </COMPONENT>
        <COMPONENT LinkID="12" Class="NiTransformationComponent" Name="Transformation">
            <PROPERTY Class="Point3" Name="Translation">962.0004882812500000, 505.9317932128906200, -369.3403015136718700</PROPERTY>
            <PROPERTY Class="Matrix3" Name="Rotation">
                <ROW>1.0000000000000000, 0.0000000000000000, 0.0000000000000000</ROW>
                <ROW>0.0000000000000000, 1.0000000000000000, 0.0000000000000000</ROW>
                <ROW>0.0000000000000000, 0.0000000000000000, 1.0000000000000000</ROW>
            </PROPERTY>
            <PROPERTY Class="Float" Name="Scale">1.7525088787078857</PROPERTY>
        </COMPONENT>
        <COMPONENT LinkID="13" Class="NiSceneGraphComponent" Name="Scene Graph" MasterLinkID="11" />
        <ENTITY LinkID="14" Class="NiGeneralEntity" Name="ArrowSign1001_01 01" Type="Object" UsePhysX="FALSE" PostfixTexture="" Optimization="0" AlphaGroup="1" RandomAni="FALSE" TemplateID="1e,dc,9c,4d,bc,85,42,4e,b9,0,85,24,73,e0,e2,63" Hidden="TRUE" MasterLinkID="15">
            <COMPONENT RefLinkID="20" />
            <COMPONENT RefLinkID="21" />
            <COMPONENT RefLinkID="22" />
            <COMPONENT RefLinkID="23" />
        </ENTITY>
        <ENTITY LinkID="15" Class="NiGeneralEntity" Name="[Object]Sign.ArrowSign1001_01" TemplateID="1e,dc,9c,4d,bc,85,42,4e,b9,0,85,24,73,e0,e2,63">
            <COMPONENT RefLinkID="16" />
            <COMPONENT RefLinkID="17" />
            <COMPONENT RefLinkID="18" />
            <COMPONENT RefLinkID="19" />
        </ENTITY>
        <COMPONENT LinkID="16" Class="NiTransformationComponent" Name="Transformation">
            <PROPERTY Class="Point3" Name="Translation">0.0000000000000000, 0.0000000000000000, 0.0000000000000000</PROPERTY>
            <PROPERTY Class="Matrix3" Name="Rotation">
                <ROW>1.0000000000000000, 0.0000000000000000, 0.0000000000000000</ROW>
                <ROW>0.0000000000000000, 1.0000000000000000, 0.0000000000000000</ROW>
                <ROW>0.0000000000000000, 0.0000000000000000, 1.0000000000000000</ROW>
            </PROPERTY>
            <PROPERTY Class="Float" Name="Scale">1.0000000000000000</PROPERTY>
        </COMPONENT>
        <COMPONENT LinkID="17" Class="NiSceneGraphComponent" Name="Scene Graph">
            <PROPERTY Class="String" Name="NIF File Path" Asset="TRUE">.\..\..\00_Object\Sign\ArrowSign1001_01.nif</PROPERTY>
        </COMPONENT>
        <COMPONENT LinkID="18" Class="NiGeneralComponent" Name="Hide Object" TemplateID="f6,46,16,db,61,92,23,47,b5,4a,da,2d,42,d7,85,b9">
            <PROPERTY Class="Float" Name="Alpha Value" SemanticType="Float" DisplayName="Alpha Value" Description="">0.4000000059604645</PROPERTY>
            <PROPERTY Class="Boolean" Name="Alpha Enable" SemanticType="Boolean" DisplayName="Alpha Enable" Description="">FALSE</PROPERTY>
            <PROPERTY Class="Boolean" Name="Hide Object" SemanticType="Boolean" DisplayName="Hide Object" Description="">FALSE</PROPERTY>
        </COMPONENT>
        <COMPONENT LinkID="19" Class="NiGeneralComponent" Name="Animation Object" TemplateID="c5,83,7b,6f,ea,53,7d,45,95,5a,2e,ab,38,28,a5,76">
            <PROPERTY Class="Float" Name="Phase" SemanticType="Float" DisplayName="Phase" Description="">-1000.0000000000000000</PROPERTY>
        </COMPONENT>
        <COMPONENT LinkID="20" Class="NiTransformationComponent" Name="Transformation">
            <PROPERTY Class="Point3" Name="Translation">751.0256958007812500, 79.1043090820312500, 1406.0776367187500000</PROPERTY>
            <PROPERTY Class="Matrix3" Name="Rotation">
                <ROW>0.9396889805793762, 0.3420301675796509, 0.0000000000000000</ROW>
                <ROW>-0.3420301675796509, 0.9396889805793762, 0.0000000000000000</ROW>
                <ROW>0.0000000000000000, 0.0000000000000000, 1.0000000000000000</ROW>
            </PROPERTY>
            <PROPERTY Class="Float" Name="Scale">1.0000000000000000</PROPERTY>
        </COMPONENT>
        <COMPONENT LinkID="21" Class="NiSceneGraphComponent" Name="Scene Graph" MasterLinkID="17" />
        <COMPONENT LinkID="22" Class="NiGeneralComponent" Name="Hide Object" TemplateID="f6,46,16,db,61,92,23,47,b5,4a,da,2d,42,d7,85,b9" MasterLinkID="18" />
        <COMPONENT LinkID="23" Class="NiGeneralComponent" Name="Animation Object" TemplateID="c5,83,7b,6f,ea,53,7d,45,95,5a,2e,ab,38,28,a5,76" MasterLinkID="19" />
        <ENTITY LinkID="24" Class="NiGeneralEntity" Name="ArrowSign1001_01 02" Type="Object" UsePhysX="FALSE" PostfixTexture="" Optimization="0" AlphaGroup="1" RandomAni="FALSE" TemplateID="1e,dc,9c,4d,bc,85,42,4e,b9,0,85,24,73,e0,e2,63" Hidden="TRUE" MasterLinkID="15">
            <COMPONENT RefLinkID="25" />
            <COMPONENT RefLinkID="26" />
            <COMPONENT RefLinkID="27" />
            <COMPONENT RefLinkID="28" />
        </ENTITY>
        <COMPONENT LinkID="25" Class="NiTransformationComponent" Name="Transformation">
            <PROPERTY Class="Point3" Name="Translation">724.2904052734375000, -0.9509334564208984, 1406.0799560546875000</PROPERTY>
            <PROPERTY Class="Matrix3" Name="Rotation">
                <ROW>0.9396926164627075, 0.3420201539993286, 0.0000000000000000</ROW>
                <ROW>-0.3420201539993286, 0.9396926164627075, 0.0000000000000000</ROW>
                <ROW>0.0000000000000000, 0.0000000000000000, 1.0000000000000000</ROW>
            </PROPERTY>
            <PROPERTY Class="Float" Name="Scale">1.0000000000000000</PROPERTY>
        </COMPONENT>
        <COMPONENT LinkID="26" Class="NiSceneGraphComponent" Name="Scene Graph" MasterLinkID="17" />
        <COMPONENT LinkID="27" Class="NiGeneralComponent" Name="Hide Object" TemplateID="f6,46,16,db,61,92,23,47,b5,4a,da,2d,42,d7,85,b9" MasterLinkID="18" />
        <COMPONENT LinkID="28" Class="NiGeneralComponent" Name="Animation Object" TemplateID="c5,83,7b,6f,ea,53,7d,45,95,5a,2e,ab,38,28,a5,76" MasterLinkID="19" />
        <ENTITY LinkID="29" Class="NiGeneralEntity" Name="Art_BridgeWood1003_01 01" Type="Object" UsePhysX="TRUE" PostfixTexture="" Optimization="0" AlphaGroup="1" RandomAni="FALSE" TemplateID="f,de,dd,42,20,58,80,48,bd,32,eb,da,9c,63,b5,a6" MasterLinkID="30">
            <COMPONENT RefLinkID="33" />
            <COMPONENT RefLinkID="34" />
        </ENTITY>
        <ENTITY LinkID="30" Class="NiGeneralEntity" Name="[Object]Bridge.Art_BridgeWood1003_01" TemplateID="f,de,dd,42,20,58,80,48,bd,32,eb,da,9c,63,b5,a6">
            <COMPONENT RefLinkID="31" />
            <COMPONENT RefLinkID="32" />
        </ENTITY>
        <COMPONENT LinkID="31" Class="NiTransformationComponent" Name="Transformation">
            <PROPERTY Class="Point3" Name="Translation">0.0000000000000000, 0.0000000000000000, 0.0000000000000000</PROPERTY>
            <PROPERTY Class="Matrix3" Name="Rotation">
                <ROW>1.0000000000000000, 0.0000000000000000, 0.0000000000000000</ROW>
                <ROW>0.0000000000000000, 1.0000000000000000, 0.0000000000000000</ROW>
                <ROW>0.0000000000000000, 0.0000000000000000, 1.0000000000000000</ROW>
            </PROPERTY>
            <PROPERTY Class="Float" Name="Scale">1.0000000000000000</PROPERTY>
        </COMPONENT>
        <COMPONENT LinkID="32" Class="NiSceneGraphComponent" Name="Scene Graph">
            <PROPERTY Class="String" Name="NIF File Path" Asset="TRUE">.\..\..\00_Object\Bridge\Art_BridgeWood1003_01.nif</PROPERTY>
        </COMPONENT>
        <COMPONENT LinkID="33" Class="NiTransformationComponent" Name="Transformation">
            <PROPERTY Class="Point3" Name="Translation">1444.6662597656250000, 245.3820648193359400, 289.1430969238281200</PROPERTY>
            <PROPERTY Class="Matrix3" Name="Rotation">
                <ROW>0.8607776761054993, 0.5089814662933350, 0.0000000000000000</ROW>
                <ROW>-0.5089814662933350, 0.8607776761054993, 0.0000000000000000</ROW>
                <ROW>0.0000000000000000, 0.0000000000000000, 1.0000000000000000</ROW>
            </PROPERTY>
            <PROPERTY Class="Float" Name="Scale">1.0000000000000000</PROPERTY>
        </COMPONENT>
        <COMPONENT LinkID="34" Class="NiSceneGraphComponent" Name="Scene Graph" MasterLinkID="32" />
        <ENTITY LinkID="35" Class="NiGeneralEntity" Name="Art_BridgeWood1003_01 02" Type="Object" UsePhysX="TRUE" PostfixTexture="" Optimization="0" AlphaGroup="1" RandomAni="FALSE" TemplateID="f,de,dd,42,20,58,80,48,bd,32,eb,da,9c,63,b5,a6" MasterLinkID="30">
            <COMPONENT RefLinkID="36" />
            <COMPONENT RefLinkID="37" />
        </ENTITY>
        <COMPONENT LinkID="36" Class="NiTransformationComponent" Name="Transformation">
            <PROPERTY Class="Point3" Name="Translation">1357.2141113281250000, 838.6702270507812500, 547.4543457031250000</PROPERTY>
            <PROPERTY Class="Matrix3" Name="Rotation">
                <ROW>-0.6034960746765137, -0.7670338749885559, 0.2178329974412918</ROW>
                <ROW>0.7299947738647461, -0.6413927674293518, -0.2360568791627884</ROW>
                <ROW>0.3207801282405853, 0.0165574960410595, 0.9470089077949524</ROW>
            </PROPERTY>
            <PROPERTY Class="Float" Name="Scale">1.0868860483169556</PROPERTY>
        </COMPONENT>
        <COMPONENT LinkID="37" Class="NiSceneGraphComponent" Name="Scene Graph" MasterLinkID="32" />
        <ENTITY LinkID="38" Class="NiGeneralEntity" Name="Art_BridgeWood1003_01 03" Type="Object" UsePhysX="TRUE" PostfixTexture="" Optimization="0" AlphaGroup="1" RandomAni="FALSE" TemplateID="f,de,dd,42,20,58,80,48,bd,32,eb,da,9c,63,b5,a6" MasterLinkID="30">
            <COMPONENT RefLinkID="39" />
            <COMPONENT RefLinkID="40" />
        </ENTITY>
        <COMPONENT LinkID="39" Class="NiTransformationComponent" Name="Transformation">
            <PROPERTY Class="Point3" Name="Translation">1339.5618896484375000, 116.7992095947265600, 294.6613464355468700</PROPERTY>
            <PROPERTY Class="Matrix3" Name="Rotation">
                <ROW>0.6709060072898865, 0.7415419220924377, -0.0008683006744832</ROW>
                <ROW>-0.7413108348846436, 0.6707252264022827, 0.0242058653384447</ROW>
                <ROW>0.0185320563614368, -0.0155961802229285, 0.9997066259384155</ROW>
            </PROPERTY>
            <PROPERTY Class="Float" Name="Scale">0.9067711830139160</PROPERTY>
        </COMPONENT>
        <COMPONENT LinkID="40" Class="NiSceneGraphComponent" Name="Scene Graph" MasterLinkID="32" />
        <ENTITY LinkID="41" Class="NiGeneralEntity" Name="SkyShip_PropPropeller1002_01 24" Type="Object" UsePhysX="FALSE" PostfixTexture="" Optimization="0" AlphaGroup="5" RandomAni="FALSE" TemplateID="77,3c,1c,60,9f,6e,f9,42,a9,2d,31,6a,bd,9c,92,5" MasterLinkID="42">
            <COMPONENT RefLinkID="47" />
            <COMPONENT RefLinkID="48" />
            <COMPONENT RefLinkID="49" />
            <COMPONENT RefLinkID="50" />
        </ENTITY>
        <ENTITY LinkID="42" Class="NiGeneralEntity" Name="[Lavita]040200.SkyShip_PropPropeller1002_01" TemplateID="77,3c,1c,60,9f,6e,f9,42,a9,2d,31,6a,bd,9c,92,5">
            <COMPONENT RefLinkID="43" />
            <COMPONENT RefLinkID="44" />
            <COMPONENT RefLinkID="45" />
            <COMPONENT RefLinkID="46" />
        </ENTITY>
        <COMPONENT LinkID="43" Class="NiTransformationComponent" Name="Transformation">
            <PROPERTY Class="Point3" Name="Translation">0.0000000000000000, 0.0000000000000000, 0.0000000000000000</PROPERTY>
            <PROPERTY Class="Matrix3" Name="Rotation">
                <ROW>1.0000000000000000, 0.0000000000000000, 0.0000000000000000</ROW>
                <ROW>0.0000000000000000, 1.0000000000000000, 0.0000000000000000</ROW>
                <ROW>0.0000000000000000, 0.0000000000000000, 1.0000000000000000</ROW>
            </PROPERTY>
            <PROPERTY Class="Float" Name="Scale">1.0000000000000000</PROPERTY>
        </COMPONENT>
        <COMPONENT LinkID="44" Class="NiSceneGraphComponent" Name="Scene Graph">
            <PROPERTY Class="String" Name="NIF File Path" Asset="TRUE">.\..\..\04_Lavita\02_Modeling\Block\9040200\SkyShip_PropPropeller1002_01.nif</PROPERTY>
        </COMPONENT>
        <COMPONENT LinkID="45" Class="NiGeneralComponent" Name="Animation Object" TemplateID="c5,83,7b,6f,ea,53,7d,45,95,5a,2e,ab,38,28,a5,76">
            <PROPERTY Class="Float" Name="Phase" SemanticType="Float" DisplayName="Phase" Description="">-1000.0000000000000000</PROPERTY>
        </COMPONENT>
        <COMPONENT LinkID="46" Class="NiGeneralComponent" Name="Hide Object" TemplateID="f6,46,16,db,61,92,23,47,b5,4a,da,2d,42,d7,85,b9">
            <PROPERTY Class="Float" Name="Alpha Value" SemanticType="Float" DisplayName="Alpha Value" Description="">0.4000000059604645</PROPERTY>
            <PROPERTY Class="Boolean" Name="Alpha Enable" SemanticType="Boolean" DisplayName="Alpha Enable" Description="">FALSE</PROPERTY>
            <PROPERTY Class="Boolean" Name="Hide Object" SemanticType="Boolean" DisplayName="Hide Object" Description="">FALSE</PROPERTY>
        </COMPONENT>
        <COMPONENT LinkID="47" Class="NiTransformationComponent" Name="Transformation">
            <PROPERTY Class="Point3" Name="Translation">1427.2244873046875000, 69.5129852294921880, -65.3602828979492190</PROPERTY>
            <PROPERTY Class="Matrix3" Name="Rotation">
                <ROW>1.0000000000000000, 0.0000000000000000, 0.0000000000000000</ROW>
                <ROW>0.0000000000000000, 1.0000000000000000, 0.0000000000000000</ROW>
                <ROW>0.0000000000000000, 0.0000000000000000, 1.0000000000000000</ROW>
            </PROPERTY>
            <PROPERTY Class="Float" Name="Scale">1.0000000000000000</PROPERTY>
        </COMPONENT>
        <COMPONENT LinkID="48" Class="NiSceneGraphComponent" Name="Scene Graph" MasterLinkID="44" />
        <COMPONENT LinkID="49" Class="NiGeneralComponent" Name="Animation Object" TemplateID="c5,83,7b,6f,ea,53,7d,45,95,5a,2e,ab,38,28,a5,76" MasterLinkID="45" />
        <COMPONENT LinkID="50" Class="NiGeneralComponent" Name="Hide Object" TemplateID="f6,46,16,db,61,92,23,47,b5,4a,da,2d,42,d7,85,b9" MasterLinkID="46" />
        <ENTITY LinkID="51" Class="NiGeneralEntity" Name="SkyShip_PropPropeller1002_01 23" Type="Object" UsePhysX="FALSE" PostfixTexture="" Optimization="0" AlphaGroup="5" RandomAni="FALSE" TemplateID="77,3c,1c,60,9f,6e,f9,42,a9,2d,31,6a,bd,9c,92,5" MasterLinkID="42">
            <COMPONENT RefLinkID="52" />
            <COMPONENT RefLinkID="53" />
            <COMPONENT RefLinkID="54" />
            <COMPONENT RefLinkID="55" />
        </ENTITY>
        <COMPONENT LinkID="52" Class="NiTransformationComponent" Name="Transformation">
            <PROPERTY Class="Point3" Name="Translation">1604.8984375000000000, 429.6209411621093700, 238.1773223876953100</PROPERTY>
            <PROPERTY Class="Matrix3" Name="Rotation">
                <ROW>1.0000000000000000, 0.0000000000000000, 0.0000000000000000</ROW>
                <ROW>0.0000000000000000, 1.0000000000000000, 0.0000000000000000</ROW>
                <ROW>0.0000000000000000, 0.0000000000000000, 1.0000000000000000</ROW>
            </PROPERTY>
            <PROPERTY Class="Float" Name="Scale">1.0000000000000000</PROPERTY>
        </COMPONENT>
        <COMPONENT LinkID="53" Class="NiSceneGraphComponent" Name="Scene Graph" MasterLinkID="44" />
        <COMPONENT LinkID="54" Class="NiGeneralComponent" Name="Animation Object" TemplateID="c5,83,7b,6f,ea,53,7d,45,95,5a,2e,ab,38,28,a5,76" MasterLinkID="45" />
        <COMPONENT LinkID="55" Class="NiGeneralComponent" Name="Hide Object" TemplateID="f6,46,16,db,61,92,23,47,b5,4a,da,2d,42,d7,85,b9" MasterLinkID="46" />
        <ENTITY LinkID="56" Class="NiGeneralEntity" Name="SkyShip_PropPropeller1002_01 17" Type="Object" UsePhysX="FALSE" PostfixTexture="" Optimization="0" AlphaGroup="5" RandomAni="FALSE" TemplateID="77,3c,1c,60,9f,6e,f9,42,a9,2d,31,6a,bd,9c,92,5" MasterLinkID="42">
            <COMPONENT RefLinkID="57" />
            <COMPONENT RefLinkID="58" />
            <COMPONENT RefLinkID="59" />
            <COMPONENT RefLinkID="60" />
        </ENTITY>
        <COMPONENT LinkID="57" Class="NiTransformationComponent" Name="Transformation">
            <PROPERTY Class="Point3" Name="Translation">1602.0539550781250000, 428.1347656250000000, -1466.6033935546875000</PROPERTY>
            <PROPERTY Class="Matrix3" Name="Rotation">
                <ROW>1.0000000000000000, 0.0000000000000000, 0.0000000000000000</ROW>
                <ROW>0.0000000000000000, 1.0000000000000000, 0.0000000000000000</ROW>
                <ROW>0.0000000000000000, 0.0000000000000000, 1.0000000000000000</ROW>
            </PROPERTY>
            <PROPERTY Class="Float" Name="Scale">1.0000000000000000</PROPERTY>
        </COMPONENT>
        <COMPONENT LinkID="58" Class="NiSceneGraphComponent" Name="Scene Graph" MasterLinkID="44" />
        <COMPONENT LinkID="59" Class="NiGeneralComponent" Name="Animation Object" TemplateID="c5,83,7b,6f,ea,53,7d,45,95,5a,2e,ab,38,28,a5,76" MasterLinkID="45" />
        <COMPONENT LinkID="60" Class="NiGeneralComponent" Name="Hide Object" TemplateID="f6,46,16,db,61,92,23,47,b5,4a,da,2d,42,d7,85,b9" MasterLinkID="46" />
        <ENTITY LinkID="61" Class="NiGeneralEntity" Name="Art_LongColumn1001_01 01" Type="Object" UsePhysX="FALSE" PostfixTexture="" Optimization="0" AlphaGroup="0" RandomAni="FALSE" TemplateID="1,a4,c7,2a,a9,98,d5,43,82,f9,62,da,aa,fe,95,13" MasterLinkID="62">
            <COMPONENT RefLinkID="66" />
            <COMPONENT RefLinkID="67" />
            <COMPONENT RefLinkID="68" />
        </ENTITY>
        <ENTITY LinkID="62" Class="NiGeneralEntity" Name="[Block]030401.Art_LongColumn1001_01" TemplateID="1,a4,c7,2a,a9,98,d5,43,82,f9,62,da,aa,fe,95,13">
            <COMPONENT RefLinkID="63" />
            <COMPONENT RefLinkID="64" />
            <COMPONENT RefLinkID="65" />
        </ENTITY>
        <COMPONENT LinkID="63" Class="NiTransformationComponent" Name="Transformation">
            <PROPERTY Class="Point3" Name="Translation">0.0000000000000000, 0.0000000000000000, 0.0000000000000000</PROPERTY>
            <PROPERTY Class="Matrix3" Name="Rotation">
                <ROW>1.0000000000000000, 0.0000000000000000, 0.0000000000000000</ROW>
                <ROW>0.0000000000000000, 1.0000000000000000, 0.0000000000000000</ROW>
                <ROW>0.0000000000000000, 0.0000000000000000, 1.0000000000000000</ROW>
            </PROPERTY>
            <PROPERTY Class="Float" Name="Scale">1.0000000000000000</PROPERTY>
        </COMPONENT>
        <COMPONENT LinkID="64" Class="NiSceneGraphComponent" Name="Scene Graph">
            <PROPERTY Class="String" Name="NIF File Path" Asset="TRUE">.\..\..\99_Boss\02_Modeling\Block\030401\Art_LongColumn1001_01.nif</PROPERTY>
        </COMPONENT>
        <COMPONENT LinkID="65" Class="NiGeneralComponent" Name="Hide Object" TemplateID="f6,46,16,db,61,92,23,47,b5,4a,da,2d,42,d7,85,b9">
            <PROPERTY Class="Float" Name="Alpha Value" SemanticType="Float" DisplayName="Alpha Value" Description="">0.4000000059604645</PROPERTY>
            <PROPERTY Class="Boolean" Name="Alpha Enable" SemanticType="Boolean" DisplayName="Alpha Enable" Description="">FALSE</PROPERTY>
            <PROPERTY Class="Boolean" Name="Hide Object" SemanticType="Boolean" DisplayName="Hide Object" Description="">FALSE</PROPERTY>
        </COMPONENT>
        <COMPONENT LinkID="66" Class="NiTransformationComponent" Name="Transformation">
            <PROPERTY Class="Point3" Name="Translation">1505.5372314453125000, 141.1751403808593700, -1465.7601318359375000</PROPERTY>
            <PROPERTY Class="Matrix3" Name="Rotation">
                <ROW>0.5648286342620850, -0.8252083063125610, 0.0000000000000000</ROW>
                <ROW>0.8252083063125610, 0.5648286342620850, 0.0000000000000000</ROW>
                <ROW>0.0000000000000000, 0.0000000000000000, 1.0000000000000000</ROW>
            </PROPERTY>
            <PROPERTY Class="Float" Name="Scale">0.9499999880790710</PROPERTY>
        </COMPONENT>
        <COMPONENT LinkID="67" Class="NiSceneGraphComponent" Name="Scene Graph" MasterLinkID="64" />
        <COMPONENT LinkID="68" Class="NiGeneralComponent" Name="Hide Object" TemplateID="f6,46,16,db,61,92,23,47,b5,4a,da,2d,42,d7,85,b9" MasterLinkID="65">
            <PROPERTY Class="Boolean" Name="Alpha Enable" SemanticType="Boolean" DisplayName="Alpha Enable" Description="">TRUE</PROPERTY>
        </COMPONENT>
        <ENTITY LinkID="69" Class="NiGeneralEntity" Name="Art_LongColumn1001_01 75" Type="Object" UsePhysX="FALSE" PostfixTexture="" Optimization="0" AlphaGroup="0" RandomAni="FALSE" TemplateID="1,a4,c7,2a,a9,98,d5,43,82,f9,62,da,aa,fe,95,13" MasterLinkID="62">
            <COMPONENT RefLinkID="70" />
            <COMPONENT RefLinkID="71" />
            <COMPONENT RefLinkID="72" />
        </ENTITY>
        <COMPONENT LinkID="70" Class="NiTransformationComponent" Name="Transformation">
            <PROPERTY Class="Point3" Name="Translation">1160.5988769531250000, 1156.0075683593750000, -549.1146850585937500</PROPERTY>
            <PROPERTY Class="Matrix3" Name="Rotation">
                <ROW>-0.9537549614906311, -0.3005854487419128, 0.0000000000000000</ROW>
                <ROW>0.3005854487419128, -0.9537549614906311, 0.0000000000000000</ROW>
                <ROW>0.0000000000000000, 0.0000000000000000, 1.0000000000000000</ROW>
            </PROPERTY>
            <PROPERTY Class="Float" Name="Scale">0.9499999880790710</PROPERTY>
        </COMPONENT>
        <COMPONENT LinkID="71" Class="NiSceneGraphComponent" Name="Scene Graph" MasterLinkID="64" />
        <COMPONENT LinkID="72" Class="NiGeneralComponent" Name="Hide Object" TemplateID="f6,46,16,db,61,92,23,47,b5,4a,da,2d,42,d7,85,b9" MasterLinkID="65">
            <PROPERTY Class="Boolean" Name="Alpha Enable" SemanticType="Boolean" DisplayName="Alpha Enable" Description="">TRUE</PROPERTY>
        </COMPONENT>
        <ENTITY LinkID="73" Class="NiGeneralEntity" Name="Art_LongColumn1001_01 02" Type="Object" UsePhysX="FALSE" PostfixTexture="" Optimization="0" AlphaGroup="0" RandomAni="FALSE" TemplateID="1,a4,c7,2a,a9,98,d5,43,82,f9,62,da,aa,fe,95,13" MasterLinkID="62">
            <COMPONENT RefLinkID="74" />
            <COMPONENT RefLinkID="75" />
            <COMPONENT RefLinkID="76" />
        </ENTITY>
        <COMPONENT LinkID="74" Class="NiTransformationComponent" Name="Transformation">
            <PROPERTY Class="Point3" Name="Translation">1505.5372314453125000, 141.1751403808593700, -1123.2658691406250000</PROPERTY>
            <PROPERTY Class="Matrix3" Name="Rotation">
                <ROW>0.5648286342620850, -0.8252083063125610, 0.0000000000000000</ROW>
                <ROW>0.8252083063125610, 0.5648286342620850, 0.0000000000000000</ROW>
                <ROW>0.0000000000000000, 0.0000000000000000, 1.0000000000000000</ROW>
            </PROPERTY>
            <PROPERTY Class="Float" Name="Scale">0.9499999880790710</PROPERTY>
        </COMPONENT>
        <COMPONENT LinkID="75" Class="NiSceneGraphComponent" Name="Scene Graph" MasterLinkID="64" />
        <COMPONENT LinkID="76" Class="NiGeneralComponent" Name="Hide Object" TemplateID="f6,46,16,db,61,92,23,47,b5,4a,da,2d,42,d7,85,b9" MasterLinkID="65">
            <PROPERTY Class="Boolean" Name="Alpha Enable" SemanticType="Boolean" DisplayName="Alpha Enable" Description="">TRUE</PROPERTY>
        </COMPONENT>
        <ENTITY LinkID="77" Class="NiGeneralEntity" Name="Art_LongColumn1001_01 03" Type="Object" UsePhysX="FALSE" PostfixTexture="" Optimization="0" AlphaGroup="0" RandomAni="FALSE" TemplateID="1,a4,c7,2a,a9,98,d5,43,82,f9,62,da,aa,fe,95,13" MasterLinkID="62">
            <COMPONENT RefLinkID="78" />
            <COMPONENT RefLinkID="79" />
            <COMPONENT RefLinkID="80" />
        </ENTITY>
        <COMPONENT LinkID="78" Class="NiTransformationComponent" Name="Transformation">
            <PROPERTY Class="Point3" Name="Translation">1505.5372314453125000, 141.1751403808593700, -783.5017700195312500</PROPERTY>
            <PROPERTY Class="Matrix3" Name="Rotation">
                <ROW>0.5648286342620850, -0.8252083063125610, 0.0000000000000000</ROW>
                <ROW>0.8252083063125610, 0.5648286342620850, 0.0000000000000000</ROW>
                <ROW>0.0000000000000000, 0.0000000000000000, 1.0000000000000000</ROW>
            </PROPERTY>
            <PROPERTY Class="Float" Name="Scale">0.9499999880790710</PROPERTY>
        </COMPONENT>
        <COMPONENT LinkID="79" Class="NiSceneGraphComponent" Name="Scene Graph" MasterLinkID="64" />
        <COMPONENT LinkID="80" Class="NiGeneralComponent" Name="Hide Object" TemplateID="f6,46,16,db,61,92,23,47,b5,4a,da,2d,42,d7,85,b9" MasterLinkID="65">
            <PROPERTY Class="Boolean" Name="Alpha Enable" SemanticType="Boolean" DisplayName="Alpha Enable" Description="">TRUE</PROPERTY>
        </COMPONENT>
        <ENTITY LinkID="81" Class="NiGeneralEntity" Name="Art_LongColumn1001_01 04" Type="Object" UsePhysX="FALSE" PostfixTexture="" Optimization="0" AlphaGroup="0" RandomAni="FALSE" TemplateID="1,a4,c7,2a,a9,98,d5,43,82,f9,62,da,aa,fe,95,13" MasterLinkID="62">
            <COMPONENT RefLinkID="82" />
            <COMPONENT RefLinkID="83" />
            <COMPONENT RefLinkID="84" />
        </ENTITY>
        <COMPONENT LinkID="82" Class="NiTransformationComponent" Name="Transformation">
            <PROPERTY Class="Point3" Name="Translation">1505.5372314453125000, 141.1751403808593700, -441.3918457031250000</PROPERTY>
            <PROPERTY Class="Matrix3" Name="Rotation">
                <ROW>0.5648286342620850, -0.8252083063125610, 0.0000000000000000</ROW>
                <ROW>0.8252083063125610, 0.5648286342620850, 0.0000000000000000</ROW>
                <ROW>0.0000000000000000, 0.0000000000000000, 1.0000000000000000</ROW>
            </PROPERTY>
            <PROPERTY Class="Float" Name="Scale">0.9499999880790710</PROPERTY>
        </COMPONENT>
        <COMPONENT LinkID="83" Class="NiSceneGraphComponent" Name="Scene Graph" MasterLinkID="64" />
        <COMPONENT LinkID="84" Class="NiGeneralComponent" Name="Hide Object" TemplateID="f6,46,16,db,61,92,23,47,b5,4a,da,2d,42,d7,85,b9" MasterLinkID="65">
            <PROPERTY Class="Boolean" Name="Alpha Enable" SemanticType="Boolean" DisplayName="Alpha Enable" Description="">TRUE</PROPERTY>
        </COMPONENT>
        <ENTITY LinkID="85" Class="NiGeneralEntity" Name="Art_LongColumn1001_01 05" Type="Object" UsePhysX="FALSE" PostfixTexture="" Optimization="0" AlphaGroup="0" RandomAni="FALSE" TemplateID="1,a4,c7,2a,a9,98,d5,43,82,f9,62,da,aa,fe,95,13" MasterLinkID="62">
            <COMPONENT RefLinkID="86" />
            <COMPONENT RefLinkID="87" />
            <COMPONENT RefLinkID="88" />
        </ENTITY>
        <COMPONENT LinkID="86" Class="NiTransformationComponent" Name="Transformation">
            <PROPERTY Class="Point3" Name="Translation">538.5375366210937500, 651.8883666992187500, -1653.8885498046875000</PROPERTY>
            <PROPERTY Class="Matrix3" Name="Rotation">
                <ROW>-0.3389436304569244, 0.9408065676689148, 0.0000000000000000</ROW>
                <ROW>-0.9408065676689148, -0.3389436304569244, 0.0000000000000000</ROW>
                <ROW>0.0000000000000000, 0.0000000000000000, 1.0000000000000000</ROW>
            </PROPERTY>
            <PROPERTY Class="Float" Name="Scale">0.9499999880790710</PROPERTY>
        </COMPONENT>
        <COMPONENT LinkID="87" Class="NiSceneGraphComponent" Name="Scene Graph" MasterLinkID="64" />
        <COMPONENT LinkID="88" Class="NiGeneralComponent" Name="Hide Object" TemplateID="f6,46,16,db,61,92,23,47,b5,4a,da,2d,42,d7,85,b9" MasterLinkID="65">
            <PROPERTY Class="Boolean" Name="Alpha Enable" SemanticType="Boolean" DisplayName="Alpha Enable" Description="">FALSE</PROPERTY>
        </COMPONENT>
        <ENTITY LinkID="89" Class="NiGeneralEntity" Name="Art_LongColumn1001_01 06" Type="Object" UsePhysX="FALSE" PostfixTexture="" Optimization="0" AlphaGroup="0" RandomAni="FALSE" TemplateID="1,a4,c7,2a,a9,98,d5,43,82,f9,62,da,aa,fe,95,13" MasterLinkID="62">
            <COMPONENT RefLinkID="90" />
            <COMPONENT RefLinkID="91" />
            <COMPONENT RefLinkID="92" />
        </ENTITY>
        <COMPONENT LinkID="90" Class="NiTransformationComponent" Name="Transformation">
            <PROPERTY Class="Point3" Name="Translation">1505.5372314453125000, 141.1751403808593700, 943.2888793945312500</PROPERTY>
            <PROPERTY Class="Matrix3" Name="Rotation">
                <ROW>0.5648286342620850, -0.8252083063125610, 0.0000000000000000</ROW>
                <ROW>0.8252083063125610, 0.5648286342620850, 0.0000000000000000</ROW>
                <ROW>0.0000000000000000, 0.0000000000000000, 1.0000000000000000</ROW>
            </PROPERTY>
            <PROPERTY Class="Float" Name="Scale">0.9499999880790710</PROPERTY>
        </COMPONENT>
        <COMPONENT LinkID="91" Class="NiSceneGraphComponent" Name="Scene Graph" MasterLinkID="64" />
        <COMPONENT LinkID="92" Class="NiGeneralComponent" Name="Hide Object" TemplateID="f6,46,16,db,61,92,23,47,b5,4a,da,2d,42,d7,85,b9" MasterLinkID="65">
            <PROPERTY Class="Boolean" Name="Alpha Enable" SemanticType="Boolean" DisplayName="Alpha Enable" Description="">TRUE</PROPERTY>
        </COMPONENT>
        <ENTITY LinkID="93" Class="NiGeneralEntity" Name="Art_LongColumn1001_01 07" Type="Object" UsePhysX="FALSE" PostfixTexture="" Optimization="0" AlphaGroup="0" RandomAni="FALSE" TemplateID="1,a4,c7,2a,a9,98,d5,43,82,f9,62,da,aa,fe,95,13" MasterLinkID="62">
            <COMPONENT RefLinkID="94" />
            <COMPONENT RefLinkID="95" />
            <COMPONENT RefLinkID="96" />
        </ENTITY>
        <COMPONENT LinkID="94" Class="NiTransformationComponent" Name="Transformation">
            <PROPERTY Class="Point3" Name="Translation">1225.5118408203125000, 170.3536834716796900, -1764.9699707031250000</PROPERTY>
            <PROPERTY Class="Matrix3" Name="Rotation">
                <ROW>0.8288962841033936, -0.5594022870063782, 0.0000000000000000</ROW>
                <ROW>0.5594022870063782, 0.8288962841033936, 0.0000000000000000</ROW>
                <ROW>0.0000000000000000, 0.0000000000000000, 1.0000000000000000</ROW>
            </PROPERTY>
            <PROPERTY Class="Float" Name="Scale">0.9499999880790710</PROPERTY>
        </COMPONENT>
        <COMPONENT LinkID="95" Class="NiSceneGraphComponent" Name="Scene Graph" MasterLinkID="64" />
        <COMPONENT LinkID="96" Class="NiGeneralComponent" Name="Hide Object" TemplateID="f6,46,16,db,61,92,23,47,b5,4a,da,2d,42,d7,85,b9" MasterLinkID="65">
            <PROPERTY Class="Boolean" Name="Alpha Enable" SemanticType="Boolean" DisplayName="Alpha Enable" Description="">FALSE</PROPERTY>
        </COMPONENT>
        <ENTITY LinkID="97" Class="NiGeneralEntity" Name="Art_LongColumn1001_01 08" Type="Object" UsePhysX="FALSE" PostfixTexture="" Optimization="0" AlphaGroup="0" RandomAni="FALSE" TemplateID="1,a4,c7,2a,a9,98,d5,43,82,f9,62,da,aa,fe,95,13" MasterLinkID="62">
            <COMPONENT RefLinkID="98" />
            <COMPONENT RefLinkID="99" />
            <COMPONENT RefLinkID="100" />
        </ENTITY>
        <COMPONENT LinkID="98" Class="NiTransformationComponent" Name="Transformation">
            <PROPERTY Class="Point3" Name="Translation">544.8237915039062500, 372.7842102050781200, -2355.3937988281250000</PROPERTY>
            <PROPERTY Class="Matrix3" Name="Rotation">
                <ROW>0.2347103208303452, 0.9720652699470520, 0.0000000000000000</ROW>
                <ROW>-0.9720652699470520, 0.2347103208303452, 0.0000000000000000</ROW>
                <ROW>0.0000000000000000, 0.0000000000000000, 1.0000000000000000</ROW>
            </PROPERTY>
            <PROPERTY Class="Float" Name="Scale">0.9499999880790710</PROPERTY>
        </COMPONENT>
        <COMPONENT LinkID="99" Class="NiSceneGraphComponent" Name="Scene Graph" MasterLinkID="64" />
        <COMPONENT LinkID="100" Class="NiGeneralComponent" Name="Hide Object" TemplateID="f6,46,16,db,61,92,23,47,b5,4a,da,2d,42,d7,85,b9" MasterLinkID="65">
            <PROPERTY Class="Boolean" Name="Alpha Enable" SemanticType="Boolean" DisplayName="Alpha Enable" Description="">FALSE</PROPERTY>
        </COMPONENT>
        <ENTITY LinkID="101" Class="NiGeneralEntity" Name="Art_LongColumn1001_01 09" Type="Object" UsePhysX="FALSE" PostfixTexture="" Optimization="0" AlphaGroup="0" RandomAni="FALSE" TemplateID="1,a4,c7,2a,a9,98,d5,43,82,f9,62,da,aa,fe,95,13" MasterLinkID="62">
            <COMPONENT RefLinkID="102" />
            <COMPONENT RefLinkID="103" />
            <COMPONENT RefLinkID="104" />
        </ENTITY>
        <COMPONENT LinkID="102" Class="NiTransformationComponent" Name="Transformation">
            <PROPERTY Class="Point3" Name="Translation">1505.5372314453125000, 141.1751403808593700, -1802.7443847656250000</PROPERTY>
            <PROPERTY Class="Matrix3" Name="Rotation">
                <ROW>0.5648286342620850, -0.8252083063125610, 0.0000000000000000</ROW>
                <ROW>0.8252083063125610, 0.5648286342620850, 0.0000000000000000</ROW>
                <ROW>0.0000000000000000, 0.0000000000000000, 1.0000000000000000</ROW>
            </PROPERTY>
            <PROPERTY Class="Float" Name="Scale">0.9499999880790710</PROPERTY>
        </COMPONENT>
        <COMPONENT LinkID="103" Class="NiSceneGraphComponent" Name="Scene Graph" MasterLinkID="64" />
        <COMPONENT LinkID="104" Class="NiGeneralComponent" Name="Hide Object" TemplateID="f6,46,16,db,61,92,23,47,b5,4a,da,2d,42,d7,85,b9" MasterLinkID="65">
            <PROPERTY Class="Boolean" Name="Alpha Enable" SemanticType="Boolean" DisplayName="Alpha Enable" Description="">TRUE</PROPERTY>
        </COMPONENT>
        <ENTITY LinkID="105" Class="NiGeneralEntity" Name="Art_LongColumn1001_01 10" Type="Object" UsePhysX="FALSE" PostfixTexture="" Optimization="0" AlphaGroup="0" RandomAni="FALSE" TemplateID="1,a4,c7,2a,a9,98,d5,43,82,f9,62,da,aa,fe,95,13" MasterLinkID="62">
            <COMPONENT RefLinkID="106" />
            <COMPONENT RefLinkID="107" />
            <COMPONENT RefLinkID="108" />
        </ENTITY>
        <COMPONENT LinkID="106" Class="NiTransformationComponent" Name="Transformation">
            <PROPERTY Class="Point3" Name="Translation">965.6305541992187500, 960.7705078125000000, -2249.3916015625000000</PROPERTY>
            <PROPERTY Class="Matrix3" Name="Rotation">
