<?xml version="1.0" ?>
<GSA Major="1" Minor="0" Patch="0">
    <PALETTES_DIRECTORY>
        <PALETTE_DIR IDX="0" DIRECTORY=".\..\..\..\..\..\ToolBin\SceneDesigner\Release\Data\" />
        <PALETTE_DIR IDX="1" DIRECTORY=".\..\01_Level\..\..\03_Solaiden\200_Hidden\..\..\Palettes\" />
        <PALETTE_DIR IDX="2" DIRECTORY=".\..\..\Palettes\" />
    </PALETTES_DIRECTORY>
    <PALETTES>
        <PALETTE NAME="Default" DIR_IDX="0" />
        <PALETTE NAME="Block" DIR_IDX="1" />
        <PALETTE NAME="Effect" DIR_IDX="1" />
        <PALETTE NAME="General" DIR_IDX="1" />
        <PALETTE NAME="Object" DIR_IDX="1" />
        <PALETTE NAME="Event" DIR_IDX="2" />
    </PALETTES>
    <OBJECTS>
        <ENTITY LinkID="0" Class="NiGeneralEntity" Name="Dc_Bloc1022_01 30" Type="Object" UsePhysX="FALSE" PostfixTexture="" Optimization="0" AlphaGroup="3" RandomAni="FALSE" TemplateID="ae,9b,33,89,9c,f8,a9,4f,b7,54,ad,7c,8,99,6d,52" MasterLinkID="1">
            <COMPONENT RefLinkID="4" />
            <COMPONENT RefLinkID="5" />
        </ENTITY>
        <ENTITY LinkID="1" Class="NiGeneralEntity" Name="[Block]010600.Dc_Bloc1022_01" TemplateID="ae,9b,33,89,9c,f8,a9,4f,b7,54,ad,7c,8,99,6d,52">
            <COMPONENT RefLinkID="2" />
            <COMPONENT RefLinkID="3" />
        </ENTITY>
        <COMPONENT LinkID="2" Class="NiTransformationComponent" Name="Transformation">
            <PROPERTY Class="Point3" Name="Translation">0.0000000000000000, 0.0000000000000000, 0.0000000000000000</PROPERTY>
            <PROPERTY Class="Matrix3" Name="Rotation">
                <ROW>1.0000000000000000, 0.0000000000000000, 0.0000000000000000</ROW>
                <ROW>0.0000000000000000, 1.0000000000000000, 0.0000000000000000</ROW>
                <ROW>0.0000000000000000, 0.0000000000000000, 1.0000000000000000</ROW>
            </PROPERTY>
            <PROPERTY Class="Float" Name="Scale">1.0000000000000000</PROPERTY>
        </COMPONENT>
        <COMPONENT LinkID="3" Class="NiSceneGraphComponent" Name="Scene Graph">
            <PROPERTY Class="String" Name="NIF File Path" Asset="TRUE">.\..\..\01_Ingrid\02_Modeling\Block\010600\Dc_Bloc1022_01.nif</PROPERTY>
        </COMPONENT>
        <COMPONENT LinkID="4" Class="NiTransformationComponent" Name="Transformation">
            <PROPERTY Class="Point3" Name="Translation">-1382.4219970703125000, 1360.5207519531250000, 288.9213562011718700</PROPERTY>
            <PROPERTY Class="Matrix3" Name="Rotation">
                <ROW>0.9941494464874268, -0.1080122292041779, -0.0007062122458592</ROW>
                <ROW>-0.1080145537853241, -0.9941242933273315, -0.0070595736615360</ROW>
                <ROW>0.0000604575725447, 0.0070945518091321, -0.9999748468399048</ROW>
            </PROPERTY>
            <PROPERTY Class="Float" Name="Scale">1.3602247238159180</PROPERTY>
        </COMPONENT>
        <COMPONENT LinkID="5" Class="NiSceneGraphComponent" Name="Scene Graph" MasterLinkID="3" />
        <ENTITY LinkID="6" Class="NiGeneralEntity" Name="Nature_FireCrystal1001_01 02" Type="Object" UsePhysX="FALSE" PostfixTexture="" Optimization="0" AlphaGroup="1" RandomAni="FALSE" TemplateID="86,4,2c,2c,52,69,18,45,b2,6,ef,ad,be,67,99,cb" MasterLinkID="7">
            <COMPONENT RefLinkID="10" />
            <COMPONENT RefLinkID="11" />
        </ENTITY>
        <ENTITY LinkID="7" Class="NiGeneralEntity" Name="[Object]Ground.Nature_FireCrystal1001_01" TemplateID="86,4,2c,2c,52,69,18,45,b2,6,ef,ad,be,67,99,cb">
            <COMPONENT RefLinkID="8" />
            <COMPONENT RefLinkID="9" />
        </ENTITY>
        <COMPONENT LinkID="8" Class="NiTransformationComponent" Name="Transformation">
            <PROPERTY Class="Point3" Name="Translation">0.0000000000000000, 0.0000000000000000, 0.0000000000000000</PROPERTY>
            <PROPERTY Class="Matrix3" Name="Rotation">
                <ROW>1.0000000000000000, 0.0000000000000000, 0.0000000000000000</ROW>
                <ROW>0.0000000000000000, 1.0000000000000000, 0.0000000000000000</ROW>
                <ROW>0.0000000000000000, 0.0000000000000000, 1.0000000000000000</ROW>
            </PROPERTY>
            <PROPERTY Class="Float" Name="Scale">1.0000000000000000</PROPERTY>
        </COMPONENT>
        <COMPONENT LinkID="9" Class="NiSceneGraphComponent" Name="Scene Graph">
            <PROPERTY Class="String" Name="NIF File Path" Asset="TRUE">.\..\..\00_Object\Ground\Nature_FireCrystal1001_01.nif</PROPERTY>
        </COMPONENT>
        <COMPONENT LinkID="10" Class="NiTransformationComponent" Name="Transformation">
            <PROPERTY Class="Point3" Name="Translation">-1166.0424804687500000, 1241.7856445312500000, -159.3064422607421900</PROPERTY>
            <PROPERTY Class="Matrix3" Name="Rotation">
                <ROW>0.8837127089500427, -0.2399825602769852, 0.4018212556838989</ROW>
                <ROW>0.2969385981559753, 0.9511048197746277, -0.0850125327706337</ROW>
                <ROW>-0.3617725968360901, 0.1944428980350494, 0.9117634296417236</ROW>
            </PROPERTY>
            <PROPERTY Class="Float" Name="Scale">2.3362083435058594</PROPERTY>
        </COMPONENT>
        <COMPONENT LinkID="11" Class="NiSceneGraphComponent" Name="Scene Graph" MasterLinkID="9" />
        <ENTITY LinkID="12" Class="NiGeneralEntity" Name="Nature_StonePillar1001_01 07" Type="Object" UsePhysX="FALSE" PostfixTexture="" Optimization="0" AlphaGroup="1" RandomAni="FALSE" TemplateID="ab,2f,4c,e7,dc,df,ca,46,b9,30,3f,4e,43,a3,2a,af" MasterLinkID="13">
            <COMPONENT RefLinkID="16" />
            <COMPONENT RefLinkID="17" />
        </ENTITY>
        <ENTITY LinkID="13" Class="NiGeneralEntity" Name="[Object]Ground.Nature_StonePillar1001_01" TemplateID="ab,2f,4c,e7,dc,df,ca,46,b9,30,3f,4e,43,a3,2a,af">
            <COMPONENT RefLinkID="14" />
            <COMPONENT RefLinkID="15" />
        </ENTITY>
        <COMPONENT LinkID="14" Class="NiTransformationComponent" Name="Transformation">
            <PROPERTY Class="Point3" Name="Translation">0.0000000000000000, 0.0000000000000000, 0.0000000000000000</PROPERTY>
            <PROPERTY Class="Matrix3" Name="Rotation">
                <ROW>1.0000000000000000, 0.0000000000000000, 0.0000000000000000</ROW>
                <ROW>0.0000000000000000, 1.0000000000000000, 0.0000000000000000</ROW>
                <ROW>0.0000000000000000, 0.0000000000000000, 1.0000000000000000</ROW>
            </PROPERTY>
            <PROPERTY Class="Float" Name="Scale">1.0000000000000000</PROPERTY>
        </COMPONENT>
        <COMPONENT LinkID="15" Class="NiSceneGraphComponent" Name="Scene Graph">
            <PROPERTY Class="String" Name="NIF File Path" Asset="TRUE">.\..\..\00_Object\Ground\Nature_StonePillar1001_01.nif</PROPERTY>
        </COMPONENT>
        <COMPONENT LinkID="16" Class="NiTransformationComponent" Name="Transformation">
            <PROPERTY Class="Point3" Name="Translation">-1327.1958007812500000, 1036.7287597656250000, -80.8627471923828120</PROPERTY>
            <PROPERTY Class="Matrix3" Name="Rotation">
                <ROW>0.8080301284790039, -0.5891411304473877, 0.0000000000000000</ROW>
                <ROW>0.5891411304473877, 0.8080301284790039, 0.0000000000000000</ROW>
                <ROW>0.0000000000000000, 0.0000000000000000, 1.0000000000000000</ROW>
            </PROPERTY>
            <PROPERTY Class="Float" Name="Scale">0.8486921191215515</PROPERTY>
        </COMPONENT>
        <COMPONENT LinkID="17" Class="NiSceneGraphComponent" Name="Scene Graph" MasterLinkID="15" />
        <ENTITY LinkID="18" Class="NiGeneralEntity" Name="Art_BoneTunnel1001_02 01" Type="Object" UsePhysX="FALSE" PostfixTexture="" Optimization="0" AlphaGroup="1" RandomAni="FALSE" TemplateID="15,35,c1,e0,a4,8a,fc,42,a0,be,cd,39,7b,d0,d4,4d" MasterLinkID="19">
            <COMPONENT RefLinkID="23" />
            <COMPONENT RefLinkID="24" />
            <COMPONENT RefLinkID="25" />
        </ENTITY>
        <ENTITY LinkID="19" Class="NiGeneralEntity" Name="[Object]Statue.Art_BoneTunnel1001_02" TemplateID="15,35,c1,e0,a4,8a,fc,42,a0,be,cd,39,7b,d0,d4,4d">
            <COMPONENT RefLinkID="20" />
            <COMPONENT RefLinkID="21" />
            <COMPONENT RefLinkID="22" />
        </ENTITY>
        <COMPONENT LinkID="20" Class="NiTransformationComponent" Name="Transformation">
            <PROPERTY Class="Point3" Name="Translation">0.0000000000000000, 0.0000000000000000, 0.0000000000000000</PROPERTY>
            <PROPERTY Class="Matrix3" Name="Rotation">
                <ROW>1.0000000000000000, 0.0000000000000000, 0.0000000000000000</ROW>
                <ROW>0.0000000000000000, 1.0000000000000000, 0.0000000000000000</ROW>
                <ROW>0.0000000000000000, 0.0000000000000000, 1.0000000000000000</ROW>
            </PROPERTY>
            <PROPERTY Class="Float" Name="Scale">1.0000000000000000</PROPERTY>
        </COMPONENT>
        <COMPONENT LinkID="21" Class="NiSceneGraphComponent" Name="Scene Graph">
            <PROPERTY Class="String" Name="NIF File Path" Asset="TRUE">.\..\..\00_Object\Statue\Art_BoneTunnel1001_02.nif</PROPERTY>
        </COMPONENT>
        <COMPONENT LinkID="22" Class="NiGeneralComponent" Name="Hide Object" TemplateID="f6,46,16,db,61,92,23,47,b5,4a,da,2d,42,d7,85,b9">
            <PROPERTY Class="Float" Name="Alpha Value" SemanticType="Float" DisplayName="Alpha Value" Description="">0.4000000059604645</PROPERTY>
            <PROPERTY Class="Boolean" Name="Alpha Enable" SemanticType="Boolean" DisplayName="Alpha Enable" Description="">FALSE</PROPERTY>
            <PROPERTY Class="Boolean" Name="Hide Object" SemanticType="Boolean" DisplayName="Hide Object" Description="">FALSE</PROPERTY>
        </COMPONENT>
        <COMPONENT LinkID="23" Class="NiTransformationComponent" Name="Transformation">
            <PROPERTY Class="Point3" Name="Translation">1099.7777099609375000, 1988.6088867187500000, 275.4194946289062500</PROPERTY>
            <PROPERTY Class="Matrix3" Name="Rotation">
                <ROW>0.5088285207748413, -0.8485610485076904, -0.1450434327125549</ROW>
                <ROW>0.7576391100883484, 0.5214104056358337, -0.3925737142562866</ROW>
                <ROW>0.4087499380111694, 0.0898621305823326, 0.9082115888595581</ROW>
            </PROPERTY>
            <PROPERTY Class="Float" Name="Scale">1.4577817916870117</PROPERTY>
        </COMPONENT>
        <COMPONENT LinkID="24" Class="NiSceneGraphComponent" Name="Scene Graph" MasterLinkID="21" />
        <COMPONENT LinkID="25" Class="NiGeneralComponent" Name="Hide Object" TemplateID="f6,46,16,db,61,92,23,47,b5,4a,da,2d,42,d7,85,b9" MasterLinkID="22" />
        <ENTITY LinkID="26" Class="NiGeneralEntity" Name="Dc_Bloc1022_01 25" Type="Object" UsePhysX="FALSE" PostfixTexture="" Optimization="0" AlphaGroup="3" RandomAni="FALSE" TemplateID="ae,9b,33,89,9c,f8,a9,4f,b7,54,ad,7c,8,99,6d,52" MasterLinkID="1">
            <COMPONENT RefLinkID="27" />
            <COMPONENT RefLinkID="28" />
        </ENTITY>
        <COMPONENT LinkID="27" Class="NiTransformationComponent" Name="Transformation">
            <PROPERTY Class="Point3" Name="Translation">1365.5213623046875000, 2273.2609863281250000, 39.6865997314453130</PROPERTY>
            <PROPERTY Class="Matrix3" Name="Rotation">
                <ROW>0.2670369148254395, -0.9636621475219727, -0.0068207457661629</ROW>
                <ROW>0.9636864066123962, 0.2670297324657440, 0.0019528483971953</ROW>
                <ROW>-0.0000605444838584, -0.0070945424959064, 0.9999748468399048</ROW>
            </PROPERTY>
            <PROPERTY Class="Float" Name="Scale">1.1382055282592773</PROPERTY>
        </COMPONENT>
        <COMPONENT LinkID="28" Class="NiSceneGraphComponent" Name="Scene Graph" MasterLinkID="3" />
        <ENTITY LinkID="29" Class="NiGeneralEntity" Name="Nature_FireCrystal1001_01 06" Type="Object" UsePhysX="FALSE" PostfixTexture="" Optimization="0" AlphaGroup="1" RandomAni="FALSE" TemplateID="86,4,2c,2c,52,69,18,45,b2,6,ef,ad,be,67,99,cb" MasterLinkID="7">
            <COMPONENT RefLinkID="30" />
            <COMPONENT RefLinkID="31" />
        </ENTITY>
        <COMPONENT LinkID="30" Class="NiTransformationComponent" Name="Transformation">
            <PROPERTY Class="Point3" Name="Translation">1195.1834716796875000, 2174.5131835937500000, 408.0811767578125000</PROPERTY>
            <PROPERTY Class="Matrix3" Name="Rotation">
                <ROW>0.9095650315284729, -0.3685957193374634, -0.1919087022542954</ROW>
                <ROW>0.1948804706335068, 0.7862148880958557, -0.5864194035530090</ROW>
                <ROW>0.3670332431793213, 0.4959873259067535, 0.7869456410408020</ROW>
            </PROPERTY>
            <PROPERTY Class="Float" Name="Scale">3.6534962654113770</PROPERTY>
        </COMPONENT>
        <COMPONENT LinkID="31" Class="NiSceneGraphComponent" Name="Scene Graph" MasterLinkID="9" />
        <ENTITY LinkID="32" Class="NiGeneralEntity" Name="Dc_Bloc1022_01 26" Type="Object" UsePhysX="FALSE" PostfixTexture="" Optimization="0" AlphaGroup="3" RandomAni="FALSE" TemplateID="ae,9b,33,89,9c,f8,a9,4f,b7,54,ad,7c,8,99,6d,52" MasterLinkID="1">
            <COMPONENT RefLinkID="33" />
            <COMPONENT RefLinkID="34" />
        </ENTITY>
        <COMPONENT LinkID="33" Class="NiTransformationComponent" Name="Transformation">
            <PROPERTY Class="Point3" Name="Translation">1078.1239013671875000, 2388.5842285156250000, -41.5703125000000000</PROPERTY>
            <PROPERTY Class="Matrix3" Name="Rotation">
                <ROW>-0.7334570288658142, 0.6797190904617310, 0.0047780089080334</ROW>
                <ROW>-0.6797360181808472, -0.7334382534027100, -0.0052446946501732</ROW>
                <ROW>-0.0000605444838584, -0.0070945424959064, 0.9999748468399048</ROW>
            </PROPERTY>
            <PROPERTY Class="Float" Name="Scale">1.3537222146987915</PROPERTY>
        </COMPONENT>
        <COMPONENT LinkID="34" Class="NiSceneGraphComponent" Name="Scene Graph" MasterLinkID="3" />
        <ENTITY LinkID="35" Class="NiGeneralEntity" Name="Dc_Bloc1022_01 02" Type="Object" UsePhysX="FALSE" PostfixTexture="" Optimization="0" AlphaGroup="3" RandomAni="FALSE" TemplateID="ae,9b,33,89,9c,f8,a9,4f,b7,54,ad,7c,8,99,6d,52" MasterLinkID="1">
            <COMPONENT RefLinkID="36" />
            <COMPONENT RefLinkID="37" />
        </ENTITY>
        <COMPONENT LinkID="36" Class="NiTransformationComponent" Name="Transformation">
            <PROPERTY Class="Point3" Name="Translation">1237.2430419921875000, 2265.4567871093750000, 278.2158813476562500</PROPERTY>
            <PROPERTY Class="Matrix3" Name="Rotation">
                <ROW>0.2670369148254395, -0.9636621475219727, -0.0068207457661629</ROW>
                <ROW>0.9636864066123962, 0.2670297324657440, 0.0019528483971953</ROW>
                <ROW>-0.0000605444838584, -0.0070945424959064, 0.9999748468399048</ROW>
            </PROPERTY>
            <PROPERTY Class="Float" Name="Scale">1.1382055282592773</PROPERTY>
        </COMPONENT>
        <COMPONENT LinkID="37" Class="NiSceneGraphComponent" Name="Scene Graph" MasterLinkID="3" />
        <ENTITY LinkID="38" Class="NiGeneralEntity" Name="EF_WaterFall1003_01 01" Type="Object" UsePhysX="FALSE" PostfixTexture="" Optimization="0" AlphaGroup="1" RandomAni="FALSE" TemplateID="ee,b2,97,13,a,ee,7d,45,94,fc,57,81,42,b2,17,9c" MasterLinkID="39">
            <COMPONENT RefLinkID="44" />
            <COMPONENT RefLinkID="45" />
            <COMPONENT RefLinkID="46" />
            <COMPONENT RefLinkID="47" />
        </ENTITY>
        <ENTITY LinkID="39" Class="NiGeneralEntity" Name="[Effect]EF_WaterFall1003_01" TemplateID="ee,b2,97,13,a,ee,7d,45,94,fc,57,81,42,b2,17,9c">
            <COMPONENT RefLinkID="40" />
            <COMPONENT RefLinkID="41" />
            <COMPONENT RefLinkID="42" />
            <COMPONENT RefLinkID="43" />
        </ENTITY>
        <COMPONENT LinkID="40" Class="NiTransformationComponent" Name="Transformation">
            <PROPERTY Class="Point3" Name="Translation">0.0000000000000000, 0.0000000000000000, 0.0000000000000000</PROPERTY>
            <PROPERTY Class="Matrix3" Name="Rotation">
                <ROW>1.0000000000000000, 0.0000000000000000, 0.0000000000000000</ROW>
                <ROW>0.0000000000000000, 1.0000000000000000, 0.0000000000000000</ROW>
                <ROW>0.0000000000000000, 0.0000000000000000, 1.0000000000000000</ROW>
            </PROPERTY>
            <PROPERTY Class="Float" Name="Scale">1.0000000000000000</PROPERTY>
        </COMPONENT>
        <COMPONENT LinkID="41" Class="NiSceneGraphComponent" Name="Scene Graph">
            <PROPERTY Class="String" Name="NIF File Path" Asset="TRUE">.\..\..\..\5_Effect\3_World\EF_WaterFall1003_01.nif</PROPERTY>
        </COMPONENT>
        <COMPONENT LinkID="42" Class="NiGeneralComponent" Name="Animation Object" TemplateID="c5,83,7b,6f,ea,53,7d,45,95,5a,2e,ab,38,28,a5,76">
            <PROPERTY Class="Float" Name="Phase" SemanticType="Float" DisplayName="Phase" Description="">-1000.0000000000000000</PROPERTY>
        </COMPONENT>
        <COMPONENT LinkID="43" Class="NiGeneralComponent" Name="Hide Object" TemplateID="f6,46,16,db,61,92,23,47,b5,4a,da,2d,42,d7,85,b9">
            <PROPERTY Class="Float" Name="Alpha Value" SemanticType="Float" DisplayName="Alpha Value" Description="">0.4000000059604645</PROPERTY>
            <PROPERTY Class="Boolean" Name="Alpha Enable" SemanticType="Boolean" DisplayName="Alpha Enable" Description="">FALSE</PROPERTY>
            <PROPERTY Class="Boolean" Name="Hide Object" SemanticType="Boolean" DisplayName="Hide Object" Description="">FALSE</PROPERTY>
        </COMPONENT>
        <COMPONENT LinkID="44" Class="NiTransformationComponent" Name="Transformation">
            <PROPERTY Class="Point3" Name="Translation">1148.7528076171875000, 2114.8098144531250000, -91.7432861328125000</PROPERTY>
            <PROPERTY Class="Matrix3" Name="Rotation">
                <ROW>0.9659258127212524, 0.2548743188381195, 0.0450151823461056</ROW>
                <ROW>-0.2576106786727905, 0.9635499119758606, 0.0721680074930191</ROW>
                <ROW>-0.0249806027859449, -0.0813053473830223, 0.9963760972023010</ROW>
            </PROPERTY>
            <PROPERTY Class="Float" Name="Scale">2.2999999523162842</PROPERTY>
        </COMPONENT>
        <COMPONENT LinkID="45" Class="NiSceneGraphComponent" Name="Scene Graph" MasterLinkID="41" />
        <COMPONENT LinkID="46" Class="NiGeneralComponent" Name="Animation Object" TemplateID="c5,83,7b,6f,ea,53,7d,45,95,5a,2e,ab,38,28,a5,76" MasterLinkID="42" />
        <COMPONENT LinkID="47" Class="NiGeneralComponent" Name="Hide Object" TemplateID="f6,46,16,db,61,92,23,47,b5,4a,da,2d,42,d7,85,b9" MasterLinkID="43" />
        <ENTITY LinkID="48" Class="NiGeneralEntity" Name="Nature_StonePillar1001_01 05" Type="Object" UsePhysX="FALSE" PostfixTexture="" Optimization="0" AlphaGroup="1" RandomAni="FALSE" TemplateID="ab,2f,4c,e7,dc,df,ca,46,b9,30,3f,4e,43,a3,2a,af" MasterLinkID="13">
            <COMPONENT RefLinkID="49" />
            <COMPONENT RefLinkID="50" />
        </ENTITY>
        <COMPONENT LinkID="49" Class="NiTransformationComponent" Name="Transformation">
            <PROPERTY Class="Point3" Name="Translation">1220.6429443359375000, 2277.7873535156250000, -204.0096435546875000</PROPERTY>
            <PROPERTY Class="Matrix3" Name="Rotation">
                <ROW>0.8903631567955017, 0.4552508592605591, 0.0000000000000000</ROW>
                <ROW>-0.4552508592605591, 0.8903631567955017, 0.0000000000000000</ROW>
                <ROW>0.0000000000000000, 0.0000000000000000, 1.0000000000000000</ROW>
            </PROPERTY>
            <PROPERTY Class="Float" Name="Scale">2.3399324417114258</PROPERTY>
        </COMPONENT>
        <COMPONENT LinkID="50" Class="NiSceneGraphComponent" Name="Scene Graph" MasterLinkID="15" />
        <ENTITY LinkID="51" Class="NiGeneralEntity" Name="Nature_FireCrystal1001_01 05" Type="Object" UsePhysX="FALSE" PostfixTexture="" Optimization="0" AlphaGroup="1" RandomAni="FALSE" TemplateID="86,4,2c,2c,52,69,18,45,b2,6,ef,ad,be,67,99,cb" MasterLinkID="7">
            <COMPONENT RefLinkID="52" />
            <COMPONENT RefLinkID="53" />
        </ENTITY>
        <COMPONENT LinkID="52" Class="NiTransformationComponent" Name="Transformation">
            <PROPERTY Class="Point3" Name="Translation">1149.9422607421875000, 2169.4296875000000000, 389.6207275390625000</PROPERTY>
            <PROPERTY Class="Matrix3" Name="Rotation">
                <ROW>0.8073795437812805, -0.2576732933521271, -0.5307944416999817</ROW>
                <ROW>0.0296224132180214, 0.9161695241928101, -0.3996948003768921</ROW>
                <ROW>0.5892884731292725, 0.3069820106029511, 0.7473294138908386</ROW>
            </PROPERTY>
            <PROPERTY Class="Float" Name="Scale">2.9150602817535400</PROPERTY>
        </COMPONENT>
        <COMPONENT LinkID="53" Class="NiSceneGraphComponent" Name="Scene Graph" MasterLinkID="9" />
        <ENTITY LinkID="54" Class="NiGeneralEntity" Name="Nature_FireCrystal1001_01 07" Type="Object" UsePhysX="FALSE" PostfixTexture="" Optimization="0" AlphaGroup="1" RandomAni="FALSE" TemplateID="86,4,2c,2c,52,69,18,45,b2,6,ef,ad,be,67,99,cb" MasterLinkID="7">
            <COMPONENT RefLinkID="55" />
            <COMPONENT RefLinkID="56" />
        </ENTITY>
        <COMPONENT LinkID="55" Class="NiTransformationComponent" Name="Transformation">
            <PROPERTY Class="Point3" Name="Translation">1154.0780029296875000, 2129.5314941406250000, 364.7656250000000000</PROPERTY>
            <PROPERTY Class="Matrix3" Name="Rotation">
                <ROW>-0.5209409594535828, -0.7584150433540344, 0.3916979432106018</ROW>
                <ROW>0.5887905359268189, -0.6515069007873535, -0.4783977568149567</ROW>
                <ROW>0.6180179119110107, -0.0185889527201653, 0.7859441637992859</ROW>
            </PROPERTY>
            <PROPERTY Class="Float" Name="Scale">2.9150602817535400</PROPERTY>
        </COMPONENT>
        <COMPONENT LinkID="56" Class="NiSceneGraphComponent" Name="Scene Graph" MasterLinkID="9" />
        <ENTITY LinkID="57" Class="NiGeneralEntity" Name="gate_next_base" Type="Trigger" UsePhysX="TRUE" PostfixTexture="" Optimization="0" AlphaGroup="5" RandomAni="FALSE" TemplateID="cc,68,ab,3d,80,d7,42,46,b5,a4,97,4d,ef,3d,b0,f3" Hidden="TRUE" MasterLinkID="58">
            <COMPONENT RefLinkID="62" />
            <COMPONENT RefLinkID="63" />
            <COMPONENT RefLinkID="64" />
        </ENTITY>
        <ENTITY LinkID="58" Class="NiGeneralEntity" Name="[General]Object.Kinematic55_noc_CylinderUP" TemplateID="cc,68,ab,3d,80,d7,42,46,b5,a4,97,4d,ef,3d,b0,f3">
            <COMPONENT RefLinkID="59" />
            <COMPONENT RefLinkID="60" />
            <COMPONENT RefLinkID="61" />
        </ENTITY>
        <COMPONENT LinkID="59" Class="NiTransformationComponent" Name="Transformation">
            <PROPERTY Class="Point3" Name="Translation">0.0000000000000000, 0.0000000000000000, 0.0000000000000000</PROPERTY>
            <PROPERTY Class="Matrix3" Name="Rotation">
                <ROW>1.0000000000000000, 0.0000000000000000, 0.0000000000000000</ROW>
                <ROW>0.0000000000000000, 1.0000000000000000, 0.0000000000000000</ROW>
                <ROW>0.0000000000000000, 0.0000000000000000, 1.0000000000000000</ROW>
            </PROPERTY>
            <PROPERTY Class="Float" Name="Scale">1.0000000000000000</PROPERTY>
        </COMPONENT>
        <COMPONENT LinkID="60" Class="NiSceneGraphComponent" Name="Scene Graph">
            <PROPERTY Class="String" Name="NIF File Path" Asset="TRUE">.\..\..\Palettes\Kinematic55_noc_CylinderUP.nif</PROPERTY>
        </COMPONENT>
        <COMPONENT LinkID="61" Class="NiGeneralComponent" Name="Hide Object" TemplateID="f6,46,16,db,61,92,23,47,b5,4a,da,2d,42,d7,85,b9">
            <PROPERTY Class="Float" Name="Alpha Value" SemanticType="Float" DisplayName="Alpha Value" Description="">0.4000000059604645</PROPERTY>
            <PROPERTY Class="Boolean" Name="Alpha Enable" SemanticType="Boolean" DisplayName="Alpha Enable" Description="">FALSE</PROPERTY>
            <PROPERTY Class="Boolean" Name="Hide Object" SemanticType="Boolean" DisplayName="Hide Object" Description="">FALSE</PROPERTY>
        </COMPONENT>
        <COMPONENT LinkID="62" Class="NiTransformationComponent" Name="Transformation">
            <PROPERTY Class="Point3" Name="Translation">1178.1972656250000000, 1048.8725585937500000, -88.0869216918945310</PROPERTY>
            <PROPERTY Class="Matrix3" Name="Rotation">
                <ROW>1.0000000000000000, 0.0000000000000000, 0.0000000000000000</ROW>
                <ROW>0.0000000000000000, 1.0000000000000000, 0.0000000000000000</ROW>
                <ROW>0.0000000000000000, 0.0000000000000000, 1.0000000000000000</ROW>
            </PROPERTY>
            <PROPERTY Class="Float" Name="Scale">1.0000000000000000</PROPERTY>
        </COMPONENT>
        <COMPONENT LinkID="63" Class="NiSceneGraphComponent" Name="Scene Graph" MasterLinkID="60" />
        <COMPONENT LinkID="64" Class="NiGeneralComponent" Name="Hide Object" TemplateID="f6,46,16,db,61,92,23,47,b5,4a,da,2d,42,d7,85,b9" MasterLinkID="61" />
        <ENTITY LinkID="65" Class="NiGeneralEntity" Name="Nature_MagmaMt_2001_01 01" Type="Object" UsePhysX="FALSE" PostfixTexture="" Optimization="0" AlphaGroup="0" RandomAni="FALSE" TemplateID="2f,c0,9b,a2,85,cd,86,44,9a,1b,f5,6a,a3,56,b8,18" MasterLinkID="66">
            <COMPONENT RefLinkID="69" />
            <COMPONENT RefLinkID="70" />
        </ENTITY>
        <ENTITY LinkID="66" Class="NiGeneralEntity" Name="[Object]Ground.Nature_MagmaMt_2001_01" TemplateID="2f,c0,9b,a2,85,cd,86,44,9a,1b,f5,6a,a3,56,b8,18">
            <COMPONENT RefLinkID="67" />
            <COMPONENT RefLinkID="68" />
        </ENTITY>
        <COMPONENT LinkID="67" Class="NiTransformationComponent" Name="Transformation">
            <PROPERTY Class="Point3" Name="Translation">0.0000000000000000, 0.0000000000000000, 0.0000000000000000</PROPERTY>
            <PROPERTY Class="Matrix3" Name="Rotation">
                <ROW>1.0000000000000000, 0.0000000000000000, 0.0000000000000000</ROW>
                <ROW>0.0000000000000000, 1.0000000000000000, 0.0000000000000000</ROW>
                <ROW>0.0000000000000000, 0.0000000000000000, 1.0000000000000000</ROW>
            </PROPERTY>
            <PROPERTY Class="Float" Name="Scale">1.0000000000000000</PROPERTY>
        </COMPONENT>
        <COMPONENT LinkID="68" Class="NiSceneGraphComponent" Name="Scene Graph">
            <PROPERTY Class="String" Name="NIF File Path" Asset="TRUE">.\..\..\00_Object\Ground\Nature_MagmaMt_2001_01.nif</PROPERTY>
        </COMPONENT>
        <COMPONENT LinkID="69" Class="NiTransformationComponent" Name="Transformation">
            <PROPERTY Class="Point3" Name="Translation">1935.0208740234375000, 1026.9945068359375000, -299.0423278808593700</PROPERTY>
            <PROPERTY Class="Matrix3" Name="Rotation">
                <ROW>0.4604984819889069, -0.8876597881317139, 0.0011413361644372</ROW>
                <ROW>0.8876587748527527, 0.4604997336864471, 0.0013975098263472</ROW>
                <ROW>-0.0017660983139649, 0.0003695658815559, 0.9999983906745911</ROW>
            </PROPERTY>
            <PROPERTY Class="Float" Name="Scale">1.0000000000000000</PROPERTY>
        </COMPONENT>
        <COMPONENT LinkID="70" Class="NiSceneGraphComponent" Name="Scene Graph" MasterLinkID="68" />
        <ENTITY LinkID="71" Class="NiGeneralEntity" Name="Nature_Bgrass1001_01 112" Type="Object" UsePhysX="FALSE" PostfixTexture="" Optimization="0" AlphaGroup="1" RandomAni="FALSE" TemplateID="28,10,c0,3e,ba,5b,af,45,80,40,10,bb,37,14,95,86" MasterLinkID="72">
            <COMPONENT RefLinkID="76" />
            <COMPONENT RefLinkID="77" />
            <COMPONENT RefLinkID="78" />
        </ENTITY>
        <ENTITY LinkID="72" Class="NiGeneralEntity" Name="[Object]Grass.Nature_Bgrass1001_01" TemplateID="28,10,c0,3e,ba,5b,af,45,80,40,10,bb,37,14,95,86">
            <COMPONENT RefLinkID="73" />
            <COMPONENT RefLinkID="74" />
            <COMPONENT RefLinkID="75" />
        </ENTITY>
        <COMPONENT LinkID="73" Class="NiTransformationComponent" Name="Transformation">
            <PROPERTY Class="Point3" Name="Translation">0.0000000000000000, 0.0000000000000000, 0.0000000000000000</PROPERTY>
            <PROPERTY Class="Matrix3" Name="Rotation">
                <ROW>1.0000000000000000, 0.0000000000000000, 0.0000000000000000</ROW>
                <ROW>0.0000000000000000, 1.0000000000000000, 0.0000000000000000</ROW>
                <ROW>0.0000000000000000, 0.0000000000000000, 1.0000000000000000</ROW>
            </PROPERTY>
            <PROPERTY Class="Float" Name="Scale">1.0000000000000000</PROPERTY>
        </COMPONENT>
        <COMPONENT LinkID="74" Class="NiSceneGraphComponent" Name="Scene Graph">
            <PROPERTY Class="String" Name="NIF File Path" Asset="TRUE">.\..\..\00_Object\Grass\Nature_Bgrass1001_01.nif</PROPERTY>
        </COMPONENT>
        <COMPONENT LinkID="75" Class="NiGeneralComponent" Name="GlowMap" TemplateID="c,37,ef,c9,e6,13,8,4b,86,49,c3,29,48,1b,b2,c8">
            <PROPERTY Class="Boolean" Name="Enable" SemanticType="Boolean" DisplayName="Enable" Description="">TRUE</PROPERTY>
        </COMPONENT>
        <COMPONENT LinkID="76" Class="NiTransformationComponent" Name="Transformation">
            <PROPERTY Class="Point3" Name="Translation">762.4749755859375000, 1041.1691894531250000, -99.4207763671875000</PROPERTY>
            <PROPERTY Class="Matrix3" Name="Rotation">
                <ROW>0.8730022907257080, 0.4706424772739410, 0.1279155313968658</ROW>
                <ROW>-0.4684462845325470, 0.8821512460708618, -0.0486504919826984</ROW>
                <ROW>-0.1357378661632538, -0.0174495764076710, 0.9905911087989807</ROW>
            </PROPERTY>
            <PROPERTY Class="Float" Name="Scale">1.3000000715255737</PROPERTY>
        </COMPONENT>
        <COMPONENT LinkID="77" Class="NiSceneGraphComponent" Name="Scene Graph" MasterLinkID="74" />
        <COMPONENT LinkID="78" Class="NiGeneralComponent" Name="GlowMap" TemplateID="c,37,ef,c9,e6,13,8,4b,86,49,c3,29,48,1b,b2,c8" MasterLinkID="75" />
        <ENTITY LinkID="79" Class="NiGeneralEntity" Name="Art_SignStone4001_01 08" Type="Object" UsePhysX="FALSE" PostfixTexture="" Optimization="0" AlphaGroup="1" RandomAni="FALSE" TemplateID="b2,81,1f,a9,48,98,7d,4f,a2,b4,aa,eb,b0,17,cd,e9" MasterLinkID="80">
            <COMPONENT RefLinkID="84" />
            <COMPONENT RefLinkID="85" />
            <COMPONENT RefLinkID="86" />
        </ENTITY>
        <ENTITY LinkID="80" Class="NiGeneralEntity" Name="[Object]Stone.Art_SignStone4001_01" TemplateID="b2,81,1f,a9,48,98,7d,4f,a2,b4,aa,eb,b0,17,cd,e9">
            <COMPONENT RefLinkID="81" />
            <COMPONENT RefLinkID="82" />
            <COMPONENT RefLinkID="83" />
        </ENTITY>
        <COMPONENT LinkID="81" Class="NiTransformationComponent" Name="Transformation">
            <PROPERTY Class="Point3" Name="Translation">0.0000000000000000, 0.0000000000000000, 0.0000000000000000</PROPERTY>
            <PROPERTY Class="Matrix3" Name="Rotation">
                <ROW>1.0000000000000000, 0.0000000000000000, 0.0000000000000000</ROW>
                <ROW>0.0000000000000000, 1.0000000000000000, 0.0000000000000000</ROW>
                <ROW>0.0000000000000000, 0.0000000000000000, 1.0000000000000000</ROW>
            </PROPERTY>
            <PROPERTY Class="Float" Name="Scale">1.0000000000000000</PROPERTY>
        </COMPONENT>
        <COMPONENT LinkID="82" Class="NiSceneGraphComponent" Name="Scene Graph">
            <PROPERTY Class="String" Name="NIF File Path" Asset="TRUE">.\..\..\00_Object\Stone\Art_SignStone4001_01.nif</PROPERTY>
        </COMPONENT>
        <COMPONENT LinkID="83" Class="NiGeneralComponent" Name="Hide Object" TemplateID="f6,46,16,db,61,92,23,47,b5,4a,da,2d,42,d7,85,b9">
            <PROPERTY Class="Float" Name="Alpha Value" SemanticType="Float" DisplayName="Alpha Value" Description="">0.4000000059604645</PROPERTY>
            <PROPERTY Class="Boolean" Name="Alpha Enable" SemanticType="Boolean" DisplayName="Alpha Enable" Description="">FALSE</PROPERTY>
            <PROPERTY Class="Boolean" Name="Hide Object" SemanticType="Boolean" DisplayName="Hide Object" Description="">FALSE</PROPERTY>
        </COMPONENT>
        <COMPONENT LinkID="84" Class="NiTransformationComponent" Name="Transformation">
            <PROPERTY Class="Point3" Name="Translation">1385.1956787109375000, 922.3070068359375000, -124.4830856323242200</PROPERTY>
            <PROPERTY Class="Matrix3" Name="Rotation">
                <ROW>0.7625427246093750, 0.6316224932670593, 0.1399334520101547</ROW>
                <ROW>-0.6424113512039185, 0.7137396335601807, 0.2790754437446594</ROW>
                <ROW>0.0763943791389465, -0.3027018308639526, 0.9500186443328857</ROW>
            </PROPERTY>
            <PROPERTY Class="Float" Name="Scale">1.6318342685699463</PROPERTY>
        </COMPONENT>
        <COMPONENT LinkID="85" Class="NiSceneGraphComponent" Name="Scene Graph" MasterLinkID="82" />
        <COMPONENT LinkID="86" Class="NiGeneralComponent" Name="Hide Object" TemplateID="f6,46,16,db,61,92,23,47,b5,4a,da,2d,42,d7,85,b9" MasterLinkID="83" />
        <ENTITY LinkID="87" Class="NiGeneralEntity" Name="Nature_Bgrass1001_01 14" Type="Object" UsePhysX="FALSE" PostfixTexture="" Optimization="0" AlphaGroup="1" RandomAni="FALSE" TemplateID="28,10,c0,3e,ba,5b,af,45,80,40,10,bb,37,14,95,86" MasterLinkID="72">
            <COMPONENT RefLinkID="88" />
            <COMPONENT RefLinkID="89" />
            <COMPONENT RefLinkID="90" />
        </ENTITY>
        <COMPONENT LinkID="88" Class="NiTransformationComponent" Name="Transformation">
            <PROPERTY Class="Point3" Name="Translation">669.9932861328125000, 715.4685668945312500, -71.4097137451171870</PROPERTY>
            <PROPERTY Class="Matrix3" Name="Rotation">
                <ROW>0.7363530397415161, -0.6765974760055542, 0.0000000000000000</ROW>
                <ROW>0.6765974760055542, 0.7363530397415161, 0.0000000000000000</ROW>
                <ROW>0.0000000000000000, 0.0000000000000000, 1.0000000000000000</ROW>
            </PROPERTY>
            <PROPERTY Class="Float" Name="Scale">1.2304232120513916</PROPERTY>
        </COMPONENT>
        <COMPONENT LinkID="89" Class="NiSceneGraphComponent" Name="Scene Graph" MasterLinkID="74" />
        <COMPONENT LinkID="90" Class="NiGeneralComponent" Name="GlowMap" TemplateID="c,37,ef,c9,e6,13,8,4b,86,49,c3,29,48,1b,b2,c8" MasterLinkID="75" />
        <ENTITY LinkID="91" Class="NiGeneralEntity" Name="PE_GT_MAA3001_01 06" Type="Object" UsePhysX="TRUE" PostfixTexture="" Optimization="0" AlphaGroup="3" RandomAni="FALSE" TemplateID="dd,c1,be,47,96,ca,cc,41,9e,12,fb,37,eb,da,3c,a8" MasterLinkID="92">
            <COMPONENT RefLinkID="95" />
            <COMPONENT RefLinkID="96" />
        </ENTITY>
        <ENTITY LinkID="92" Class="NiGeneralEntity" Name="[Block]020100.PE_GT_MAA3001_01" TemplateID="dd,c1,be,47,96,ca,cc,41,9e,12,fb,37,eb,da,3c,a8">
            <COMPONENT RefLinkID="93" />
            <COMPONENT RefLinkID="94" />
        </ENTITY>
        <COMPONENT LinkID="93" Class="NiTransformationComponent" Name="Transformation">
            <PROPERTY Class="Point3" Name="Translation">0.0000000000000000, 0.0000000000000000, 0.0000000000000000</PROPERTY>
            <PROPERTY Class="Matrix3" Name="Rotation">
                <ROW>1.0000000000000000, 0.0000000000000000, 0.0000000000000000</ROW>
                <ROW>0.0000000000000000, 1.0000000000000000, 0.0000000000000000</ROW>
                <ROW>0.0000000000000000, 0.0000000000000000, 1.0000000000000000</ROW>
            </PROPERTY>
            <PROPERTY Class="Float" Name="Scale">1.0000000000000000</PROPERTY>
        </COMPONENT>
        <COMPONENT LinkID="94" Class="NiSceneGraphComponent" Name="Scene Graph">
            <PROPERTY Class="String" Name="NIF File Path" Asset="TRUE">.\..\02_Modeling\Block\020100\PE_GT_MAA3001_01.nif</PROPERTY>
        </COMPONENT>
        <COMPONENT LinkID="95" Class="NiTransformationComponent" Name="Transformation">
            <PROPERTY Class="Point3" Name="Translation">984.7461547851562500, 1047.7780761718750000, -266.4545593261718800</PROPERTY>
            <PROPERTY Class="Matrix3" Name="Rotation">
                <ROW>1.0000000000000000, 0.0000000000000000, 0.0000000000000000</ROW>
                <ROW>0.0000000000000000, 1.0000000000000000, 0.0000000000000000</ROW>
                <ROW>0.0000000000000000, 0.0000000000000000, 1.0000000000000000</ROW>
            </PROPERTY>
            <PROPERTY Class="Float" Name="Scale">1.5000000000000000</PROPERTY>
        </COMPONENT>
        <COMPONENT LinkID="96" Class="NiSceneGraphComponent" Name="Scene Graph" MasterLinkID="94" />
        <ENTITY LinkID="97" Class="NiGeneralEntity" Name="Nature_Bgrass1001_01 13" Type="Object" UsePhysX="FALSE" PostfixTexture="" Optimization="0" AlphaGroup="1" RandomAni="FALSE" TemplateID="28,10,c0,3e,ba,5b,af,45,80,40,10,bb,37,14,95,86" MasterLinkID="72">
            <COMPONENT RefLinkID="98" />
            <COMPONENT RefLinkID="99" />
            <COMPONENT RefLinkID="100" />
        </ENTITY>
        <COMPONENT LinkID="98" Class="NiTransformationComponent" Name="Transformation">
            <PROPERTY Class="Point3" Name="Translation">548.9393310546875000, 561.3567504882812500, -68.6356277465820310</PROPERTY>
            <PROPERTY Class="Matrix3" Name="Rotation">
                <ROW>0.7363530397415161, -0.6765974760055542, 0.0000000000000000</ROW>
                <ROW>0.6765974760055542, 0.7363530397415161, 0.0000000000000000</ROW>
                <ROW>0.0000000000000000, 0.0000000000000000, 1.0000000000000000</ROW>
            </PROPERTY>
            <PROPERTY Class="Float" Name="Scale">1.1962457895278931</PROPERTY>
        </COMPONENT>
        <COMPONENT LinkID="99" Class="NiSceneGraphComponent" Name="Scene Graph" MasterLinkID="74" />
        <COMPONENT LinkID="100" Class="NiGeneralComponent" Name="GlowMap" TemplateID="c,37,ef,c9,e6,13,8,4b,86,49,c3,29,48,1b,b2,c8" MasterLinkID="75" />
        <ENTITY LinkID="101" Class="NiGeneralEntity" Name="ChaosArea_Cliffs2002_01 02" Type="Object" UsePhysX="TRUE" PostfixTexture="" Optimization="0" AlphaGroup="1" RandomAni="FALSE" TemplateID="8b,9d,43,61,31,2a,91,4e,bf,7a,5c,e8,91,a0,da,91" MasterLinkID="102">
            <COMPONENT RefLinkID="105" />
            <COMPONENT RefLinkID="106" />
        </ENTITY>
        <ENTITY LinkID="102" Class="NiGeneralEntity" Name="[Object]Ground.ChaosArea_Cliffs2002_01" TemplateID="8b,9d,43,61,31,2a,91,4e,bf,7a,5c,e8,91,a0,da,91">
            <COMPONENT RefLinkID="103" />
            <COMPONENT RefLinkID="104" />
        </ENTITY>
        <COMPONENT LinkID="103" Class="NiTransformationComponent" Name="Transformation">
            <PROPERTY Class="Point3" Name="Translation">0.0000000000000000, 0.0000000000000000, 0.0000000000000000</PROPERTY>
            <PROPERTY Class="Matrix3" Name="Rotation">
                <ROW>1.0000000000000000, 0.0000000000000000, 0.0000000000000000</ROW>
                <ROW>0.0000000000000000, 1.0000000000000000, 0.0000000000000000</ROW>
                <ROW>0.0000000000000000, 0.0000000000000000, 1.0000000000000000</ROW>
            </PROPERTY>
            <PROPERTY Class="Float" Name="Scale">1.0000000000000000</PROPERTY>
        </COMPONENT>
        <COMPONENT LinkID="104" Class="NiSceneGraphComponent" Name="Scene Graph">
            <PROPERTY Class="String" Name="NIF File Path" Asset="TRUE">.\..\..\00_Object\Ground\ChaosArea_Cliffs2002_01.nif</PROPERTY>
        </COMPONENT>
        <COMPONENT LinkID="105" Class="NiTransformationComponent" Name="Transformation">
            <PROPERTY Class="Point3" Name="Translation">1733.7915039062500000, 1155.7248535156250000, -253.1629028320312500</PROPERTY>
