<?xml version="1.0" ?>
<GSA Major="1" Minor="0" Patch="0">
    <PALETTES_DIRECTORY>
        <PALETTE_DIR IDX="0" DIRECTORY=".\..\..\..\..\..\ToolBin\SceneDesigner\Release\Data\" />
        <PALETTE_DIR IDX="1" DIRECTORY=".\..\01_Level\..\..\Palettes\" />
        <PALETTE_DIR IDX="2" DIRECTORY=".\..\..\Palettes\" />
    </PALETTES_DIRECTORY>
    <PALETTES>
        <PALETTE NAME="Default" DIR_IDX="0" />
        <PALETTE NAME="General" DIR_IDX="1" />
        <PALETTE NAME="Block" DIR_IDX="1" />
        <PALETTE NAME="Object" DIR_IDX="1" />
        <PALETTE NAME="Effect" DIR_IDX="1" />
        <PALETTE NAME="Event" DIR_IDX="2" />
        <PALETTE NAME="Felloruss" DIR_IDX="2" />
    </PALETTES>
    <OBJECTS>
        <ENTITY LinkID="0" Class="NiGeneralEntity" Name="EF_LightingA_B 01" Type="Object" UsePhysX="FALSE" PostfixTexture="" Optimization="0" AlphaGroup="1" RandomAni="TRUE" TemplateID="80,f6,d4,68,87,d7,3e,48,ba,1,90,e4,e,66,8c,2b" MasterLinkID="1">
            <COMPONENT RefLinkID="4" />
            <COMPONENT RefLinkID="5" />
        </ENTITY>
        <ENTITY LinkID="1" Class="NiGeneralEntity" Name="[Effect]EF_LightingA_B" TemplateID="80,f6,d4,68,87,d7,3e,48,ba,1,90,e4,e,66,8c,2b">
            <COMPONENT RefLinkID="2" />
            <COMPONENT RefLinkID="3" />
        </ENTITY>
        <COMPONENT LinkID="2" Class="NiTransformationComponent" Name="Transformation">
            <PROPERTY Class="Point3" Name="Translation">0.0000000000000000, 0.0000000000000000, 0.0000000000000000</PROPERTY>
            <PROPERTY Class="Matrix3" Name="Rotation">
                <ROW>1.0000000000000000, 0.0000000000000000, 0.0000000000000000</ROW>
                <ROW>0.0000000000000000, 1.0000000000000000, 0.0000000000000000</ROW>
                <ROW>0.0000000000000000, 0.0000000000000000, 1.0000000000000000</ROW>
            </PROPERTY>
            <PROPERTY Class="Float" Name="Scale">1.0000000000000000</PROPERTY>
        </COMPONENT>
        <COMPONENT LinkID="3" Class="NiSceneGraphComponent" Name="Scene Graph">
            <PROPERTY Class="String" Name="NIF File Path" Asset="TRUE">.\..\..\..\5_Effect\3_World\EF_LightingA_B.nif</PROPERTY>
        </COMPONENT>
        <COMPONENT LinkID="4" Class="NiTransformationComponent" Name="Transformation">
            <PROPERTY Class="Point3" Name="Translation">2755.1230468750000000, 3336.3217773437500000, 515.3054199218750000</PROPERTY>
            <PROPERTY Class="Matrix3" Name="Rotation">
                <ROW>0.9396926760673523, 0.3420199155807495, 0.0000000000000000</ROW>
                <ROW>-0.3420199155807495, 0.9396926760673523, 0.0000000000000000</ROW>
                <ROW>0.0000000000000000, 0.0000000000000000, 1.0000000000000000</ROW>
            </PROPERTY>
            <PROPERTY Class="Float" Name="Scale">1.0000000000000000</PROPERTY>
        </COMPONENT>
        <COMPONENT LinkID="5" Class="NiSceneGraphComponent" Name="Scene Graph" MasterLinkID="3" />
        <ENTITY LinkID="6" Class="NiGeneralEntity" Name="Nature_Crysta3001_01 09" Type="Object" UsePhysX="FALSE" PostfixTexture="" Optimization="0" AlphaGroup="1" RandomAni="TRUE" TemplateID="98,82,c8,fa,f6,8e,bc,4d,bb,ba,5b,33,72,ac,45,59" MasterLinkID="7">
            <COMPONENT RefLinkID="12" />
            <COMPONENT RefLinkID="13" />
            <COMPONENT RefLinkID="14" />
            <COMPONENT RefLinkID="15" />
        </ENTITY>
        <ENTITY LinkID="7" Class="NiGeneralEntity" Name="[Object]Ground.Nature_Crysta3001_01" TemplateID="98,82,c8,fa,f6,8e,bc,4d,bb,ba,5b,33,72,ac,45,59">
            <COMPONENT RefLinkID="8" />
            <COMPONENT RefLinkID="9" />
            <COMPONENT RefLinkID="10" />
            <COMPONENT RefLinkID="11" />
        </ENTITY>
        <COMPONENT LinkID="8" Class="NiTransformationComponent" Name="Transformation">
            <PROPERTY Class="Point3" Name="Translation">0.0000000000000000, 0.0000000000000000, 0.0000000000000000</PROPERTY>
            <PROPERTY Class="Matrix3" Name="Rotation">
                <ROW>1.0000000000000000, 0.0000000000000000, 0.0000000000000000</ROW>
                <ROW>0.0000000000000000, 1.0000000000000000, 0.0000000000000000</ROW>
                <ROW>0.0000000000000000, 0.0000000000000000, 1.0000000000000000</ROW>
            </PROPERTY>
            <PROPERTY Class="Float" Name="Scale">1.0000000000000000</PROPERTY>
        </COMPONENT>
        <COMPONENT LinkID="9" Class="NiSceneGraphComponent" Name="Scene Graph">
            <PROPERTY Class="String" Name="NIF File Path" Asset="TRUE">.\..\..\00_Object\Ground\Nature_Crysta3001_01.nif</PROPERTY>
        </COMPONENT>
        <COMPONENT LinkID="10" Class="NiGeneralComponent" Name="Hide Object" TemplateID="f6,46,16,db,61,92,23,47,b5,4a,da,2d,42,d7,85,b9">
            <PROPERTY Class="Float" Name="Alpha Value" SemanticType="Float" DisplayName="Alpha Value" Description="">0.4000000059604645</PROPERTY>
            <PROPERTY Class="Boolean" Name="Alpha Enable" SemanticType="Boolean" DisplayName="Alpha Enable" Description="">FALSE</PROPERTY>
            <PROPERTY Class="Boolean" Name="Hide Object" SemanticType="Boolean" DisplayName="Hide Object" Description="">FALSE</PROPERTY>
        </COMPONENT>
        <COMPONENT LinkID="11" Class="NiGeneralComponent" Name="GlowMap" TemplateID="c,37,ef,c9,e6,13,8,4b,86,49,c3,29,48,1b,b2,c8">
            <PROPERTY Class="Boolean" Name="Enable" SemanticType="Boolean" DisplayName="Enable" Description="">FALSE</PROPERTY>
        </COMPONENT>
        <COMPONENT LinkID="12" Class="NiTransformationComponent" Name="Transformation">
            <PROPERTY Class="Point3" Name="Translation">646.4384765625000000, -1042.3900146484375000, 346.3096923828125000</PROPERTY>
            <PROPERTY Class="Matrix3" Name="Rotation">
                <ROW>0.8407084941864014, 0.5258783698081970, 0.1290788650512695</ROW>
                <ROW>-0.5382651090621948, 0.8375830650329590, 0.0934110581874847</ROW>
                <ROW>-0.0589914023876190, -0.1480101197957993, 0.9872249364852905</ROW>
            </PROPERTY>
            <PROPERTY Class="Float" Name="Scale">0.3071883618831635</PROPERTY>
        </COMPONENT>
        <COMPONENT LinkID="13" Class="NiSceneGraphComponent" Name="Scene Graph" MasterLinkID="9" />
        <COMPONENT LinkID="14" Class="NiGeneralComponent" Name="Hide Object" TemplateID="f6,46,16,db,61,92,23,47,b5,4a,da,2d,42,d7,85,b9" MasterLinkID="10" />
        <COMPONENT LinkID="15" Class="NiGeneralComponent" Name="GlowMap" TemplateID="c,37,ef,c9,e6,13,8,4b,86,49,c3,29,48,1b,b2,c8" MasterLinkID="11" />
        <ENTITY LinkID="16" Class="NiGeneralEntity" Name="Nature_Crysta3001_01 42" Type="Object" UsePhysX="FALSE" PostfixTexture="" Optimization="0" AlphaGroup="1" RandomAni="TRUE" TemplateID="98,82,c8,fa,f6,8e,bc,4d,bb,ba,5b,33,72,ac,45,59" MasterLinkID="7">
            <COMPONENT RefLinkID="17" />
            <COMPONENT RefLinkID="18" />
            <COMPONENT RefLinkID="19" />
            <COMPONENT RefLinkID="20" />
        </ENTITY>
        <COMPONENT LinkID="17" Class="NiTransformationComponent" Name="Transformation">
            <PROPERTY Class="Point3" Name="Translation">-200.4947052001953100, -1252.8153076171875000, 341.2039794921875000</PROPERTY>
            <PROPERTY Class="Matrix3" Name="Rotation">
                <ROW>0.8720283508300781, -0.4278967380523682, 0.2376364618539810</ROW>
                <ROW>0.4362998306751251, 0.8996046781539917, 0.0188190340995789</ROW>
                <ROW>-0.2218314260244370, 0.0872700512409210, 0.9711720347404480</ROW>
            </PROPERTY>
            <PROPERTY Class="Float" Name="Scale">0.3371315896511078</PROPERTY>
        </COMPONENT>
        <COMPONENT LinkID="18" Class="NiSceneGraphComponent" Name="Scene Graph" MasterLinkID="9" />
        <COMPONENT LinkID="19" Class="NiGeneralComponent" Name="Hide Object" TemplateID="f6,46,16,db,61,92,23,47,b5,4a,da,2d,42,d7,85,b9" MasterLinkID="10" />
        <COMPONENT LinkID="20" Class="NiGeneralComponent" Name="GlowMap" TemplateID="c,37,ef,c9,e6,13,8,4b,86,49,c3,29,48,1b,b2,c8" MasterLinkID="11" />
        <ENTITY LinkID="21" Class="NiGeneralEntity" Name="Nature_Crysta3001_01 29" Type="Object" UsePhysX="FALSE" PostfixTexture="" Optimization="0" AlphaGroup="1" RandomAni="TRUE" TemplateID="98,82,c8,fa,f6,8e,bc,4d,bb,ba,5b,33,72,ac,45,59" MasterLinkID="7">
            <COMPONENT RefLinkID="22" />
            <COMPONENT RefLinkID="23" />
            <COMPONENT RefLinkID="24" />
            <COMPONENT RefLinkID="25" />
        </ENTITY>
        <COMPONENT LinkID="22" Class="NiTransformationComponent" Name="Transformation">
            <PROPERTY Class="Point3" Name="Translation">41.6974029541015630, -1117.1625976562500000, 342.0108337402343700</PROPERTY>
            <PROPERTY Class="Matrix3" Name="Rotation">
                <ROW>-0.9547290205955505, -0.2592476010322571, -0.1458873003721237</ROW>
                <ROW>0.1742950379848480, -0.8849198818206787, 0.4319007694721222</ROW>
                <ROW>-0.2410677671432495, 0.3869208395481110, 0.8900442123413086</ROW>
            </PROPERTY>
            <PROPERTY Class="Float" Name="Scale">0.3176449239253998</PROPERTY>
        </COMPONENT>
        <COMPONENT LinkID="23" Class="NiSceneGraphComponent" Name="Scene Graph" MasterLinkID="9" />
        <COMPONENT LinkID="24" Class="NiGeneralComponent" Name="Hide Object" TemplateID="f6,46,16,db,61,92,23,47,b5,4a,da,2d,42,d7,85,b9" MasterLinkID="10" />
        <COMPONENT LinkID="25" Class="NiGeneralComponent" Name="GlowMap" TemplateID="c,37,ef,c9,e6,13,8,4b,86,49,c3,29,48,1b,b2,c8" MasterLinkID="11" />
        <ENTITY LinkID="26" Class="NiGeneralEntity" Name="Art_FlowerLamp1001_01 03" Type="Object" UsePhysX="FALSE" PostfixTexture="" Optimization="0" AlphaGroup="1" RandomAni="TRUE" TemplateID="f2,9f,a8,bb,ba,cb,eb,4d,8d,b8,50,ad,ed,6f,d2,8c" MasterLinkID="27">
            <COMPONENT RefLinkID="31" />
            <COMPONENT RefLinkID="32" />
            <COMPONENT RefLinkID="33" />
        </ENTITY>
        <ENTITY LinkID="27" Class="NiGeneralEntity" Name="[Object]Flower.Art_FlowerLamp1001_01" TemplateID="32,3a,ea,2e,73,d8,c0,47,91,8c,a6,f9,bc,aa,fe,d2">
            <COMPONENT RefLinkID="28" />
            <COMPONENT RefLinkID="29" />
            <COMPONENT RefLinkID="30" />
        </ENTITY>
        <COMPONENT LinkID="28" Class="NiTransformationComponent" Name="Transformation">
            <PROPERTY Class="Point3" Name="Translation">0.0000000000000000, 0.0000000000000000, 0.0000000000000000</PROPERTY>
            <PROPERTY Class="Matrix3" Name="Rotation">
                <ROW>1.0000000000000000, 0.0000000000000000, 0.0000000000000000</ROW>
                <ROW>0.0000000000000000, 1.0000000000000000, 0.0000000000000000</ROW>
                <ROW>0.0000000000000000, 0.0000000000000000, 1.0000000000000000</ROW>
            </PROPERTY>
            <PROPERTY Class="Float" Name="Scale">1.0000000000000000</PROPERTY>
        </COMPONENT>
        <COMPONENT LinkID="29" Class="NiSceneGraphComponent" Name="Scene Graph">
            <PROPERTY Class="String" Name="NIF File Path" Asset="TRUE">.\..\..\00_Object\Flower\Art_FlowerLamp1001_01.nif</PROPERTY>
        </COMPONENT>
        <COMPONENT LinkID="30" Class="NiGeneralComponent" Name="Hide Object" TemplateID="f6,46,16,db,61,92,23,47,b5,4a,da,2d,42,d7,85,b9">
            <PROPERTY Class="Float" Name="Alpha Value" SemanticType="Float" DisplayName="Alpha Value" Description="">0.4000000059604645</PROPERTY>
            <PROPERTY Class="Boolean" Name="Alpha Enable" SemanticType="Boolean" DisplayName="Alpha Enable" Description="">FALSE</PROPERTY>
            <PROPERTY Class="Boolean" Name="Hide Object" SemanticType="Boolean" DisplayName="Hide Object" Description="">FALSE</PROPERTY>
        </COMPONENT>
        <COMPONENT LinkID="31" Class="NiTransformationComponent" Name="Transformation">
            <PROPERTY Class="Point3" Name="Translation">66.0388641357421880, -1858.6757812500000000, 84.7640228271484380</PROPERTY>
            <PROPERTY Class="Matrix3" Name="Rotation">
                <ROW>0.9563099741935730, -0.2505947947502136, 0.1505770385265350</ROW>
                <ROW>0.2923545837402344, 0.8197111487388611, -0.4925468266010284</ROW>
                <ROW>0.0000000000000000, 0.5150493383407593, 0.8571605086326599</ROW>
            </PROPERTY>
            <PROPERTY Class="Float" Name="Scale">1.7326600551605225</PROPERTY>
        </COMPONENT>
        <COMPONENT LinkID="32" Class="NiSceneGraphComponent" Name="Scene Graph" MasterLinkID="29" />
        <COMPONENT LinkID="33" Class="NiGeneralComponent" Name="Hide Object" TemplateID="f6,46,16,db,61,92,23,47,b5,4a,da,2d,42,d7,85,b9" MasterLinkID="30" />
        <ENTITY LinkID="34" Class="NiGeneralEntity" Name="Art_WoodenImage1001_01 02_i" Type="Object" UsePhysX="FALSE" PostfixTexture="" Optimization="0" AlphaGroup="1" RandomAni="TRUE" TemplateID="19,1b,e5,6c,1d,f5,9c,47,af,7,d5,44,97,a1,2e,70" MasterLinkID="35">
            <COMPONENT RefLinkID="40" />
            <COMPONENT RefLinkID="41" />
            <COMPONENT RefLinkID="42" />
            <COMPONENT RefLinkID="43" />
        </ENTITY>
        <ENTITY LinkID="35" Class="NiGeneralEntity" Name="[Object]Statue.Art_WoodenImage1001_01" TemplateID="19,1b,e5,6c,1d,f5,9c,47,af,7,d5,44,97,a1,2e,70">
            <COMPONENT RefLinkID="36" />
            <COMPONENT RefLinkID="37" />
            <COMPONENT RefLinkID="38" />
            <COMPONENT RefLinkID="39" />
        </ENTITY>
        <COMPONENT LinkID="36" Class="NiTransformationComponent" Name="Transformation">
            <PROPERTY Class="Point3" Name="Translation">0.0000000000000000, 0.0000000000000000, 0.0000000000000000</PROPERTY>
            <PROPERTY Class="Matrix3" Name="Rotation">
                <ROW>1.0000000000000000, 0.0000000000000000, 0.0000000000000000</ROW>
                <ROW>0.0000000000000000, 1.0000000000000000, 0.0000000000000000</ROW>
                <ROW>0.0000000000000000, 0.0000000000000000, 1.0000000000000000</ROW>
            </PROPERTY>
            <PROPERTY Class="Float" Name="Scale">1.0000000000000000</PROPERTY>
        </COMPONENT>
        <COMPONENT LinkID="37" Class="NiSceneGraphComponent" Name="Scene Graph">
            <PROPERTY Class="String" Name="NIF File Path" Asset="TRUE">.\..\..\00_Object\Statue\Art_WoodenImage1001_01.nif</PROPERTY>
        </COMPONENT>
        <COMPONENT LinkID="38" Class="NiGeneralComponent" Name="Hide Object" TemplateID="f6,46,16,db,61,92,23,47,b5,4a,da,2d,42,d7,85,b9">
            <PROPERTY Class="Float" Name="Alpha Value" SemanticType="Float" DisplayName="Alpha Value" Description="">0.4000000059604645</PROPERTY>
            <PROPERTY Class="Boolean" Name="Alpha Enable" SemanticType="Boolean" DisplayName="Alpha Enable" Description="">FALSE</PROPERTY>
            <PROPERTY Class="Boolean" Name="Hide Object" SemanticType="Boolean" DisplayName="Hide Object" Description="">FALSE</PROPERTY>
        </COMPONENT>
        <COMPONENT LinkID="39" Class="NiGeneralComponent" Name="GlowMap" TemplateID="c,37,ef,c9,e6,13,8,4b,86,49,c3,29,48,1b,b2,c8">
            <PROPERTY Class="Boolean" Name="Enable" SemanticType="Boolean" DisplayName="Enable" Description="">TRUE</PROPERTY>
        </COMPONENT>
        <COMPONENT LinkID="40" Class="NiTransformationComponent" Name="Transformation">
            <PROPERTY Class="Point3" Name="Translation">1202.5844726562500000, -1367.6065673828125000, 340.4585266113281200</PROPERTY>
            <PROPERTY Class="Matrix3" Name="Rotation">
                <ROW>0.9999794960021973, -0.0064049959182739, 0.0000000000000000</ROW>
                <ROW>0.0064049959182739, 0.9999794960021973, 0.0000000000000000</ROW>
                <ROW>0.0000000000000000, 0.0000000000000000, 1.0000000000000000</ROW>
            </PROPERTY>
            <PROPERTY Class="Float" Name="Scale">1.0000000000000000</PROPERTY>
        </COMPONENT>
        <COMPONENT LinkID="41" Class="NiSceneGraphComponent" Name="Scene Graph" MasterLinkID="37" />
        <COMPONENT LinkID="42" Class="NiGeneralComponent" Name="Hide Object" TemplateID="f6,46,16,db,61,92,23,47,b5,4a,da,2d,42,d7,85,b9" MasterLinkID="38" />
        <COMPONENT LinkID="43" Class="NiGeneralComponent" Name="GlowMap" TemplateID="c,37,ef,c9,e6,13,8,4b,86,49,c3,29,48,1b,b2,c8" MasterLinkID="39" />
        <ENTITY LinkID="44" Class="NiGeneralEntity" Name="EF_Lighting_B 01" Type="Object" UsePhysX="FALSE" PostfixTexture="" Optimization="0" AlphaGroup="1" RandomAni="TRUE" TemplateID="f5,12,f1,99,cf,3c,e1,49,8c,1a,6c,bd,19,39,67,1f" MasterLinkID="45">
            <COMPONENT RefLinkID="48" />
            <COMPONENT RefLinkID="49" />
        </ENTITY>
        <ENTITY LinkID="45" Class="NiGeneralEntity" Name="[Effect]EF_Lighting_B" TemplateID="f5,12,f1,99,cf,3c,e1,49,8c,1a,6c,bd,19,39,67,1f">
            <COMPONENT RefLinkID="46" />
            <COMPONENT RefLinkID="47" />
        </ENTITY>
        <COMPONENT LinkID="46" Class="NiTransformationComponent" Name="Transformation">
            <PROPERTY Class="Point3" Name="Translation">0.0000000000000000, 0.0000000000000000, 0.0000000000000000</PROPERTY>
            <PROPERTY Class="Matrix3" Name="Rotation">
                <ROW>1.0000000000000000, 0.0000000000000000, 0.0000000000000000</ROW>
                <ROW>0.0000000000000000, 1.0000000000000000, 0.0000000000000000</ROW>
                <ROW>0.0000000000000000, 0.0000000000000000, 1.0000000000000000</ROW>
            </PROPERTY>
            <PROPERTY Class="Float" Name="Scale">1.0000000000000000</PROPERTY>
        </COMPONENT>
        <COMPONENT LinkID="47" Class="NiSceneGraphComponent" Name="Scene Graph">
            <PROPERTY Class="String" Name="NIF File Path" Asset="TRUE">.\..\..\..\5_Effect\3_World\EF_Lighting_B.nif</PROPERTY>
        </COMPONENT>
        <COMPONENT LinkID="48" Class="NiTransformationComponent" Name="Transformation">
            <PROPERTY Class="Point3" Name="Translation">2751.2180175781250000, 3335.0031738281250000, 528.7946777343750000</PROPERTY>
            <PROPERTY Class="Matrix3" Name="Rotation">
                <ROW>1.0000000000000000, 0.0000000000000000, 0.0000000000000000</ROW>
                <ROW>0.0000000000000000, 1.0000000000000000, 0.0000000000000000</ROW>
                <ROW>0.0000000000000000, 0.0000000000000000, 1.0000000000000000</ROW>
            </PROPERTY>
            <PROPERTY Class="Float" Name="Scale">1.3635315895080566</PROPERTY>
        </COMPONENT>
        <COMPONENT LinkID="49" Class="NiSceneGraphComponent" Name="Scene Graph" MasterLinkID="47" />
        <ENTITY LinkID="50" Class="NiGeneralEntity" Name="Art_FlowerLamp1002_01 05" Type="Object" UsePhysX="FALSE" PostfixTexture="" Optimization="0" AlphaGroup="1" RandomAni="TRUE" TemplateID="2,8a,ea,7,dd,ce,b1,4b,bc,f3,29,bd,b5,f7,a1,a0" MasterLinkID="51">
            <COMPONENT RefLinkID="55" />
            <COMPONENT RefLinkID="56" />
            <COMPONENT RefLinkID="57" />
        </ENTITY>
        <ENTITY LinkID="51" Class="NiGeneralEntity" Name="[Object]Flower.Art_FlowerLamp1002_01" TemplateID="3d,3d,1f,2b,be,56,9a,42,8d,c7,8,7a,d3,9,fb,9f">
            <COMPONENT RefLinkID="52" />
            <COMPONENT RefLinkID="53" />
            <COMPONENT RefLinkID="54" />
        </ENTITY>
        <COMPONENT LinkID="52" Class="NiTransformationComponent" Name="Transformation">
            <PROPERTY Class="Point3" Name="Translation">0.0000000000000000, 0.0000000000000000, 0.0000000000000000</PROPERTY>
            <PROPERTY Class="Matrix3" Name="Rotation">
                <ROW>1.0000000000000000, 0.0000000000000000, 0.0000000000000000</ROW>
                <ROW>0.0000000000000000, 1.0000000000000000, 0.0000000000000000</ROW>
                <ROW>0.0000000000000000, 0.0000000000000000, 1.0000000000000000</ROW>
            </PROPERTY>
            <PROPERTY Class="Float" Name="Scale">1.0000000000000000</PROPERTY>
        </COMPONENT>
        <COMPONENT LinkID="53" Class="NiSceneGraphComponent" Name="Scene Graph">
            <PROPERTY Class="String" Name="NIF File Path" Asset="TRUE">.\..\..\00_Object\Flower\Art_FlowerLamp1002_01.nif</PROPERTY>
        </COMPONENT>
        <COMPONENT LinkID="54" Class="NiGeneralComponent" Name="Hide Object" TemplateID="f6,46,16,db,61,92,23,47,b5,4a,da,2d,42,d7,85,b9">
            <PROPERTY Class="Float" Name="Alpha Value" SemanticType="Float" DisplayName="Alpha Value" Description="">0.4000000059604645</PROPERTY>
            <PROPERTY Class="Boolean" Name="Alpha Enable" SemanticType="Boolean" DisplayName="Alpha Enable" Description="">FALSE</PROPERTY>
            <PROPERTY Class="Boolean" Name="Hide Object" SemanticType="Boolean" DisplayName="Hide Object" Description="">FALSE</PROPERTY>
        </COMPONENT>
        <COMPONENT LinkID="55" Class="NiTransformationComponent" Name="Transformation">
            <PROPERTY Class="Point3" Name="Translation">541.0383300781250000, -1974.5364990234375000, 84.7627792358398440</PROPERTY>
            <PROPERTY Class="Matrix3" Name="Rotation">
                <ROW>-0.2150782942771912, 0.9681362509727478, -0.1282715350389481</ROW>
                <ROW>-0.8825732469558716, -0.2489185929298401, -0.3988783359527588</ROW>
                <ROW>-0.4180977344512940, 0.0274189524352551, 0.9079881310462952</ROW>
            </PROPERTY>
            <PROPERTY Class="Float" Name="Scale">1.0000000000000000</PROPERTY>
        </COMPONENT>
        <COMPONENT LinkID="56" Class="NiSceneGraphComponent" Name="Scene Graph" MasterLinkID="53" />
        <COMPONENT LinkID="57" Class="NiGeneralComponent" Name="Hide Object" TemplateID="f6,46,16,db,61,92,23,47,b5,4a,da,2d,42,d7,85,b9" MasterLinkID="54" />
        <ENTITY LinkID="58" Class="NiGeneralEntity" Name="CA_GOD_P_M_M_FishBG 09" Type="Object" UsePhysX="TRUE" PostfixTexture="" Optimization="0" AlphaGroup="1" RandomAni="TRUE" TemplateID="fd,36,db,a3,1a,77,fc,49,87,b3,f5,3e,fe,6,d7,c5" MasterLinkID="59">
            <COMPONENT RefLinkID="63" />
            <COMPONENT RefLinkID="64" />
            <COMPONENT RefLinkID="65" />
        </ENTITY>
        <ENTITY LinkID="59" Class="NiGeneralEntity" Name="[Object]Statue.CA_GOD_P_M_M_FishBG" TemplateID="fd,36,db,a3,1a,77,fc,49,87,b3,f5,3e,fe,6,d7,c5">
            <COMPONENT RefLinkID="60" />
            <COMPONENT RefLinkID="61" />
            <COMPONENT RefLinkID="62" />
        </ENTITY>
        <COMPONENT LinkID="60" Class="NiTransformationComponent" Name="Transformation">
            <PROPERTY Class="Point3" Name="Translation">0.0000000000000000, 0.0000000000000000, 0.0000000000000000</PROPERTY>
            <PROPERTY Class="Matrix3" Name="Rotation">
                <ROW>1.0000000000000000, 0.0000000000000000, 0.0000000000000000</ROW>
                <ROW>0.0000000000000000, 1.0000000000000000, 0.0000000000000000</ROW>
                <ROW>0.0000000000000000, 0.0000000000000000, 1.0000000000000000</ROW>
            </PROPERTY>
            <PROPERTY Class="Float" Name="Scale">1.0000000000000000</PROPERTY>
        </COMPONENT>
        <COMPONENT LinkID="61" Class="NiSceneGraphComponent" Name="Scene Graph">
            <PROPERTY Class="String" Name="NIF File Path" Asset="TRUE">.\..\..\00_Object\Statue\CA_GOD_P_M_M_FishBG.nif</PROPERTY>
        </COMPONENT>
        <COMPONENT LinkID="62" Class="NiGeneralComponent" Name="Hide Object" TemplateID="f6,46,16,db,61,92,23,47,b5,4a,da,2d,42,d7,85,b9">
            <PROPERTY Class="Float" Name="Alpha Value" SemanticType="Float" DisplayName="Alpha Value" Description="">0.4000000059604645</PROPERTY>
            <PROPERTY Class="Boolean" Name="Alpha Enable" SemanticType="Boolean" DisplayName="Alpha Enable" Description="">FALSE</PROPERTY>
            <PROPERTY Class="Boolean" Name="Hide Object" SemanticType="Boolean" DisplayName="Hide Object" Description="">FALSE</PROPERTY>
        </COMPONENT>
        <COMPONENT LinkID="63" Class="NiTransformationComponent" Name="Transformation">
            <PROPERTY Class="Point3" Name="Translation">1703.0120849609375000, -1257.6638183593750000, 0.0495853424072266</PROPERTY>
            <PROPERTY Class="Matrix3" Name="Rotation">
                <ROW>0.6163115501403809, 0.7352868318557739, 0.2819811105728149</ROW>
                <ROW>-0.7707951068878174, 0.6366043686866760, 0.0246941670775414</ROW>
                <ROW>-0.1613531261682510, -0.2325690239667893, 0.9591019153594971</ROW>
            </PROPERTY>
            <PROPERTY Class="Float" Name="Scale">1.0988451242446899</PROPERTY>
        </COMPONENT>
        <COMPONENT LinkID="64" Class="NiSceneGraphComponent" Name="Scene Graph" MasterLinkID="61">
            <PROPERTY Class="String" Name="NIF File Path" Asset="TRUE">.\..\..\00_Object\Statue\CA_GOD_P_M_M_FishBG.nif</PROPERTY>
        </COMPONENT>
        <COMPONENT LinkID="65" Class="NiGeneralComponent" Name="Hide Object" TemplateID="f6,46,16,db,61,92,23,47,b5,4a,da,2d,42,d7,85,b9" MasterLinkID="62" />
        <ENTITY LinkID="66" Class="NiGeneralEntity" Name="Nature_GrassA1001_01 95" Type="Object" UsePhysX="FALSE" PostfixTexture="" Optimization="0" AlphaGroup="1" RandomAni="TRUE" TemplateID="91,85,e1,c6,81,e1,fa,4e,b0,26,99,d8,66,e1,9f,a9" MasterLinkID="67">
            <COMPONENT RefLinkID="70" />
            <COMPONENT RefLinkID="71" />
        </ENTITY>
        <ENTITY LinkID="67" Class="NiGeneralEntity" Name="[Object]Grass.Nature_GrassA1001_01" TemplateID="91,85,e1,c6,81,e1,fa,4e,b0,26,99,d8,66,e1,9f,a9">
            <COMPONENT RefLinkID="68" />
            <COMPONENT RefLinkID="69" />
        </ENTITY>
        <COMPONENT LinkID="68" Class="NiTransformationComponent" Name="Transformation">
            <PROPERTY Class="Point3" Name="Translation">0.0000000000000000, 0.0000000000000000, 0.0000000000000000</PROPERTY>
            <PROPERTY Class="Matrix3" Name="Rotation">
                <ROW>1.0000000000000000, 0.0000000000000000, 0.0000000000000000</ROW>
                <ROW>0.0000000000000000, 1.0000000000000000, 0.0000000000000000</ROW>
                <ROW>0.0000000000000000, 0.0000000000000000, 1.0000000000000000</ROW>
            </PROPERTY>
            <PROPERTY Class="Float" Name="Scale">1.0000000000000000</PROPERTY>
        </COMPONENT>
        <COMPONENT LinkID="69" Class="NiSceneGraphComponent" Name="Scene Graph">
            <PROPERTY Class="String" Name="NIF File Path" Asset="TRUE">.\..\..\00_Object\Grass\Nature_GrassA1001_01.nif</PROPERTY>
        </COMPONENT>
        <COMPONENT LinkID="70" Class="NiTransformationComponent" Name="Transformation">
            <PROPERTY Class="Point3" Name="Translation">1507.1635742187500000, -1895.1168212890625000, 235.1172943115234400</PROPERTY>
            <PROPERTY Class="Matrix3" Name="Rotation">
                <ROW>0.9990858435630798, -0.0427468568086624, 0.0000000000000000</ROW>
                <ROW>0.0427468568086624, 0.9990858435630798, 0.0000000000000000</ROW>
                <ROW>0.0000000000000000, 0.0000000000000000, 1.0000000000000000</ROW>
            </PROPERTY>
            <PROPERTY Class="Float" Name="Scale">1.5000000000000000</PROPERTY>
        </COMPONENT>
        <COMPONENT LinkID="71" Class="NiSceneGraphComponent" Name="Scene Graph" MasterLinkID="69" />
        <ENTITY LinkID="72" Class="NiGeneralEntity" Name="Nature_Grass4001_01 60" Type="Object" UsePhysX="FALSE" PostfixTexture="" Optimization="0" AlphaGroup="1" RandomAni="FALSE" TemplateID="96,bd,e4,e7,da,bb,3e,4d,98,9d,ac,1f,5f,92,d8,bf" MasterLinkID="73">
            <COMPONENT RefLinkID="76" />
            <COMPONENT RefLinkID="77" />
        </ENTITY>
        <ENTITY LinkID="73" Class="NiGeneralEntity" Name="[Object]Grass.Nature_Grass4001_01" TemplateID="96,bd,e4,e7,da,bb,3e,4d,98,9d,ac,1f,5f,92,d8,bf">
            <COMPONENT RefLinkID="74" />
            <COMPONENT RefLinkID="75" />
        </ENTITY>
        <COMPONENT LinkID="74" Class="NiTransformationComponent" Name="Transformation">
            <PROPERTY Class="Point3" Name="Translation">0.0000000000000000, 0.0000000000000000, 0.0000000000000000</PROPERTY>
            <PROPERTY Class="Matrix3" Name="Rotation">
                <ROW>1.0000000000000000, 0.0000000000000000, 0.0000000000000000</ROW>
                <ROW>0.0000000000000000, 1.0000000000000000, 0.0000000000000000</ROW>
                <ROW>0.0000000000000000, 0.0000000000000000, 1.0000000000000000</ROW>
            </PROPERTY>
            <PROPERTY Class="Float" Name="Scale">1.0000000000000000</PROPERTY>
        </COMPONENT>
        <COMPONENT LinkID="75" Class="NiSceneGraphComponent" Name="Scene Graph">
            <PROPERTY Class="String" Name="NIF File Path" Asset="TRUE">.\..\..\00_Object\Grass\Nature_Grass4001_01.nif</PROPERTY>
        </COMPONENT>
        <COMPONENT LinkID="76" Class="NiTransformationComponent" Name="Transformation">
            <PROPERTY Class="Point3" Name="Translation">1245.5400390625000000, -1841.9014892578125000, 226.1838226318359400</PROPERTY>
            <PROPERTY Class="Matrix3" Name="Rotation">
                <ROW>0.9792534112930298, 0.2026398777961731, 0.0000000000000000</ROW>
                <ROW>-0.2026398777961731, 0.9792534112930298, 0.0000000000000000</ROW>
                <ROW>0.0000000000000000, 0.0000000000000000, 1.0000000000000000</ROW>
            </PROPERTY>
            <PROPERTY Class="Float" Name="Scale">0.8000000119209290</PROPERTY>
        </COMPONENT>
        <COMPONENT LinkID="77" Class="NiSceneGraphComponent" Name="Scene Graph" MasterLinkID="75" />
        <ENTITY LinkID="78" Class="NiGeneralEntity" Name="Nature_GrassA1001_01 94" Type="Object" UsePhysX="FALSE" PostfixTexture="" Optimization="1" AlphaGroup="1" RandomAni="TRUE" TemplateID="91,85,e1,c6,81,e1,fa,4e,b0,26,99,d8,66,e1,9f,a9" MasterLinkID="67">
            <COMPONENT RefLinkID="79" />
            <COMPONENT RefLinkID="80" />
        </ENTITY>
        <COMPONENT LinkID="79" Class="NiTransformationComponent" Name="Transformation">
            <PROPERTY Class="Point3" Name="Translation">1357.8842773437500000, -1878.6214599609375000, 236.7240447998046900</PROPERTY>
            <PROPERTY Class="Matrix3" Name="Rotation">
                <ROW>0.9855141639709473, 0.1695926785469055, 0.0000000000000000</ROW>
                <ROW>-0.1695926785469055, 0.9855141639709473, 0.0000000000000000</ROW>
                <ROW>0.0000000000000000, 0.0000000000000000, 1.0000000000000000</ROW>
            </PROPERTY>
            <PROPERTY Class="Float" Name="Scale">1.0000000000000000</PROPERTY>
        </COMPONENT>
        <COMPONENT LinkID="80" Class="NiSceneGraphComponent" Name="Scene Graph" MasterLinkID="69" />
        <ENTITY LinkID="81" Class="NiGeneralEntity" Name="Nature_Grass4001_01 59" Type="Object" UsePhysX="FALSE" PostfixTexture="" Optimization="0" AlphaGroup="1" RandomAni="FALSE" TemplateID="96,bd,e4,e7,da,bb,3e,4d,98,9d,ac,1f,5f,92,d8,bf" MasterLinkID="73">
            <COMPONENT RefLinkID="82" />
            <COMPONENT RefLinkID="83" />
        </ENTITY>
        <COMPONENT LinkID="82" Class="NiTransformationComponent" Name="Transformation">
            <PROPERTY Class="Point3" Name="Translation">1543.0169677734375000, -1782.1397705078125000, 338.9942016601562500</PROPERTY>
            <PROPERTY Class="Matrix3" Name="Rotation">
                <ROW>-0.9747447967529297, -0.2192546278238297, 0.0424262434244156</ROW>
                <ROW>0.2148002386093140, -0.9724552631378174, -0.0905077010393143</ROW>
                <ROW>0.0611018463969231, -0.0791087076067925, 0.9949916601181030</ROW>
            </PROPERTY>
            <PROPERTY Class="Float" Name="Scale">0.8331668376922607</PROPERTY>
        </COMPONENT>
        <COMPONENT LinkID="83" Class="NiSceneGraphComponent" Name="Scene Graph" MasterLinkID="75" />
        <ENTITY LinkID="84" Class="NiGeneralEntity" Name="Nature_Grass4001_01 66" Type="Object" UsePhysX="FALSE" PostfixTexture="" Optimization="0" AlphaGroup="1" RandomAni="FALSE" TemplateID="96,bd,e4,e7,da,bb,3e,4d,98,9d,ac,1f,5f,92,d8,bf" MasterLinkID="73">
            <COMPONENT RefLinkID="85" />
            <COMPONENT RefLinkID="86" />
        </ENTITY>
        <COMPONENT LinkID="85" Class="NiTransformationComponent" Name="Transformation">
            <PROPERTY Class="Point3" Name="Translation">1708.5302734375000000, -1885.9559326171875000, 231.9774017333984400</PROPERTY>
            <PROPERTY Class="Matrix3" Name="Rotation">
                <ROW>-0.9940154552459717, -0.1076775491237640, -0.0184135809540749</ROW>
                <ROW>0.1067820042371750, -0.9933010935783386, 0.0441663861274719</ROW>
                <ROW>-0.0230459608137608, 0.0419358313083649, 0.9988545179367065</ROW>
            </PROPERTY>
            <PROPERTY Class="Float" Name="Scale">1.0000000000000000</PROPERTY>
        </COMPONENT>
        <COMPONENT LinkID="86" Class="NiSceneGraphComponent" Name="Scene Graph" MasterLinkID="75" />
        <ENTITY LinkID="87" Class="NiGeneralEntity" Name="Nature_Grass4001_01 69" Type="Object" UsePhysX="FALSE" PostfixTexture="" Optimization="0" AlphaGroup="1" RandomAni="FALSE" TemplateID="96,bd,e4,e7,da,bb,3e,4d,98,9d,ac,1f,5f,92,d8,bf" MasterLinkID="73">
            <COMPONENT RefLinkID="88" />
            <COMPONENT RefLinkID="89" />
        </ENTITY>
        <COMPONENT LinkID="88" Class="NiTransformationComponent" Name="Transformation">
            <PROPERTY Class="Point3" Name="Translation">1339.8168945312500000, -1877.0880126953125000, 231.9774017333984400</PROPERTY>
            <PROPERTY Class="Matrix3" Name="Rotation">
                <ROW>-0.9940154552459717, -0.1076775491237640, -0.0184135809540749</ROW>
                <ROW>0.1067820042371750, -0.9933010935783386, 0.0441663861274719</ROW>
                <ROW>-0.0230459608137608, 0.0419358313083649, 0.9988545179367065</ROW>
            </PROPERTY>
            <PROPERTY Class="Float" Name="Scale">1.0000000000000000</PROPERTY>
        </COMPONENT>
        <COMPONENT LinkID="89" Class="NiSceneGraphComponent" Name="Scene Graph" MasterLinkID="75" />
        <ENTITY LinkID="90" Class="NiGeneralEntity" Name="CA_GOD_C_M_SA_GODROAD2001_01 16" Type="Object" UsePhysX="TRUE" PostfixTexture="" Optimization="0" AlphaGroup="3" RandomAni="TRUE" TemplateID="76,11,57,1,d6,5c,23,47,9b,26,55,8c,a6,c8,64,37" MasterLinkID="91">
            <COMPONENT RefLinkID="94" />
            <COMPONENT RefLinkID="95" />
        </ENTITY>
        <ENTITY LinkID="91" Class="NiGeneralEntity" Name="[Block]020500.CA_GOD_C_M_SA_GODROAD2001_01" TemplateID="a8,54,ba,a7,b7,7f,4b,4e,b0,b2,db,40,c3,5f,e7,13">
            <COMPONENT RefLinkID="92" />
            <COMPONENT RefLinkID="93" />
        </ENTITY>
        <COMPONENT LinkID="92" Class="NiTransformationComponent" Name="Transformation">
            <PROPERTY Class="Point3" Name="Translation">0.0000000000000000, 0.0000000000000000, 0.0000000000000000</PROPERTY>
            <PROPERTY Class="Matrix3" Name="Rotation">
                <ROW>1.0000000000000000, 0.0000000000000000, 0.0000000000000000</ROW>
                <ROW>0.0000000000000000, 1.0000000000000000, 0.0000000000000000</ROW>
                <ROW>0.0000000000000000, 0.0000000000000000, 1.0000000000000000</ROW>
            </PROPERTY>
            <PROPERTY Class="Float" Name="Scale">1.0000000000000000</PROPERTY>
        </COMPONENT>
        <COMPONENT LinkID="93" Class="NiSceneGraphComponent" Name="Scene Graph">
            <PROPERTY Class="String" Name="NIF File Path" Asset="TRUE">.\..\02_Modeling\Block\020500\CA_GOD_C_M_SA_GODROAD2001_01.nif</PROPERTY>
        </COMPONENT>
        <COMPONENT LinkID="94" Class="NiTransformationComponent" Name="Transformation">
            <PROPERTY Class="Point3" Name="Translation">1422.4663085937500000, -1981.2471923828125000, 24.6624374389648440</PROPERTY>
            <PROPERTY Class="Matrix3" Name="Rotation">
                <ROW>0.9396926164627075, 0.3420201539993286, 0.0000000000000000</ROW>
                <ROW>-0.3420201539993286, 0.9396926164627075, 0.0000000000000000</ROW>
                <ROW>0.0000000000000000, 0.0000000000000000, 1.0000000000000000</ROW>
            </PROPERTY>
            <PROPERTY Class="Float" Name="Scale">1.0000000000000000</PROPERTY>
        </COMPONENT>
        <COMPONENT LinkID="95" Class="NiSceneGraphComponent" Name="Scene Graph" MasterLinkID="93" />
        <ENTITY LinkID="96" Class="NiGeneralEntity" Name="CA_GOD_C_M_SA_GODROAD2001_01 17" Type="Object" UsePhysX="TRUE" PostfixTexture="" Optimization="0" AlphaGroup="3" RandomAni="TRUE" TemplateID="76,11,57,1,d6,5c,23,47,9b,26,55,8c,a6,c8,64,37" MasterLinkID="91">
            <COMPONENT RefLinkID="97" />
            <COMPONENT RefLinkID="98" />
        </ENTITY>
        <COMPONENT LinkID="97" Class="NiTransformationComponent" Name="Transformation">
            <PROPERTY Class="Point3" Name="Translation">1227.4301757812500000, -1817.5914306640625000, 24.6624374389648440</PROPERTY>
            <PROPERTY Class="Matrix3" Name="Rotation">
                <ROW>0.4999999701976776, 0.8660254478454590, 0.0000000000000000</ROW>
                <ROW>-0.8660254478454590, 0.4999999701976776, 0.0000000000000000</ROW>
                <ROW>0.0000000000000000, 0.0000000000000000, 1.0000000000000000</ROW>
            </PROPERTY>
            <PROPERTY Class="Float" Name="Scale">1.0000000000000000</PROPERTY>
        </COMPONENT>
        <COMPONENT LinkID="98" Class="NiSceneGraphComponent" Name="Scene Graph" MasterLinkID="93" />
        <ENTITY LinkID="99" Class="NiGeneralEntity" Name="gate_next_base" Type="Trigger" UsePhysX="TRUE" PostfixTexture="" Optimization="0" AlphaGroup="5" RandomAni="FALSE" TemplateID="cc,68,ab,3d,80,d7,42,46,b5,a4,97,4d,ef,3d,b0,f3" Hidden="TRUE" MasterLinkID="100">
            <COMPONENT RefLinkID="104" />
            <COMPONENT RefLinkID="105" />
            <COMPONENT RefLinkID="106" />
        </ENTITY>
        <ENTITY LinkID="100" Class="NiGeneralEntity" Name="[General]Object.Kinematic55_noc_CylinderUP" TemplateID="cc,68,ab,3d,80,d7,42,46,b5,a4,97,4d,ef,3d,b0,f3">
            <COMPONENT RefLinkID="101" />
            <COMPONENT RefLinkID="102" />
            <COMPONENT RefLinkID="103" />
        </ENTITY>
        <COMPONENT LinkID="101" Class="NiTransformationComponent" Name="Transformation">
            <PROPERTY Class="Point3" Name="Translation">0.0000000000000000, 0.0000000000000000, 0.0000000000000000</PROPERTY>
            <PROPERTY Class="Matrix3" Name="Rotation">
                <ROW>1.0000000000000000, 0.0000000000000000, 0.0000000000000000</ROW>
                <ROW>0.0000000000000000, 1.0000000000000000, 0.0000000000000000</ROW>
                <ROW>0.0000000000000000, 0.0000000000000000, 1.0000000000000000</ROW>
            </PROPERTY>
            <PROPERTY Class="Float" Name="Scale">1.0000000000000000</PROPERTY>
        </COMPONENT>
        <COMPONENT LinkID="102" Class="NiSceneGraphComponent" Name="Scene Graph">
            <PROPERTY Class="String" Name="NIF File Path" Asset="TRUE">.\..\..\Palettes\Kinematic55_noc_CylinderUP.nif</PROPERTY>
        </COMPONENT>
        <COMPONENT LinkID="103" Class="NiGeneralComponent" Name="Hide Object" TemplateID="f6,46,16,db,61,92,23,47,b5,4a,da,2d,42,d7,85,b9">
            <PROPERTY Class="Float" Name="Alpha Value" SemanticType="Float" DisplayName="Alpha Value" Description="">0.4000000059604645</PROPERTY>
            <PROPERTY Class="Boolean" Name="Alpha Enable" SemanticType="Boolean" DisplayName="Alpha Enable" Description="">FALSE</PROPERTY>
            <PROPERTY Class="Boolean" Name="Hide Object" SemanticType="Boolean" DisplayName="Hide Object" Description="">FALSE</PROPERTY>
        </COMPONENT>
        <COMPONENT LinkID="104" Class="NiTransformationComponent" Name="Transformation">
            <PROPERTY Class="Point3" Name="Translation">1343.1477050781250000, -1499.3630371093750000, 340.4579772949218700</PROPERTY>
            <PROPERTY Class="Matrix3" Name="Rotation">
                <ROW>1.0000000000000000, 0.0000000000000000, 0.0000000000000000</ROW>
                <ROW>0.0000000000000000, 1.0000000000000000, 0.0000000000000000</ROW>
