<?xml version="1.0" ?>
<GSA Major="1" Minor="0" Patch="0">
    <PALETTES_DIRECTORY>
        <PALETTE_DIR IDX="0" DIRECTORY=".\..\..\..\..\..\ToolBin\SceneDesigner\Release\Data\" />
        <PALETTE_DIR IDX="1" DIRECTORY=".\..\..\Palettes\" />
    </PALETTES_DIRECTORY>
    <PALETTES>
        <PALETTE NAME="Default" DIR_IDX="0" />
        <PALETTE NAME="Block" DIR_IDX="1" />
        <PALETTE NAME="General" DIR_IDX="1" />
        <PALETTE NAME="Object" DIR_IDX="1" />
        <PALETTE NAME="Effect" DIR_IDX="1" />
    </PALETTES>
    <OBJECTS>
        <ENTITY LinkID="0" Class="NiGeneralEntity" Name="teleport_target_01" Type="Trigger" UsePhysX="TRUE" PostfixTexture="" Optimization="0" AlphaGroup="0" RandomAni="FALSE" TemplateID="98,3,1a,32,70,49,b2,4f,be,90,56,d7,9d,ed,74,3e" Hidden="TRUE" MasterLinkID="1">
            <COMPONENT RefLinkID="5" />
            <COMPONENT RefLinkID="6" />
            <COMPONENT RefLinkID="7" />
        </ENTITY>
        <ENTITY LinkID="1" Class="NiGeneralEntity" Name="[General]Object.Kinematic55_noc_Cylinder" TemplateID="98,3,1a,32,70,49,b2,4f,be,90,56,d7,9d,ed,74,3e">
            <COMPONENT RefLinkID="2" />
            <COMPONENT RefLinkID="3" />
            <COMPONENT RefLinkID="4" />
        </ENTITY>
        <COMPONENT LinkID="2" Class="NiTransformationComponent" Name="Transformation">
            <PROPERTY Class="Point3" Name="Translation">0.0000000000000000, 0.0000000000000000, 0.0000000000000000</PROPERTY>
            <PROPERTY Class="Matrix3" Name="Rotation">
                <ROW>1.0000000000000000, 0.0000000000000000, 0.0000000000000000</ROW>
                <ROW>0.0000000000000000, 1.0000000000000000, 0.0000000000000000</ROW>
                <ROW>0.0000000000000000, 0.0000000000000000, 1.0000000000000000</ROW>
            </PROPERTY>
            <PROPERTY Class="Float" Name="Scale">1.0000000000000000</PROPERTY>
        </COMPONENT>
        <COMPONENT LinkID="3" Class="NiSceneGraphComponent" Name="Scene Graph">
            <PROPERTY Class="String" Name="NIF File Path" Asset="TRUE">.\..\..\Palettes\Kinematic55_noc_Cylinder.nif</PROPERTY>
        </COMPONENT>
        <COMPONENT LinkID="4" Class="NiGeneralComponent" Name="Hidden_Portal" TemplateID="cc,e4,5f,f3,22,31,a8,41,92,3,93,9b,58,89,a9,14">
            <PROPERTY Class="Integer" Name="Level" SemanticType="Integer" DisplayName="Level" Description="">0</PROPERTY>
        </COMPONENT>
        <COMPONENT LinkID="5" Class="NiTransformationComponent" Name="Transformation">
            <PROPERTY Class="Point3" Name="Translation">-4865.0825195312500000, 6816.2207031250000000, 368.9562988281250000</PROPERTY>
            <PROPERTY Class="Matrix3" Name="Rotation">
                <ROW>1.0000000000000000, 0.0000000000000000, 0.0000000000000000</ROW>
                <ROW>0.0000000000000000, 1.0000000000000000, 0.0000000000000000</ROW>
                <ROW>0.0000000000000000, 0.0000000000000000, 1.0000000000000000</ROW>
            </PROPERTY>
            <PROPERTY Class="Float" Name="Scale">1.0000000000000000</PROPERTY>
        </COMPONENT>
        <COMPONENT LinkID="6" Class="NiSceneGraphComponent" Name="Scene Graph" MasterLinkID="3" />
        <COMPONENT LinkID="7" Class="NiGeneralComponent" Name="Hidden_Portal" TemplateID="cc,e4,5f,f3,22,31,a8,41,92,3,93,9b,58,89,a9,14" MasterLinkID="4" />
        <ENTITY LinkID="8" Class="NiGeneralEntity" Name="teleport_zone_02" Type="Telejump" UsePhysX="FALSE" PostfixTexture="" Optimization="0" AlphaGroup="0" RandomAni="FALSE" TemplateID="68,68,77,b7,91,20,15,4e,ab,da,e,46,40,60,de,93" Hidden="TRUE" MasterLinkID="9">
            <COMPONENT RefLinkID="12" />
            <COMPONENT RefLinkID="13" />
        </ENTITY>
        <ENTITY LinkID="9" Class="NiGeneralEntity" Name="[General]Object.Kinematic30_noc_Cylinder" TemplateID="68,68,77,b7,91,20,15,4e,ab,da,e,46,40,60,de,93">
            <COMPONENT RefLinkID="10" />
            <COMPONENT RefLinkID="11" />
        </ENTITY>
        <COMPONENT LinkID="10" Class="NiTransformationComponent" Name="Transformation">
            <PROPERTY Class="Point3" Name="Translation">0.0000000000000000, 0.0000000000000000, 0.0000000000000000</PROPERTY>
            <PROPERTY Class="Matrix3" Name="Rotation">
                <ROW>1.0000000000000000, 0.0000000000000000, 0.0000000000000000</ROW>
                <ROW>0.0000000000000000, 1.0000000000000000, 0.0000000000000000</ROW>
                <ROW>0.0000000000000000, 0.0000000000000000, 1.0000000000000000</ROW>
            </PROPERTY>
            <PROPERTY Class="Float" Name="Scale">1.0000000000000000</PROPERTY>
        </COMPONENT>
        <COMPONENT LinkID="11" Class="NiSceneGraphComponent" Name="Scene Graph">
            <PROPERTY Class="String" Name="NIF File Path" Asset="TRUE">.\..\..\Palettes\Kinematic30_noc_Cylinder.nif</PROPERTY>
        </COMPONENT>
        <COMPONENT LinkID="12" Class="NiTransformationComponent" Name="Transformation">
            <PROPERTY Class="Point3" Name="Translation">-4861.6298828125000000, 6715.6513671875000000, 372.3513793945312500</PROPERTY>
            <PROPERTY Class="Matrix3" Name="Rotation">
                <ROW>1.0000000000000000, 0.0000000000000000, 0.0000000000000000</ROW>
                <ROW>0.0000000000000000, 1.0000000000000000, 0.0000000000000000</ROW>
                <ROW>0.0000000000000000, 0.0000000000000000, 1.0000000000000000</ROW>
            </PROPERTY>
            <PROPERTY Class="Float" Name="Scale">1.0000000000000000</PROPERTY>
        </COMPONENT>
        <COMPONENT LinkID="13" Class="NiSceneGraphComponent" Name="Scene Graph" MasterLinkID="11" />
        <ENTITY LinkID="14" Class="NiGeneralEntity" Name="camera_wall 05" Type="CameraWalls" UsePhysX="FALSE" PostfixTexture="" Optimization="0" AlphaGroup="0" RandomAni="FALSE" TemplateID="92,71,76,a3,99,e6,95,48,9e,8b,e1,95,a6,b0,74,12" Hidden="TRUE" MasterLinkID="15">
            <COMPONENT RefLinkID="18" />
            <COMPONENT RefLinkID="19" />
        </ENTITY>
        <ENTITY LinkID="15" Class="NiGeneralEntity" Name="[General]Object.camera_wall" TemplateID="92,71,76,a3,99,e6,95,48,9e,8b,e1,95,a6,b0,74,12">
            <COMPONENT RefLinkID="16" />
            <COMPONENT RefLinkID="17" />
        </ENTITY>
        <COMPONENT LinkID="16" Class="NiTransformationComponent" Name="Transformation">
            <PROPERTY Class="Point3" Name="Translation">0.0000000000000000, 0.0000000000000000, 0.0000000000000000</PROPERTY>
            <PROPERTY Class="Matrix3" Name="Rotation">
                <ROW>1.0000000000000000, 0.0000000000000000, 0.0000000000000000</ROW>
                <ROW>0.0000000000000000, 1.0000000000000000, 0.0000000000000000</ROW>
                <ROW>0.0000000000000000, 0.0000000000000000, 1.0000000000000000</ROW>
            </PROPERTY>
            <PROPERTY Class="Float" Name="Scale">1.0000000000000000</PROPERTY>
        </COMPONENT>
        <COMPONENT LinkID="17" Class="NiSceneGraphComponent" Name="Scene Graph">
            <PROPERTY Class="String" Name="NIF File Path" Asset="TRUE">.\..\..\Palettes\camera_wall.nif</PROPERTY>
        </COMPONENT>
        <COMPONENT LinkID="18" Class="NiTransformationComponent" Name="Transformation">
            <PROPERTY Class="Point3" Name="Translation">-4984.7265625000000000, 6646.5629882812500000, 649.8641357421875000</PROPERTY>
            <PROPERTY Class="Matrix3" Name="Rotation">
                <ROW>-0.0000000437113883, -1.0000000000000000, 0.0000000000000000</ROW>
                <ROW>1.0000000000000000, -0.0000000437113883, 0.0000000000000000</ROW>
                <ROW>0.0000000000000000, 0.0000000000000000, 1.0000000000000000</ROW>
            </PROPERTY>
            <PROPERTY Class="Float" Name="Scale">1.1908254623413086</PROPERTY>
        </COMPONENT>
        <COMPONENT LinkID="19" Class="NiSceneGraphComponent" Name="Scene Graph" MasterLinkID="17" />
        <ENTITY LinkID="20" Class="NiGeneralEntity" Name="char_spawn_1" Type="CharacterSpawn" UsePhysX="FALSE" PostfixTexture="" Optimization="0" AlphaGroup="1" RandomAni="FALSE" TemplateID="89,8e,a0,2e,75,8c,ab,4c,a3,2b,b9,2c,85,90,bf,34" Hidden="TRUE" MasterLinkID="21">
            <COMPONENT RefLinkID="24" />
            <COMPONENT RefLinkID="25" />
        </ENTITY>
        <ENTITY LinkID="21" Class="NiGeneralEntity" Name="[General]Object.box_non_center" TemplateID="89,8e,a0,2e,75,8c,ab,4c,a3,2b,b9,2c,85,90,bf,34">
            <COMPONENT RefLinkID="22" />
            <COMPONENT RefLinkID="23" />
        </ENTITY>
        <COMPONENT LinkID="22" Class="NiTransformationComponent" Name="Transformation">
            <PROPERTY Class="Point3" Name="Translation">0.0000000000000000, 0.0000000000000000, 0.0000000000000000</PROPERTY>
            <PROPERTY Class="Matrix3" Name="Rotation">
                <ROW>1.0000000000000000, 0.0000000000000000, 0.0000000000000000</ROW>
                <ROW>0.0000000000000000, 1.0000000000000000, 0.0000000000000000</ROW>
                <ROW>0.0000000000000000, 0.0000000000000000, 1.0000000000000000</ROW>
            </PROPERTY>
            <PROPERTY Class="Float" Name="Scale">1.0000000000000000</PROPERTY>
        </COMPONENT>
        <COMPONENT LinkID="23" Class="NiSceneGraphComponent" Name="Scene Graph">
            <PROPERTY Class="String" Name="NIF File Path" Asset="TRUE">.\..\..\Palettes\box_non_center.nif</PROPERTY>
        </COMPONENT>
        <COMPONENT LinkID="24" Class="NiTransformationComponent" Name="Transformation">
            <PROPERTY Class="Point3" Name="Translation">-4860.1972656250000000, 6683.2290039062500000, 260.5028686523437500</PROPERTY>
            <PROPERTY Class="Matrix3" Name="Rotation">
                <ROW>1.0000000000000000, 0.0000000000000000, 0.0000000000000000</ROW>
                <ROW>0.0000000000000000, 1.0000000000000000, 0.0000000000000000</ROW>
                <ROW>0.0000000000000000, 0.0000000000000000, 1.0000000000000000</ROW>
            </PROPERTY>
            <PROPERTY Class="Float" Name="Scale">1.0000000000000000</PROPERTY>
        </COMPONENT>
        <COMPONENT LinkID="25" Class="NiSceneGraphComponent" Name="Scene Graph" MasterLinkID="23" />
        <ENTITY LinkID="26" Class="NiGeneralEntity" Name="IN_Vessel_Pillar1001_01 01" Type="Object" UsePhysX="TRUE" PostfixTexture="" Optimization="0" AlphaGroup="3" RandomAni="FALSE" TemplateID="df,5e,7d,24,8a,d4,c,49,b3,50,1,c4,93,fa,b2,b5" MasterLinkID="27">
            <COMPONENT RefLinkID="31" />
            <COMPONENT RefLinkID="32" />
            <COMPONENT RefLinkID="33" />
        </ENTITY>
        <ENTITY LinkID="27" Class="NiGeneralEntity" Name="[Block]010100.IN_Vessel_Pillar1001_01" TemplateID="df,5e,7d,24,8a,d4,c,49,b3,50,1,c4,93,fa,b2,b5">
            <COMPONENT RefLinkID="28" />
            <COMPONENT RefLinkID="29" />
            <COMPONENT RefLinkID="30" />
        </ENTITY>
        <COMPONENT LinkID="28" Class="NiTransformationComponent" Name="Transformation">
            <PROPERTY Class="Point3" Name="Translation">0.0000000000000000, 0.0000000000000000, 0.0000000000000000</PROPERTY>
            <PROPERTY Class="Matrix3" Name="Rotation">
                <ROW>1.0000000000000000, 0.0000000000000000, 0.0000000000000000</ROW>
                <ROW>0.0000000000000000, 1.0000000000000000, 0.0000000000000000</ROW>
                <ROW>0.0000000000000000, 0.0000000000000000, 1.0000000000000000</ROW>
            </PROPERTY>
            <PROPERTY Class="Float" Name="Scale">1.0000000000000000</PROPERTY>
        </COMPONENT>
        <COMPONENT LinkID="29" Class="NiSceneGraphComponent" Name="Scene Graph">
            <PROPERTY Class="String" Name="NIF File Path" Asset="TRUE">.\..\02_Modeling\Block\010100\IN_Vessel_Pillar1001_01.nif</PROPERTY>
        </COMPONENT>
        <COMPONENT LinkID="30" Class="NiGeneralComponent" Name="Hide Object" TemplateID="f6,46,16,db,61,92,23,47,b5,4a,da,2d,42,d7,85,b9">
            <PROPERTY Class="Float" Name="Alpha Value" SemanticType="Float" DisplayName="Alpha Value" Description="">0.4000000059604645</PROPERTY>
            <PROPERTY Class="Boolean" Name="Alpha Enable" SemanticType="Boolean" DisplayName="Alpha Enable" Description="">FALSE</PROPERTY>
            <PROPERTY Class="Boolean" Name="Hide Object" SemanticType="Boolean" DisplayName="Hide Object" Description="">FALSE</PROPERTY>
        </COMPONENT>
        <COMPONENT LinkID="31" Class="NiTransformationComponent" Name="Transformation">
            <PROPERTY Class="Point3" Name="Translation">-5561.9721679687500000, 6872.2392578125000000, 21.7324962615966800</PROPERTY>
            <PROPERTY Class="Matrix3" Name="Rotation">
                <ROW>1.0000000000000000, 0.0000000000000000, 0.0000000000000000</ROW>
                <ROW>0.0000000000000000, 1.0000000000000000, 0.0000000000000000</ROW>
                <ROW>0.0000000000000000, 0.0000000000000000, 1.0000000000000000</ROW>
            </PROPERTY>
            <PROPERTY Class="Float" Name="Scale">1.0000000000000000</PROPERTY>
        </COMPONENT>
        <COMPONENT LinkID="32" Class="NiSceneGraphComponent" Name="Scene Graph" MasterLinkID="29" />
        <COMPONENT LinkID="33" Class="NiGeneralComponent" Name="Hide Object" TemplateID="f6,46,16,db,61,92,23,47,b5,4a,da,2d,42,d7,85,b9" MasterLinkID="30" />
        <ENTITY LinkID="34" Class="NiGeneralEntity" Name="Physx_box" Type="PhysX" UsePhysX="TRUE" PostfixTexture="" Optimization="0" AlphaGroup="1" RandomAni="FALSE" TemplateID="f1,ad,a0,98,6c,62,33,4a,af,d2,76,eb,76,4f,f1,59" MasterLinkID="35">
            <COMPONENT RefLinkID="39" />
            <COMPONENT RefLinkID="40" />
            <COMPONENT RefLinkID="41" />
        </ENTITY>
        <ENTITY LinkID="35" Class="NiGeneralEntity" Name="[Object]Box.Art_BoxWood1001_01" TemplateID="f1,ad,a0,98,6c,62,33,4a,af,d2,76,eb,76,4f,f1,59">
            <COMPONENT RefLinkID="36" />
            <COMPONENT RefLinkID="37" />
            <COMPONENT RefLinkID="38" />
        </ENTITY>
        <COMPONENT LinkID="36" Class="NiTransformationComponent" Name="Transformation">
            <PROPERTY Class="Point3" Name="Translation">0.0000000000000000, 0.0000000000000000, 0.0000000000000000</PROPERTY>
            <PROPERTY Class="Matrix3" Name="Rotation">
                <ROW>1.0000000000000000, 0.0000000000000000, 0.0000000000000000</ROW>
                <ROW>0.0000000000000000, 1.0000000000000000, 0.0000000000000000</ROW>
                <ROW>0.0000000000000000, 0.0000000000000000, 1.0000000000000000</ROW>
            </PROPERTY>
            <PROPERTY Class="Float" Name="Scale">1.0000000000000000</PROPERTY>
        </COMPONENT>
        <COMPONENT LinkID="37" Class="NiSceneGraphComponent" Name="Scene Graph">
            <PROPERTY Class="String" Name="NIF File Path" Asset="TRUE">.\..\..\00_Object\Box\Art_BoxWood1001_01.nif</PROPERTY>
        </COMPONENT>
        <COMPONENT LinkID="38" Class="NiGeneralComponent" Name="Hide Object" TemplateID="f6,46,16,db,61,92,23,47,b5,4a,da,2d,42,d7,85,b9">
            <PROPERTY Class="Float" Name="Alpha Value" SemanticType="Float" DisplayName="Alpha Value" Description="">0.4000000059604645</PROPERTY>
            <PROPERTY Class="Boolean" Name="Alpha Enable" SemanticType="Boolean" DisplayName="Alpha Enable" Description="">FALSE</PROPERTY>
            <PROPERTY Class="Boolean" Name="Hide Object" SemanticType="Boolean" DisplayName="Hide Object" Description="">FALSE</PROPERTY>
        </COMPONENT>
        <COMPONENT LinkID="39" Class="NiTransformationComponent" Name="Transformation">
            <PROPERTY Class="Point3" Name="Translation">-2413.3361816406250000, 3672.7128906250000000, 114.5319595336914100</PROPERTY>
            <PROPERTY Class="Matrix3" Name="Rotation">
                <ROW>-0.9999991655349731, -0.0011877566576004, 0.0000000000000000</ROW>
                <ROW>0.0011877566576004, -0.9999991655349731, 0.0000000000000000</ROW>
                <ROW>0.0000000000000000, 0.0000000000000000, 1.0000000000000000</ROW>
            </PROPERTY>
            <PROPERTY Class="Float" Name="Scale">3.6608235836029053</PROPERTY>
        </COMPONENT>
        <COMPONENT LinkID="40" Class="NiSceneGraphComponent" Name="Scene Graph" MasterLinkID="37" />
        <COMPONENT LinkID="41" Class="NiGeneralComponent" Name="Hide Object" TemplateID="f6,46,16,db,61,92,23,47,b5,4a,da,2d,42,d7,85,b9" MasterLinkID="38" />
        <ENTITY LinkID="42" Class="NiGeneralEntity" Name="Art_Wine1001_01 82" Type="Object" UsePhysX="FALSE" PostfixTexture="" Optimization="0" AlphaGroup="1" RandomAni="FALSE" TemplateID="1,d7,ca,d5,20,79,f8,40,a6,1e,62,6a,f7,2,ca,aa" MasterLinkID="43">
            <COMPONENT RefLinkID="46" />
            <COMPONENT RefLinkID="47" />
        </ENTITY>
        <ENTITY LinkID="43" Class="NiGeneralEntity" Name="[Object]props.Art_Wine1001_01" TemplateID="1,d7,ca,d5,20,79,f8,40,a6,1e,62,6a,f7,2,ca,aa">
            <COMPONENT RefLinkID="44" />
            <COMPONENT RefLinkID="45" />
        </ENTITY>
        <COMPONENT LinkID="44" Class="NiTransformationComponent" Name="Transformation">
            <PROPERTY Class="Point3" Name="Translation">0.0000000000000000, 0.0000000000000000, 0.0000000000000000</PROPERTY>
            <PROPERTY Class="Matrix3" Name="Rotation">
                <ROW>1.0000000000000000, 0.0000000000000000, 0.0000000000000000</ROW>
                <ROW>0.0000000000000000, 1.0000000000000000, 0.0000000000000000</ROW>
                <ROW>0.0000000000000000, 0.0000000000000000, 1.0000000000000000</ROW>
            </PROPERTY>
            <PROPERTY Class="Float" Name="Scale">1.0000000000000000</PROPERTY>
        </COMPONENT>
        <COMPONENT LinkID="45" Class="NiSceneGraphComponent" Name="Scene Graph">
            <PROPERTY Class="String" Name="NIF File Path" Asset="TRUE">.\..\..\00_Object\props\Art_Wine1001_01.nif</PROPERTY>
        </COMPONENT>
        <COMPONENT LinkID="46" Class="NiTransformationComponent" Name="Transformation">
            <PROPERTY Class="Point3" Name="Translation">-3768.9047851562500000, 6839.5019531250000000, 807.7495727539062500</PROPERTY>
            <PROPERTY Class="Matrix3" Name="Rotation">
                <ROW>-0.1096348166465759, -0.9934449195861816, -0.0323645994067192</ROW>
                <ROW>0.9939719438552856, -0.1095766797661781, -0.0035698062274605</ROW>
                <ROW>0.0000000000000000, -0.0325608812272549, 0.9994697570800781</ROW>
            </PROPERTY>
            <PROPERTY Class="Float" Name="Scale">1.2904574871063232</PROPERTY>
        </COMPONENT>
        <COMPONENT LinkID="47" Class="NiSceneGraphComponent" Name="Scene Graph" MasterLinkID="45" />
        <ENTITY LinkID="48" Class="NiGeneralEntity" Name="Art_CeramicsWic2001_01 02" Type="Object" UsePhysX="FALSE" PostfixTexture="" Optimization="0" AlphaGroup="1" RandomAni="FALSE" TemplateID="d3,29,e,54,f7,5b,f0,41,af,87,75,57,89,1f,d7,12" MasterLinkID="49">
            <COMPONENT RefLinkID="52" />
            <COMPONENT RefLinkID="53" />
        </ENTITY>
        <ENTITY LinkID="49" Class="NiGeneralEntity" Name="[Object]props.Art_CeramicsWic2001_01" TemplateID="d3,29,e,54,f7,5b,f0,41,af,87,75,57,89,1f,d7,12">
            <COMPONENT RefLinkID="50" />
            <COMPONENT RefLinkID="51" />
        </ENTITY>
        <COMPONENT LinkID="50" Class="NiTransformationComponent" Name="Transformation">
            <PROPERTY Class="Point3" Name="Translation">0.0000000000000000, 0.0000000000000000, 0.0000000000000000</PROPERTY>
            <PROPERTY Class="Matrix3" Name="Rotation">
                <ROW>1.0000000000000000, 0.0000000000000000, 0.0000000000000000</ROW>
                <ROW>0.0000000000000000, 1.0000000000000000, 0.0000000000000000</ROW>
                <ROW>0.0000000000000000, 0.0000000000000000, 1.0000000000000000</ROW>
            </PROPERTY>
            <PROPERTY Class="Float" Name="Scale">1.0000000000000000</PROPERTY>
        </COMPONENT>
        <COMPONENT LinkID="51" Class="NiSceneGraphComponent" Name="Scene Graph">
            <PROPERTY Class="String" Name="NIF File Path" Asset="TRUE">.\..\..\00_Object\props\Art_CeramicsWic2001_01.nif</PROPERTY>
        </COMPONENT>
        <COMPONENT LinkID="52" Class="NiTransformationComponent" Name="Transformation">
            <PROPERTY Class="Point3" Name="Translation">-3789.5703125000000000, 6798.5791015625000000, 809.8641357421875000</PROPERTY>
            <PROPERTY Class="Matrix3" Name="Rotation">
                <ROW>0.0000004887620548, -1.0000000000000000, 0.0000000000000000</ROW>
                <ROW>1.0000000000000000, 0.0000004887620548, 0.0000000000000000</ROW>
                <ROW>0.0000000000000000, 0.0000000000000000, 1.0000000000000000</ROW>
            </PROPERTY>
            <PROPERTY Class="Float" Name="Scale">1.3121223449707031</PROPERTY>
        </COMPONENT>
        <COMPONENT LinkID="53" Class="NiSceneGraphComponent" Name="Scene Graph" MasterLinkID="51" />
        <ENTITY LinkID="54" Class="NiGeneralEntity" Name="Art_Wine1001_01 81" Type="Object" UsePhysX="FALSE" PostfixTexture="" Optimization="0" AlphaGroup="1" RandomAni="FALSE" TemplateID="1,d7,ca,d5,20,79,f8,40,a6,1e,62,6a,f7,2,ca,aa" MasterLinkID="43">
            <COMPONENT RefLinkID="55" />
            <COMPONENT RefLinkID="56" />
        </ENTITY>
        <COMPONENT LinkID="55" Class="NiTransformationComponent" Name="Transformation">
            <PROPERTY Class="Point3" Name="Translation">-3761.0307617187500000, 6830.3081054687500000, 807.6830444335937500</PROPERTY>
            <PROPERTY Class="Matrix3" Name="Rotation">
                <ROW>-0.1096348166465759, -0.9934449195861816, -0.0323645994067192</ROW>
                <ROW>0.9939719438552856, -0.1095766797661781, -0.0035698062274605</ROW>
                <ROW>0.0000000000000000, -0.0325608812272549, 0.9994697570800781</ROW>
            </PROPERTY>
            <PROPERTY Class="Float" Name="Scale">1.2904574871063232</PROPERTY>
        </COMPONENT>
        <COMPONENT LinkID="56" Class="NiSceneGraphComponent" Name="Scene Graph" MasterLinkID="45" />
        <ENTITY LinkID="57" Class="NiGeneralEntity" Name="Art_Wine1001_01 80" Type="Object" UsePhysX="FALSE" PostfixTexture="" Optimization="0" AlphaGroup="1" RandomAni="FALSE" TemplateID="1,d7,ca,d5,20,79,f8,40,a6,1e,62,6a,f7,2,ca,aa" MasterLinkID="43">
            <COMPONENT RefLinkID="58" />
            <COMPONENT RefLinkID="59" />
        </ENTITY>
        <COMPONENT LinkID="58" Class="NiTransformationComponent" Name="Transformation">
            <PROPERTY Class="Point3" Name="Translation">-3759.9897460937500000, 6839.5019531250000000, 807.7495727539062500</PROPERTY>
            <PROPERTY Class="Matrix3" Name="Rotation">
                <ROW>-0.1096348166465759, -0.9934449195861816, -0.0323645994067192</ROW>
                <ROW>0.9939719438552856, -0.1095766797661781, -0.0035698062274605</ROW>
                <ROW>0.0000000000000000, -0.0325608812272549, 0.9994697570800781</ROW>
            </PROPERTY>
            <PROPERTY Class="Float" Name="Scale">1.2904574871063232</PROPERTY>
        </COMPONENT>
        <COMPONENT LinkID="59" Class="NiSceneGraphComponent" Name="Scene Graph" MasterLinkID="45" />
        <ENTITY LinkID="60" Class="NiGeneralEntity" Name="Art_Wine1001_01 79" Type="Object" UsePhysX="TRUE" PostfixTexture="" Optimization="0" AlphaGroup="1" RandomAni="FALSE" TemplateID="1,d7,ca,d5,20,79,f8,40,a6,1e,62,6a,f7,2,ca,aa" MasterLinkID="43">
            <COMPONENT RefLinkID="61" />
            <COMPONENT RefLinkID="62" />
        </ENTITY>
        <COMPONENT LinkID="61" Class="NiTransformationComponent" Name="Transformation">
            <PROPERTY Class="Point3" Name="Translation">-3741.0415039062500000, 6839.5019531250000000, 807.7495727539062500</PROPERTY>
            <PROPERTY Class="Matrix3" Name="Rotation">
                <ROW>-0.1096348166465759, -0.9934449195861816, -0.0323645994067192</ROW>
                <ROW>0.9939719438552856, -0.1095766797661781, -0.0035698062274605</ROW>
                <ROW>0.0000000000000000, -0.0325608812272549, 0.9994697570800781</ROW>
            </PROPERTY>
            <PROPERTY Class="Float" Name="Scale">1.2904574871063232</PROPERTY>
        </COMPONENT>
        <COMPONENT LinkID="62" Class="NiSceneGraphComponent" Name="Scene Graph" MasterLinkID="45" />
        <ENTITY LinkID="63" Class="NiGeneralEntity" Name="Art_Wine1001_01 77" Type="Object" UsePhysX="FALSE" PostfixTexture="" Optimization="0" AlphaGroup="1" RandomAni="FALSE" TemplateID="1,d7,ca,d5,20,79,f8,40,a6,1e,62,6a,f7,2,ca,aa" MasterLinkID="43">
            <COMPONENT RefLinkID="64" />
            <COMPONENT RefLinkID="65" />
        </ENTITY>
        <COMPONENT LinkID="64" Class="NiTransformationComponent" Name="Transformation">
            <PROPERTY Class="Point3" Name="Translation">-3739.4536132812500000, 6821.2358398437500000, 811.8085327148437500</PROPERTY>
            <PROPERTY Class="Matrix3" Name="Rotation">
                <ROW>-0.0423217006027699, -0.8402774333953857, -0.5405023694038391</ROW>
                <ROW>0.0369540676474571, 0.5393003225326538, -0.8413022756576538</ROW>
                <ROW>0.9984204769134522, -0.0555790960788727, 0.0082275643944740</ROW>
            </PROPERTY>
            <PROPERTY Class="Float" Name="Scale">1.2904574871063232</PROPERTY>
        </COMPONENT>
        <COMPONENT LinkID="65" Class="NiSceneGraphComponent" Name="Scene Graph" MasterLinkID="45" />
        <ENTITY LinkID="66" Class="NiGeneralEntity" Name="Art_Wine1001_01 76" Type="Object" UsePhysX="FALSE" PostfixTexture="" Optimization="0" AlphaGroup="1" RandomAni="FALSE" TemplateID="1,d7,ca,d5,20,79,f8,40,a6,1e,62,6a,f7,2,ca,aa" MasterLinkID="43">
            <COMPONENT RefLinkID="67" />
            <COMPONENT RefLinkID="68" />
        </ENTITY>
        <COMPONENT LinkID="67" Class="NiTransformationComponent" Name="Transformation">
            <PROPERTY Class="Point3" Name="Translation">-3708.0805664062500000, 6837.1655273437500000, 810.4514160156250000</PROPERTY>
            <PROPERTY Class="Matrix3" Name="Rotation">
                <ROW>0.0000004887620548, -1.0000000000000000, 0.0000000000000000</ROW>
                <ROW>1.0000000000000000, 0.0000004887620548, 0.0000000000000000</ROW>
                <ROW>0.0000000000000000, 0.0000000000000000, 1.0000000000000000</ROW>
            </PROPERTY>
            <PROPERTY Class="Float" Name="Scale">1.2904574871063232</PROPERTY>
        </COMPONENT>
        <COMPONENT LinkID="68" Class="NiSceneGraphComponent" Name="Scene Graph" MasterLinkID="45" />
        <ENTITY LinkID="69" Class="NiGeneralEntity" Name="Art_Wine1001_01 75" Type="Object" UsePhysX="FALSE" PostfixTexture="" Optimization="0" AlphaGroup="1" RandomAni="FALSE" TemplateID="1,d7,ca,d5,20,79,f8,40,a6,1e,62,6a,f7,2,ca,aa" MasterLinkID="43">
            <COMPONENT RefLinkID="70" />
            <COMPONENT RefLinkID="71" />
        </ENTITY>
        <COMPONENT LinkID="70" Class="NiTransformationComponent" Name="Transformation">
            <PROPERTY Class="Point3" Name="Translation">-3710.1245117187500000, 6828.1411132812500000, 810.4513549804687500</PROPERTY>
            <PROPERTY Class="Matrix3" Name="Rotation">
                <ROW>0.0000004887620548, -1.0000000000000000, 0.0000000000000000</ROW>
                <ROW>1.0000000000000000, 0.0000004887620548, 0.0000000000000000</ROW>
                <ROW>0.0000000000000000, 0.0000000000000000, 1.0000000000000000</ROW>
            </PROPERTY>
            <PROPERTY Class="Float" Name="Scale">1.2904574871063232</PROPERTY>
        </COMPONENT>
        <COMPONENT LinkID="71" Class="NiSceneGraphComponent" Name="Scene Graph" MasterLinkID="45" />
        <ENTITY LinkID="72" Class="NiGeneralEntity" Name="Art_Wine1001_01 74" Type="Object" UsePhysX="FALSE" PostfixTexture="" Optimization="0" AlphaGroup="1" RandomAni="FALSE" TemplateID="1,d7,ca,d5,20,79,f8,40,a6,1e,62,6a,f7,2,ca,aa" MasterLinkID="43">
            <COMPONENT RefLinkID="73" />
            <COMPONENT RefLinkID="74" />
        </ENTITY>
        <COMPONENT LinkID="73" Class="NiTransformationComponent" Name="Transformation">
            <PROPERTY Class="Point3" Name="Translation">-3710.1245117187500000, 6819.4570312500000000, 811.4467163085937500</PROPERTY>
            <PROPERTY Class="Matrix3" Name="Rotation">
                <ROW>0.0000004887620548, -1.0000000000000000, 0.0000000000000000</ROW>
                <ROW>1.0000000000000000, 0.0000004887620548, 0.0000000000000000</ROW>
                <ROW>0.0000000000000000, 0.0000000000000000, 1.0000000000000000</ROW>
            </PROPERTY>
            <PROPERTY Class="Float" Name="Scale">1.2904574871063232</PROPERTY>
        </COMPONENT>
        <COMPONENT LinkID="74" Class="NiSceneGraphComponent" Name="Scene Graph" MasterLinkID="45" />
        <ENTITY LinkID="75" Class="NiGeneralEntity" Name="Art_Wine1001_01 73" Type="Object" UsePhysX="FALSE" PostfixTexture="" Optimization="0" AlphaGroup="1" RandomAni="FALSE" TemplateID="1,d7,ca,d5,20,79,f8,40,a6,1e,62,6a,f7,2,ca,aa" MasterLinkID="43">
            <COMPONENT RefLinkID="76" />
            <COMPONENT RefLinkID="77" />
        </ENTITY>
        <COMPONENT LinkID="76" Class="NiTransformationComponent" Name="Transformation">
            <PROPERTY Class="Point3" Name="Translation">-3702.2441406250000000, 6839.2939453125000000, 807.7495727539062500</PROPERTY>
            <PROPERTY Class="Matrix3" Name="Rotation">
                <ROW>-0.1096348166465759, -0.9934449195861816, -0.0323645994067192</ROW>
                <ROW>0.9939719438552856, -0.1095766797661781, -0.0035698062274605</ROW>
                <ROW>0.0000000000000000, -0.0325608812272549, 0.9994697570800781</ROW>
            </PROPERTY>
            <PROPERTY Class="Float" Name="Scale">1.2904574871063232</PROPERTY>
        </COMPONENT>
        <COMPONENT LinkID="77" Class="NiSceneGraphComponent" Name="Scene Graph" MasterLinkID="45" />
        <ENTITY LinkID="78" Class="NiGeneralEntity" Name="Art_Wine1001_01 72" Type="Object" UsePhysX="FALSE" PostfixTexture="" Optimization="0" AlphaGroup="1" RandomAni="FALSE" TemplateID="1,d7,ca,d5,20,79,f8,40,a6,1e,62,6a,f7,2,ca,aa" MasterLinkID="43">
            <COMPONENT RefLinkID="79" />
            <COMPONENT RefLinkID="80" />
        </ENTITY>
        <COMPONENT LinkID="79" Class="NiTransformationComponent" Name="Transformation">
            <PROPERTY Class="Point3" Name="Translation">-3702.3652343750000000, 6821.4648437500000000, 808.6777954101562500</PROPERTY>
            <PROPERTY Class="Matrix3" Name="Rotation">
                <ROW>-0.1096348166465759, -0.9934449195861816, -0.0323645994067192</ROW>
                <ROW>0.9939719438552856, -0.1095766797661781, -0.0035698062274605</ROW>
                <ROW>0.0000000000000000, -0.0325608812272549, 0.9994697570800781</ROW>
            </PROPERTY>
            <PROPERTY Class="Float" Name="Scale">1.2904574871063232</PROPERTY>
        </COMPONENT>
        <COMPONENT LinkID="80" Class="NiSceneGraphComponent" Name="Scene Graph" MasterLinkID="45" />
        <ENTITY LinkID="81" Class="NiGeneralEntity" Name="Art_Wine1001_01 71" Type="Object" UsePhysX="FALSE" PostfixTexture="" Optimization="0" AlphaGroup="1" RandomAni="FALSE" TemplateID="1,d7,ca,d5,20,79,f8,40,a6,1e,62,6a,f7,2,ca,aa" MasterLinkID="43">
            <COMPONENT RefLinkID="82" />
            <COMPONENT RefLinkID="83" />
        </ENTITY>
        <COMPONENT LinkID="82" Class="NiTransformationComponent" Name="Transformation">
            <PROPERTY Class="Point3" Name="Translation">-3703.2851562500000000, 6830.1000976562500000, 807.6830444335937500</PROPERTY>
            <PROPERTY Class="Matrix3" Name="Rotation">
                <ROW>-0.1096348166465759, -0.9934449195861816, -0.0323645994067192</ROW>
                <ROW>0.9939719438552856, -0.1095766797661781, -0.0035698062274605</ROW>
                <ROW>0.0000000000000000, -0.0325608812272549, 0.9994697570800781</ROW>
            </PROPERTY>
            <PROPERTY Class="Float" Name="Scale">1.2904574871063232</PROPERTY>
        </COMPONENT>
        <COMPONENT LinkID="83" Class="NiSceneGraphComponent" Name="Scene Graph" MasterLinkID="45" />
        <ENTITY LinkID="84" Class="NiGeneralEntity" Name="Art_Wine1001_01 70" Type="Object" UsePhysX="FALSE" PostfixTexture="" Optimization="0" AlphaGroup="1" RandomAni="FALSE" TemplateID="1,d7,ca,d5,20,79,f8,40,a6,1e,62,6a,f7,2,ca,aa" MasterLinkID="43">
            <COMPONENT RefLinkID="85" />
            <COMPONENT RefLinkID="86" />
        </ENTITY>
        <COMPONENT LinkID="85" Class="NiTransformationComponent" Name="Transformation">
            <PROPERTY Class="Point3" Name="Translation">-3692.2436523437500000, 6830.3081054687500000, 807.6830444335937500</PROPERTY>
            <PROPERTY Class="Matrix3" Name="Rotation">
                <ROW>-0.1096348166465759, -0.9934449195861816, -0.0323645994067192</ROW>
                <ROW>0.9939719438552856, -0.1095766797661781, -0.0035698062274605</ROW>
                <ROW>0.0000000000000000, -0.0325608812272549, 0.9994697570800781</ROW>
            </PROPERTY>
            <PROPERTY Class="Float" Name="Scale">1.2904574871063232</PROPERTY>
        </COMPONENT>
        <COMPONENT LinkID="86" Class="NiSceneGraphComponent" Name="Scene Graph" MasterLinkID="45" />
        <ENTITY LinkID="87" Class="NiGeneralEntity" Name="Art_Wine1001_01 69" Type="Object" UsePhysX="FALSE" PostfixTexture="" Optimization="0" AlphaGroup="1" RandomAni="FALSE" TemplateID="1,d7,ca,d5,20,79,f8,40,a6,1e,62,6a,f7,2,ca,aa" MasterLinkID="43">
            <COMPONENT RefLinkID="88" />
            <COMPONENT RefLinkID="89" />
        </ENTITY>
        <COMPONENT LinkID="88" Class="NiTransformationComponent" Name="Transformation">
            <PROPERTY Class="Point3" Name="Translation">-3691.2021484375000000, 6839.5019531250000000, 807.7495727539062500</PROPERTY>
            <PROPERTY Class="Matrix3" Name="Rotation">
                <ROW>-0.1096348166465759, -0.9934449195861816, -0.0323645994067192</ROW>
                <ROW>0.9939719438552856, -0.1095766797661781, -0.0035698062274605</ROW>
                <ROW>0.0000000000000000, -0.0325608812272549, 0.9994697570800781</ROW>
            </PROPERTY>
            <PROPERTY Class="Float" Name="Scale">1.2904574871063232</PROPERTY>
        </COMPONENT>
        <COMPONENT LinkID="89" Class="NiSceneGraphComponent" Name="Scene Graph" MasterLinkID="45" />
        <ENTITY LinkID="90" Class="NiGeneralEntity" Name="Art_Wine1001_01 68" Type="Object" UsePhysX="FALSE" PostfixTexture="" Optimization="0" AlphaGroup="1" RandomAni="FALSE" TemplateID="1,d7,ca,d5,20,79,f8,40,a6,1e,62,6a,f7,2,ca,aa" MasterLinkID="43">
            <COMPONENT RefLinkID="91" />
            <COMPONENT RefLinkID="92" />
        </ENTITY>
        <COMPONENT LinkID="91" Class="NiTransformationComponent" Name="Transformation">
            <PROPERTY Class="Point3" Name="Translation">-3682.2866210937500000, 6839.5019531250000000, 807.7495727539062500</PROPERTY>
            <PROPERTY Class="Matrix3" Name="Rotation">
                <ROW>-0.1096348166465759, -0.9934449195861816, -0.0323645994067192</ROW>
                <ROW>0.9939719438552856, -0.1095766797661781, -0.0035698062274605</ROW>
                <ROW>0.0000000000000000, -0.0325608812272549, 0.9994697570800781</ROW>
            </PROPERTY>
            <PROPERTY Class="Float" Name="Scale">1.2904574871063232</PROPERTY>
        </COMPONENT>
        <COMPONENT LinkID="92" Class="NiSceneGraphComponent" Name="Scene Graph" MasterLinkID="45" />
        <ENTITY LinkID="93" Class="NiGeneralEntity" Name="Art_Wine1001_01 67" Type="Object" UsePhysX="FALSE" PostfixTexture="" Optimization="0" AlphaGroup="1" RandomAni="FALSE" TemplateID="1,d7,ca,d5,20,79,f8,40,a6,1e,62,6a,f7,2,ca,aa" MasterLinkID="43">
            <COMPONENT RefLinkID="94" />
            <COMPONENT RefLinkID="95" />
        </ENTITY>
        <COMPONENT LinkID="94" Class="NiTransformationComponent" Name="Transformation">
            <PROPERTY Class="Point3" Name="Translation">-3683.3276367187500000, 6830.3081054687500000, 807.6830444335937500</PROPERTY>
            <PROPERTY Class="Matrix3" Name="Rotation">
                <ROW>-0.1096348166465759, -0.9934449195861816, -0.0323645994067192</ROW>
                <ROW>0.9939719438552856, -0.1095766797661781, -0.0035698062274605</ROW>
                <ROW>0.0000000000000000, -0.0325608812272549, 0.9994697570800781</ROW>
            </PROPERTY>
            <PROPERTY Class="Float" Name="Scale">1.2904574871063232</PROPERTY>
        </COMPONENT>
        <COMPONENT LinkID="95" Class="NiSceneGraphComponent" Name="Scene Graph" MasterLinkID="45" />
        <ENTITY LinkID="96" Class="NiGeneralEntity" Name="Art_Wine1001_01 66" Type="Object" UsePhysX="FALSE" PostfixTexture="" Optimization="0" AlphaGroup="1" RandomAni="FALSE" TemplateID="1,d7,ca,d5,20,79,f8,40,a6,1e,62,6a,f7,2,ca,aa" MasterLinkID="43">
            <COMPONENT RefLinkID="97" />
            <COMPONENT RefLinkID="98" />
        </ENTITY>
        <COMPONENT LinkID="97" Class="NiTransformationComponent" Name="Transformation">
            <PROPERTY Class="Point3" Name="Translation">-3691.3237304687500000, 6821.6728515625000000, 808.6777954101562500</PROPERTY>
            <PROPERTY Class="Matrix3" Name="Rotation">
                <ROW>-0.1096348166465759, -0.9934449195861816, -0.0323645994067192</ROW>
                <ROW>0.9939719438552856, -0.1095766797661781, -0.0035698062274605</ROW>
                <ROW>0.0000000000000000, -0.0325608812272549, 0.9994697570800781</ROW>
            </PROPERTY>
            <PROPERTY Class="Float" Name="Scale">1.2904574871063232</PROPERTY>
        </COMPONENT>
        <COMPONENT LinkID="98" Class="NiSceneGraphComponent" Name="Scene Graph" MasterLinkID="45" />
        <ENTITY LinkID="99" Class="NiGeneralEntity" Name="Art_CeramicsWic1001_01 08" Type="Object" UsePhysX="TRUE" PostfixTexture="" Optimization="0" AlphaGroup="1" RandomAni="FALSE" TemplateID="4c,38,e3,7c,6e,ea,2c,4b,ad,a6,7e,26,9e,a1,7f,b7" MasterLinkID="100">
            <COMPONENT RefLinkID="103" />
            <COMPONENT RefLinkID="104" />
        </ENTITY>
        <ENTITY LinkID="100" Class="NiGeneralEntity" Name="[Object]props.Art_CeramicsWic1001_01" TemplateID="4c,38,e3,7c,6e,ea,2c,4b,ad,a6,7e,26,9e,a1,7f,b7">
            <COMPONENT RefLinkID="101" />
            <COMPONENT RefLinkID="102" />
        </ENTITY>
        <COMPONENT LinkID="101" Class="NiTransformationComponent" Name="Transformation">
            <PROPERTY Class="Point3" Name="Translation">0.0000000000000000, 0.0000000000000000, 0.0000000000000000</PROPERTY>
            <PROPERTY Class="Matrix3" Name="Rotation">
                <ROW>1.0000000000000000, 0.0000000000000000, 0.0000000000000000</ROW>
                <ROW>0.0000000000000000, 1.0000000000000000, 0.0000000000000000</ROW>
                <ROW>0.0000000000000000, 0.0000000000000000, 1.0000000000000000</ROW>
            </PROPERTY>
            <PROPERTY Class="Float" Name="Scale">1.0000000000000000</PROPERTY>
        </COMPONENT>
        <COMPONENT LinkID="102" Class="NiSceneGraphComponent" Name="Scene Graph">
            <PROPERTY Class="String" Name="NIF File Path" Asset="TRUE">.\..\..\00_Object\props\Art_CeramicsWic1001_01.nif</PROPERTY>
        </COMPONENT>
        <COMPONENT LinkID="103" Class="NiTransformationComponent" Name="Transformation">
            <PROPERTY Class="Point3" Name="Translation">-3697.2275390625000000, 6826.7290039062500000, 809.8723144531250000</PROPERTY>
            <PROPERTY Class="Matrix3" Name="Rotation">
                <ROW>1.0000000000000000, 0.0000005324734502, 0.0000000000000000</ROW>
                <ROW>-0.0000005324734502, 1.0000000000000000, 0.0000000000000000</ROW>
                <ROW>0.0000000000000000, 0.0000000000000000, 1.0000000000000000</ROW>
            </PROPERTY>
            <PROPERTY Class="Float" Name="Scale">1.4483425617218018</PROPERTY>
        </COMPONENT>
        <COMPONENT LinkID="104" Class="NiSceneGraphComponent" Name="Scene Graph" MasterLinkID="102" />
