<?xml version="1.0" ?>
<GSA Major="1" Minor="0" Patch="0">
    <PALETTES_DIRECTORY>
        <PALETTE_DIR IDX="0" DIRECTORY=".\..\..\..\..\..\ToolBin\SceneDesigner\Release\Data\" />
        <PALETTE_DIR IDX="1" DIRECTORY=".\..\..\Palettes\" />
    </PALETTES_DIRECTORY>
    <PALETTES>
        <PALETTE NAME="Default" DIR_IDX="0" />
        <PALETTE NAME="Block" DIR_IDX="1" />
        <PALETTE NAME="General" DIR_IDX="1" />
        <PALETTE NAME="Object" DIR_IDX="1" />
        <PALETTE NAME="Effect" DIR_IDX="1" />
    </PALETTES>
    <OBJECTS>
        <ENTITY LinkID="0" Class="NiGeneralEntity" Name="Art_Wine1001_01 72" Type="Object" UsePhysX="FALSE" PostfixTexture="" Optimization="0" AlphaGroup="1" RandomAni="FALSE" TemplateID="1,d7,ca,d5,20,79,f8,40,a6,1e,62,6a,f7,2,ca,aa" MasterLinkID="1">
            <COMPONENT RefLinkID="4" />
            <COMPONENT RefLinkID="5" />
        </ENTITY>
        <ENTITY LinkID="1" Class="NiGeneralEntity" Name="[Object]props.Art_Wine1001_01" TemplateID="1,d7,ca,d5,20,79,f8,40,a6,1e,62,6a,f7,2,ca,aa">
            <COMPONENT RefLinkID="2" />
            <COMPONENT RefLinkID="3" />
        </ENTITY>
        <COMPONENT LinkID="2" Class="NiTransformationComponent" Name="Transformation">
            <PROPERTY Class="Point3" Name="Translation">0.0000000000000000, 0.0000000000000000, 0.0000000000000000</PROPERTY>
            <PROPERTY Class="Matrix3" Name="Rotation">
                <ROW>1.0000000000000000, 0.0000000000000000, 0.0000000000000000</ROW>
                <ROW>0.0000000000000000, 1.0000000000000000, 0.0000000000000000</ROW>
                <ROW>0.0000000000000000, 0.0000000000000000, 1.0000000000000000</ROW>
            </PROPERTY>
            <PROPERTY Class="Float" Name="Scale">1.0000000000000000</PROPERTY>
        </COMPONENT>
        <COMPONENT LinkID="3" Class="NiSceneGraphComponent" Name="Scene Graph">
            <PROPERTY Class="String" Name="NIF File Path" Asset="TRUE">.\..\..\00_Object\props\Art_Wine1001_01.nif</PROPERTY>
        </COMPONENT>
        <COMPONENT LinkID="4" Class="NiTransformationComponent" Name="Transformation">
            <PROPERTY Class="Point3" Name="Translation">-856.7880859375000000, 4367.9531250000000000, -141.1185913085937500</PROPERTY>
            <PROPERTY Class="Matrix3" Name="Rotation">
                <ROW>-0.1096353456377983, -0.9934448599815369, -0.0323645994067192</ROW>
                <ROW>0.9939718842506409, -0.1095772087574005, -0.0035698234569281</ROW>
                <ROW>0.0000000000000000, -0.0325608812272549, 0.9994697570800781</ROW>
            </PROPERTY>
            <PROPERTY Class="Float" Name="Scale">1.2904574871063232</PROPERTY>
        </COMPONENT>
        <COMPONENT LinkID="5" Class="NiSceneGraphComponent" Name="Scene Graph" MasterLinkID="3" />
        <ENTITY LinkID="6" Class="NiGeneralEntity" Name="Art_BeachBox5001_01 40" Type="Object" UsePhysX="FALSE" PostfixTexture="" Optimization="0" AlphaGroup="1" RandomAni="FALSE" TemplateID="2a,8d,a2,4c,cd,ae,1d,4c,89,9d,cc,c7,56,e9,b8,26" MasterLinkID="7">
            <COMPONENT RefLinkID="11" />
            <COMPONENT RefLinkID="12" />
            <COMPONENT RefLinkID="13" />
        </ENTITY>
        <ENTITY LinkID="7" Class="NiGeneralEntity" Name="[Object]Box.Art_BeachBox5001_01" TemplateID="2a,8d,a2,4c,cd,ae,1d,4c,89,9d,cc,c7,56,e9,b8,26">
            <COMPONENT RefLinkID="8" />
            <COMPONENT RefLinkID="9" />
            <COMPONENT RefLinkID="10" />
        </ENTITY>
        <COMPONENT LinkID="8" Class="NiTransformationComponent" Name="Transformation">
            <PROPERTY Class="Point3" Name="Translation">0.0000000000000000, 0.0000000000000000, 0.0000000000000000</PROPERTY>
            <PROPERTY Class="Matrix3" Name="Rotation">
                <ROW>1.0000000000000000, 0.0000000000000000, 0.0000000000000000</ROW>
                <ROW>0.0000000000000000, 1.0000000000000000, 0.0000000000000000</ROW>
                <ROW>0.0000000000000000, 0.0000000000000000, 1.0000000000000000</ROW>
            </PROPERTY>
            <PROPERTY Class="Float" Name="Scale">1.0000000000000000</PROPERTY>
        </COMPONENT>
        <COMPONENT LinkID="9" Class="NiSceneGraphComponent" Name="Scene Graph">
            <PROPERTY Class="String" Name="NIF File Path" Asset="TRUE">.\..\..\00_Object\Box\Art_BeachBox5001_01.nif</PROPERTY>
        </COMPONENT>
        <COMPONENT LinkID="10" Class="NiGeneralComponent" Name="Hide Object" TemplateID="f6,46,16,db,61,92,23,47,b5,4a,da,2d,42,d7,85,b9">
            <PROPERTY Class="Float" Name="Alpha Value" SemanticType="Float" DisplayName="Alpha Value" Description="">0.4000000059604645</PROPERTY>
            <PROPERTY Class="Boolean" Name="Alpha Enable" SemanticType="Boolean" DisplayName="Alpha Enable" Description="">FALSE</PROPERTY>
            <PROPERTY Class="Boolean" Name="Hide Object" SemanticType="Boolean" DisplayName="Hide Object" Description="">FALSE</PROPERTY>
        </COMPONENT>
        <COMPONENT LinkID="11" Class="NiTransformationComponent" Name="Transformation">
            <PROPERTY Class="Point3" Name="Translation">-1135.7677001953125000, 4368.4658203125000000, -138.8903503417968700</PROPERTY>
            <PROPERTY Class="Matrix3" Name="Rotation">
                <ROW>0.9680854678153992, 0.2506204843521118, 0.0000000000000000</ROW>
                <ROW>-0.2506204843521118, 0.9680854678153992, 0.0000000000000000</ROW>
                <ROW>0.0000000000000000, 0.0000000000000000, 1.0000000000000000</ROW>
            </PROPERTY>
            <PROPERTY Class="Float" Name="Scale">0.8587430119514465</PROPERTY>
        </COMPONENT>
        <COMPONENT LinkID="12" Class="NiSceneGraphComponent" Name="Scene Graph" MasterLinkID="9" />
        <COMPONENT LinkID="13" Class="NiGeneralComponent" Name="Hide Object" TemplateID="f6,46,16,db,61,92,23,47,b5,4a,da,2d,42,d7,85,b9" MasterLinkID="10" />
        <ENTITY LinkID="14" Class="NiGeneralEntity" Name="Art_CeramicsWic1001_01 08" Type="Object" UsePhysX="FALSE" PostfixTexture="" Optimization="0" AlphaGroup="1" RandomAni="FALSE" TemplateID="4c,38,e3,7c,6e,ea,2c,4b,ad,a6,7e,26,9e,a1,7f,b7" MasterLinkID="15">
            <COMPONENT RefLinkID="18" />
            <COMPONENT RefLinkID="19" />
        </ENTITY>
        <ENTITY LinkID="15" Class="NiGeneralEntity" Name="[Object]props.Art_CeramicsWic1001_01" TemplateID="4c,38,e3,7c,6e,ea,2c,4b,ad,a6,7e,26,9e,a1,7f,b7">
            <COMPONENT RefLinkID="16" />
            <COMPONENT RefLinkID="17" />
        </ENTITY>
        <COMPONENT LinkID="16" Class="NiTransformationComponent" Name="Transformation">
            <PROPERTY Class="Point3" Name="Translation">0.0000000000000000, 0.0000000000000000, 0.0000000000000000</PROPERTY>
            <PROPERTY Class="Matrix3" Name="Rotation">
                <ROW>1.0000000000000000, 0.0000000000000000, 0.0000000000000000</ROW>
                <ROW>0.0000000000000000, 1.0000000000000000, 0.0000000000000000</ROW>
                <ROW>0.0000000000000000, 0.0000000000000000, 1.0000000000000000</ROW>
            </PROPERTY>
            <PROPERTY Class="Float" Name="Scale">1.0000000000000000</PROPERTY>
        </COMPONENT>
        <COMPONENT LinkID="17" Class="NiSceneGraphComponent" Name="Scene Graph">
            <PROPERTY Class="String" Name="NIF File Path" Asset="TRUE">.\..\..\00_Object\props\Art_CeramicsWic1001_01.nif</PROPERTY>
        </COMPONENT>
        <COMPONENT LinkID="18" Class="NiTransformationComponent" Name="Transformation">
            <PROPERTY Class="Point3" Name="Translation">-870.6879882812500000, 4364.3740234375000000, -138.9292907714843700</PROPERTY>
            <PROPERTY Class="Matrix3" Name="Rotation">
                <ROW>1.0000000000000000, 0.0000000000000000, 0.0000000000000000</ROW>
                <ROW>0.0000000000000000, 1.0000000000000000, 0.0000000000000000</ROW>
                <ROW>0.0000000000000000, 0.0000000000000000, 1.0000000000000000</ROW>
            </PROPERTY>
            <PROPERTY Class="Float" Name="Scale">1.4483425617218018</PROPERTY>
        </COMPONENT>
        <COMPONENT LinkID="19" Class="NiSceneGraphComponent" Name="Scene Graph" MasterLinkID="17" />
        <ENTITY LinkID="20" Class="NiGeneralEntity" Name="Art_Wine1001_01 73" Type="Object" UsePhysX="FALSE" PostfixTexture="" Optimization="0" AlphaGroup="1" RandomAni="FALSE" TemplateID="1,d7,ca,d5,20,79,f8,40,a6,1e,62,6a,f7,2,ca,aa" MasterLinkID="1">
            <COMPONENT RefLinkID="21" />
            <COMPONENT RefLinkID="22" />
        </ENTITY>
        <COMPONENT LinkID="21" Class="NiTransformationComponent" Name="Transformation">
            <PROPERTY Class="Point3" Name="Translation">-864.7836914062500000, 4359.3178710937500000, -140.1237945556640600</PROPERTY>
            <PROPERTY Class="Matrix3" Name="Rotation">
                <ROW>-0.1096353456377983, -0.9934448599815369, -0.0323645994067192</ROW>
                <ROW>0.9939718842506409, -0.1095772087574005, -0.0035698234569281</ROW>
                <ROW>0.0000000000000000, -0.0325608812272549, 0.9994697570800781</ROW>
            </PROPERTY>
            <PROPERTY Class="Float" Name="Scale">1.2904574871063232</PROPERTY>
        </COMPONENT>
        <COMPONENT LinkID="22" Class="NiSceneGraphComponent" Name="Scene Graph" MasterLinkID="3" />
        <ENTITY LinkID="23" Class="NiGeneralEntity" Name="Art_BeachBox5001_01 41" Type="Object" UsePhysX="FALSE" PostfixTexture="" Optimization="0" AlphaGroup="1" RandomAni="FALSE" TemplateID="2a,8d,a2,4c,cd,ae,1d,4c,89,9d,cc,c7,56,e9,b8,26" MasterLinkID="7">
            <COMPONENT RefLinkID="24" />
            <COMPONENT RefLinkID="25" />
            <COMPONENT RefLinkID="26" />
        </ENTITY>
        <COMPONENT LinkID="24" Class="NiTransformationComponent" Name="Transformation">
            <PROPERTY Class="Point3" Name="Translation">-1255.9117431640625000, 4347.8281250000000000, -98.9906234741210940</PROPERTY>
            <PROPERTY Class="Matrix3" Name="Rotation">
                <ROW>0.2186140716075897, -0.9758114814758301, 0.0000000000000000</ROW>
                <ROW>0.9758114814758301, 0.2186140716075897, 0.0000000000000000</ROW>
                <ROW>0.0000000000000000, 0.0000000000000000, 1.0000000000000000</ROW>
            </PROPERTY>
            <PROPERTY Class="Float" Name="Scale">1.0693657398223877</PROPERTY>
        </COMPONENT>
        <COMPONENT LinkID="25" Class="NiSceneGraphComponent" Name="Scene Graph" MasterLinkID="9" />
        <COMPONENT LinkID="26" Class="NiGeneralComponent" Name="Hide Object" TemplateID="f6,46,16,db,61,92,23,47,b5,4a,da,2d,42,d7,85,b9" MasterLinkID="10" />
        <ENTITY LinkID="27" Class="NiGeneralEntity" Name="Art_Drum1001_02 27" Type="Object" UsePhysX="FALSE" PostfixTexture="" Optimization="0" AlphaGroup="1" RandomAni="FALSE" TemplateID="36,f9,16,c,6,c7,1b,4a,88,54,c9,fa,c5,4a,a3,ff" MasterLinkID="28">
            <COMPONENT RefLinkID="32" />
            <COMPONENT RefLinkID="33" />
            <COMPONENT RefLinkID="34" />
        </ENTITY>
        <ENTITY LinkID="28" Class="NiGeneralEntity" Name="[Object]Box.Art_Drum1001_02" TemplateID="36,f9,16,c,6,c7,1b,4a,88,54,c9,fa,c5,4a,a3,ff">
            <COMPONENT RefLinkID="29" />
            <COMPONENT RefLinkID="30" />
            <COMPONENT RefLinkID="31" />
        </ENTITY>
        <COMPONENT LinkID="29" Class="NiTransformationComponent" Name="Transformation">
            <PROPERTY Class="Point3" Name="Translation">0.0000000000000000, 0.0000000000000000, 0.0000000000000000</PROPERTY>
            <PROPERTY Class="Matrix3" Name="Rotation">
                <ROW>1.0000000000000000, 0.0000000000000000, 0.0000000000000000</ROW>
                <ROW>0.0000000000000000, 1.0000000000000000, 0.0000000000000000</ROW>
                <ROW>0.0000000000000000, 0.0000000000000000, 1.0000000000000000</ROW>
            </PROPERTY>
            <PROPERTY Class="Float" Name="Scale">1.0000000000000000</PROPERTY>
        </COMPONENT>
        <COMPONENT LinkID="30" Class="NiSceneGraphComponent" Name="Scene Graph">
            <PROPERTY Class="String" Name="NIF File Path" Asset="TRUE">.\..\..\00_Object\Box\Art_Drum1001_02.nif</PROPERTY>
        </COMPONENT>
        <COMPONENT LinkID="31" Class="NiGeneralComponent" Name="Hide Object" TemplateID="f6,46,16,db,61,92,23,47,b5,4a,da,2d,42,d7,85,b9">
            <PROPERTY Class="Float" Name="Alpha Value" SemanticType="Float" DisplayName="Alpha Value" Description="">0.4000000059604645</PROPERTY>
            <PROPERTY Class="Boolean" Name="Alpha Enable" SemanticType="Boolean" DisplayName="Alpha Enable" Description="">FALSE</PROPERTY>
            <PROPERTY Class="Boolean" Name="Hide Object" SemanticType="Boolean" DisplayName="Hide Object" Description="">FALSE</PROPERTY>
        </COMPONENT>
        <COMPONENT LinkID="32" Class="NiTransformationComponent" Name="Transformation">
            <PROPERTY Class="Point3" Name="Translation">-1182.9332275390625000, 4369.9179687500000000, -112.8912658691406200</PROPERTY>
            <PROPERTY Class="Matrix3" Name="Rotation">
                <ROW>-0.0000000396159692, -0.4226183593273163, -0.9063076972961426</ROW>
                <ROW>-0.0000000184732372, 0.9063076972961426, -0.4226183593273163</ROW>
                <ROW>1.0000000000000000, 0.0000000000000000, -0.0000000437113883</ROW>
            </PROPERTY>
            <PROPERTY Class="Float" Name="Scale">1.3017048835754395</PROPERTY>
        </COMPONENT>
        <COMPONENT LinkID="33" Class="NiSceneGraphComponent" Name="Scene Graph" MasterLinkID="30" />
        <COMPONENT LinkID="34" Class="NiGeneralComponent" Name="Hide Object" TemplateID="f6,46,16,db,61,92,23,47,b5,4a,da,2d,42,d7,85,b9" MasterLinkID="31" />
        <ENTITY LinkID="35" Class="NiGeneralEntity" Name="Art_BeachBox5001_01 39" Type="Object" UsePhysX="FALSE" PostfixTexture="" Optimization="0" AlphaGroup="1" RandomAni="FALSE" TemplateID="2a,8d,a2,4c,cd,ae,1d,4c,89,9d,cc,c7,56,e9,b8,26" MasterLinkID="7">
            <COMPONENT RefLinkID="36" />
            <COMPONENT RefLinkID="37" />
            <COMPONENT RefLinkID="38" />
        </ENTITY>
        <COMPONENT LinkID="36" Class="NiTransformationComponent" Name="Transformation">
            <PROPERTY Class="Point3" Name="Translation">-1257.5552978515625000, 4348.3945312500000000, -139.0576171875000000</PROPERTY>
            <PROPERTY Class="Matrix3" Name="Rotation">
                <ROW>0.6231966018676758, -0.7820652723312378, 0.0000000000000000</ROW>
                <ROW>0.7820652723312378, 0.6231966018676758, 0.0000000000000000</ROW>
                <ROW>0.0000000000000000, 0.0000000000000000, 1.0000000000000000</ROW>
            </PROPERTY>
            <PROPERTY Class="Float" Name="Scale">1.3526669740676880</PROPERTY>
        </COMPONENT>
        <COMPONENT LinkID="37" Class="NiSceneGraphComponent" Name="Scene Graph" MasterLinkID="9" />
        <COMPONENT LinkID="38" Class="NiGeneralComponent" Name="Hide Object" TemplateID="f6,46,16,db,61,92,23,47,b5,4a,da,2d,42,d7,85,b9" MasterLinkID="10" />
        <ENTITY LinkID="39" Class="NiGeneralEntity" Name="Art_Drum1001_02 30" Type="Object" UsePhysX="FALSE" PostfixTexture="" Optimization="0" AlphaGroup="1" RandomAni="FALSE" TemplateID="36,f9,16,c,6,c7,1b,4a,88,54,c9,fa,c5,4a,a3,ff" MasterLinkID="28">
            <COMPONENT RefLinkID="40" />
            <COMPONENT RefLinkID="41" />
            <COMPONENT RefLinkID="42" />
        </ENTITY>
        <COMPONENT LinkID="40" Class="NiTransformationComponent" Name="Transformation">
            <PROPERTY Class="Point3" Name="Translation">-1151.0836181640625000, 4376.2368164062500000, -120.7461700439453100</PROPERTY>
            <PROPERTY Class="Matrix3" Name="Rotation">
                <ROW>-0.0000000396159692, -0.4226183593273163, -0.9063076972961426</ROW>
                <ROW>-0.0000000184732372, 0.9063076972961426, -0.4226183593273163</ROW>
                <ROW>1.0000000000000000, 0.0000000000000000, -0.0000000437113883</ROW>
            </PROPERTY>
            <PROPERTY Class="Float" Name="Scale">0.8740882873535156</PROPERTY>
        </COMPONENT>
        <COMPONENT LinkID="41" Class="NiSceneGraphComponent" Name="Scene Graph" MasterLinkID="30" />
        <COMPONENT LinkID="42" Class="NiGeneralComponent" Name="Hide Object" TemplateID="f6,46,16,db,61,92,23,47,b5,4a,da,2d,42,d7,85,b9" MasterLinkID="31" />
        <ENTITY LinkID="43" Class="NiGeneralEntity" Name="Art_CeramicsWic1001_01 07" Type="Object" UsePhysX="FALSE" PostfixTexture="" Optimization="0" AlphaGroup="1" RandomAni="FALSE" TemplateID="4c,38,e3,7c,6e,ea,2c,4b,ad,a6,7e,26,9e,a1,7f,b7" MasterLinkID="15">
            <COMPONENT RefLinkID="44" />
            <COMPONENT RefLinkID="45" />
        </ENTITY>
        <COMPONENT LinkID="44" Class="NiTransformationComponent" Name="Transformation">
            <PROPERTY Class="Point3" Name="Translation">-948.3909912109375000, 4364.3740234375000000, -138.9292907714843700</PROPERTY>
            <PROPERTY Class="Matrix3" Name="Rotation">
                <ROW>1.0000000000000000, 0.0000000000000000, 0.0000000000000000</ROW>
                <ROW>0.0000000000000000, 1.0000000000000000, 0.0000000000000000</ROW>
                <ROW>0.0000000000000000, 0.0000000000000000, 1.0000000000000000</ROW>
            </PROPERTY>
            <PROPERTY Class="Float" Name="Scale">1.4483425617218018</PROPERTY>
        </COMPONENT>
        <COMPONENT LinkID="45" Class="NiSceneGraphComponent" Name="Scene Graph" MasterLinkID="17" />
        <ENTITY LinkID="46" Class="NiGeneralEntity" Name="Art_Wine1001_01 49" Type="Object" UsePhysX="FALSE" PostfixTexture="" Optimization="0" AlphaGroup="1" RandomAni="FALSE" TemplateID="1,d7,ca,d5,20,79,f8,40,a6,1e,62,6a,f7,2,ca,aa" MasterLinkID="1">
            <COMPONENT RefLinkID="47" />
            <COMPONENT RefLinkID="48" />
        </ENTITY>
        <COMPONENT LinkID="47" Class="NiTransformationComponent" Name="Transformation">
            <PROPERTY Class="Point3" Name="Translation">-959.2440185546875000, 4374.8105468750000000, -138.3502349853515600</PROPERTY>
            <PROPERTY Class="Matrix3" Name="Rotation">
                <ROW>-0.0000000437113883, -1.0000000000000000, 0.0000000000000000</ROW>
                <ROW>1.0000000000000000, -0.0000000437113883, 0.0000000000000000</ROW>
                <ROW>0.0000000000000000, 0.0000000000000000, 1.0000000000000000</ROW>
            </PROPERTY>
            <PROPERTY Class="Float" Name="Scale">1.2904574871063232</PROPERTY>
        </COMPONENT>
        <COMPONENT LinkID="48" Class="NiSceneGraphComponent" Name="Scene Graph" MasterLinkID="3" />
        <ENTITY LinkID="49" Class="NiGeneralEntity" Name="Art_Wine1001_01 50" Type="Object" UsePhysX="FALSE" PostfixTexture="" Optimization="0" AlphaGroup="1" RandomAni="FALSE" TemplateID="1,d7,ca,d5,20,79,f8,40,a6,1e,62,6a,f7,2,ca,aa" MasterLinkID="1">
            <COMPONENT RefLinkID="50" />
            <COMPONENT RefLinkID="51" />
        </ENTITY>
        <COMPONENT LinkID="50" Class="NiTransformationComponent" Name="Transformation">
            <PROPERTY Class="Point3" Name="Translation">-961.2879638671875000, 4365.7861328125000000, -138.3502349853515600</PROPERTY>
            <PROPERTY Class="Matrix3" Name="Rotation">
                <ROW>-0.0000000437113883, -1.0000000000000000, 0.0000000000000000</ROW>
                <ROW>1.0000000000000000, -0.0000000437113883, 0.0000000000000000</ROW>
                <ROW>0.0000000000000000, 0.0000000000000000, 1.0000000000000000</ROW>
            </PROPERTY>
            <PROPERTY Class="Float" Name="Scale">1.2904574871063232</PROPERTY>
        </COMPONENT>
        <COMPONENT LinkID="51" Class="NiSceneGraphComponent" Name="Scene Graph" MasterLinkID="3" />
        <ENTITY LinkID="52" Class="NiGeneralEntity" Name="Art_Wine1001_01 51" Type="Object" UsePhysX="FALSE" PostfixTexture="" Optimization="0" AlphaGroup="1" RandomAni="FALSE" TemplateID="1,d7,ca,d5,20,79,f8,40,a6,1e,62,6a,f7,2,ca,aa" MasterLinkID="1">
            <COMPONENT RefLinkID="53" />
            <COMPONENT RefLinkID="54" />
        </ENTITY>
        <COMPONENT LinkID="53" Class="NiTransformationComponent" Name="Transformation">
            <PROPERTY Class="Point3" Name="Translation">-961.2879638671875000, 4357.1020507812500000, -137.3549041748046900</PROPERTY>
            <PROPERTY Class="Matrix3" Name="Rotation">
                <ROW>-0.0000000437113883, -1.0000000000000000, 0.0000000000000000</ROW>
                <ROW>1.0000000000000000, -0.0000000437113883, 0.0000000000000000</ROW>
                <ROW>0.0000000000000000, 0.0000000000000000, 1.0000000000000000</ROW>
            </PROPERTY>
            <PROPERTY Class="Float" Name="Scale">1.2904574871063232</PROPERTY>
        </COMPONENT>
        <COMPONENT LinkID="54" Class="NiSceneGraphComponent" Name="Scene Graph" MasterLinkID="3" />
        <ENTITY LinkID="55" Class="NiGeneralEntity" Name="Art_Wine1001_01 52" Type="Object" UsePhysX="FALSE" PostfixTexture="" Optimization="0" AlphaGroup="1" RandomAni="FALSE" TemplateID="1,d7,ca,d5,20,79,f8,40,a6,1e,62,6a,f7,2,ca,aa" MasterLinkID="1">
            <COMPONENT RefLinkID="56" />
            <COMPONENT RefLinkID="57" />
        </ENTITY>
        <COMPONENT LinkID="56" Class="NiTransformationComponent" Name="Transformation">
            <PROPERTY Class="Point3" Name="Translation">-953.5286865234375000, 4359.1098632812500000, -140.1237945556640600</PROPERTY>
            <PROPERTY Class="Matrix3" Name="Rotation">
                <ROW>-0.1096353456377983, -0.9934448599815369, -0.0323645994067192</ROW>
                <ROW>0.9939718842506409, -0.1095772087574005, -0.0035698234569281</ROW>
                <ROW>0.0000000000000000, -0.0325608812272549, 0.9994697570800781</ROW>
            </PROPERTY>
            <PROPERTY Class="Float" Name="Scale">1.2904574871063232</PROPERTY>
        </COMPONENT>
        <COMPONENT LinkID="57" Class="NiSceneGraphComponent" Name="Scene Graph" MasterLinkID="3" />
        <ENTITY LinkID="58" Class="NiGeneralEntity" Name="Art_Wine1001_01 53" Type="Object" UsePhysX="FALSE" PostfixTexture="" Optimization="0" AlphaGroup="1" RandomAni="FALSE" TemplateID="1,d7,ca,d5,20,79,f8,40,a6,1e,62,6a,f7,2,ca,aa" MasterLinkID="1">
            <COMPONENT RefLinkID="59" />
            <COMPONENT RefLinkID="60" />
        </ENTITY>
        <COMPONENT LinkID="59" Class="NiTransformationComponent" Name="Transformation">
            <PROPERTY Class="Point3" Name="Translation">-954.4486083984375000, 4367.7451171875000000, -141.1186065673828100</PROPERTY>
            <PROPERTY Class="Matrix3" Name="Rotation">
                <ROW>-0.1096353456377983, -0.9934448599815369, -0.0323645994067192</ROW>
                <ROW>0.9939718842506409, -0.1095772087574005, -0.0035698234569281</ROW>
                <ROW>0.0000000000000000, -0.0325608812272549, 0.9994697570800781</ROW>
            </PROPERTY>
            <PROPERTY Class="Float" Name="Scale">1.2904574871063232</PROPERTY>
        </COMPONENT>
        <COMPONENT LinkID="60" Class="NiSceneGraphComponent" Name="Scene Graph" MasterLinkID="3" />
        <ENTITY LinkID="61" Class="NiGeneralEntity" Name="Art_Wine1001_01 54" Type="Object" UsePhysX="FALSE" PostfixTexture="" Optimization="0" AlphaGroup="1" RandomAni="FALSE" TemplateID="1,d7,ca,d5,20,79,f8,40,a6,1e,62,6a,f7,2,ca,aa" MasterLinkID="1">
            <COMPONENT RefLinkID="62" />
            <COMPONENT RefLinkID="63" />
        </ENTITY>
        <COMPONENT LinkID="62" Class="NiTransformationComponent" Name="Transformation">
            <PROPERTY Class="Point3" Name="Translation">-953.4071044921875000, 4376.9389648437500000, -141.0520477294921900</PROPERTY>
            <PROPERTY Class="Matrix3" Name="Rotation">
                <ROW>-0.1096353456377983, -0.9934448599815369, -0.0323645994067192</ROW>
                <ROW>0.9939718842506409, -0.1095772087574005, -0.0035698234569281</ROW>
                <ROW>0.0000000000000000, -0.0325608812272549, 0.9994697570800781</ROW>
            </PROPERTY>
            <PROPERTY Class="Float" Name="Scale">1.2904574871063232</PROPERTY>
        </COMPONENT>
        <COMPONENT LinkID="63" Class="NiSceneGraphComponent" Name="Scene Graph" MasterLinkID="3" />
        <ENTITY LinkID="64" Class="NiGeneralEntity" Name="Art_Wine1001_01 55" Type="Object" UsePhysX="FALSE" PostfixTexture="" Optimization="0" AlphaGroup="1" RandomAni="FALSE" TemplateID="1,d7,ca,d5,20,79,f8,40,a6,1e,62,6a,f7,2,ca,aa" MasterLinkID="1">
            <COMPONENT RefLinkID="65" />
            <COMPONENT RefLinkID="66" />
        </ENTITY>
        <COMPONENT LinkID="65" Class="NiTransformationComponent" Name="Transformation">
            <PROPERTY Class="Point3" Name="Translation">-942.4866943359375000, 4359.3178710937500000, -140.1237945556640600</PROPERTY>
            <PROPERTY Class="Matrix3" Name="Rotation">
                <ROW>-0.1096353456377983, -0.9934448599815369, -0.0323645994067192</ROW>
                <ROW>0.9939718842506409, -0.1095772087574005, -0.0035698234569281</ROW>
                <ROW>0.0000000000000000, -0.0325608812272549, 0.9994697570800781</ROW>
            </PROPERTY>
            <PROPERTY Class="Float" Name="Scale">1.2904574871063232</PROPERTY>
        </COMPONENT>
        <COMPONENT LinkID="66" Class="NiSceneGraphComponent" Name="Scene Graph" MasterLinkID="3" />
        <ENTITY LinkID="67" Class="NiGeneralEntity" Name="Art_Wine1001_01 56" Type="Object" UsePhysX="FALSE" PostfixTexture="" Optimization="0" AlphaGroup="1" RandomAni="FALSE" TemplateID="1,d7,ca,d5,20,79,f8,40,a6,1e,62,6a,f7,2,ca,aa" MasterLinkID="1">
            <COMPONENT RefLinkID="68" />
            <COMPONENT RefLinkID="69" />
        </ENTITY>
        <COMPONENT LinkID="68" Class="NiTransformationComponent" Name="Transformation">
            <PROPERTY Class="Point3" Name="Translation">-943.4066162109375000, 4367.9531250000000000, -141.1185913085937500</PROPERTY>
            <PROPERTY Class="Matrix3" Name="Rotation">
                <ROW>-0.1096353456377983, -0.9934448599815369, -0.0323645994067192</ROW>
                <ROW>0.9939718842506409, -0.1095772087574005, -0.0035698234569281</ROW>
                <ROW>0.0000000000000000, -0.0325608812272549, 0.9994697570800781</ROW>
            </PROPERTY>
            <PROPERTY Class="Float" Name="Scale">1.2904574871063232</PROPERTY>
        </COMPONENT>
        <COMPONENT LinkID="69" Class="NiSceneGraphComponent" Name="Scene Graph" MasterLinkID="3" />
        <ENTITY LinkID="70" Class="NiGeneralEntity" Name="Art_Wine1001_01 57" Type="Object" UsePhysX="FALSE" PostfixTexture="" Optimization="0" AlphaGroup="1" RandomAni="FALSE" TemplateID="1,d7,ca,d5,20,79,f8,40,a6,1e,62,6a,f7,2,ca,aa" MasterLinkID="1">
            <COMPONENT RefLinkID="71" />
            <COMPONENT RefLinkID="72" />
        </ENTITY>
        <COMPONENT LinkID="71" Class="NiTransformationComponent" Name="Transformation">
            <PROPERTY Class="Point3" Name="Translation">-942.3651123046875000, 4377.1469726562500000, -141.0520477294921900</PROPERTY>
            <PROPERTY Class="Matrix3" Name="Rotation">
                <ROW>-0.1096353456377983, -0.9934448599815369, -0.0323645994067192</ROW>
                <ROW>0.9939718842506409, -0.1095772087574005, -0.0035698234569281</ROW>
                <ROW>0.0000000000000000, -0.0325608812272549, 0.9994697570800781</ROW>
            </PROPERTY>
            <PROPERTY Class="Float" Name="Scale">1.2904574871063232</PROPERTY>
        </COMPONENT>
        <COMPONENT LinkID="72" Class="NiSceneGraphComponent" Name="Scene Graph" MasterLinkID="3" />
        <ENTITY LinkID="73" Class="NiGeneralEntity" Name="Art_CeramicsWic2001_01 02" Type="Object" UsePhysX="FALSE" PostfixTexture="" Optimization="0" AlphaGroup="1" RandomAni="FALSE" TemplateID="d3,29,e,54,f7,5b,f0,41,af,87,75,57,89,1f,d7,12" MasterLinkID="74">
            <COMPONENT RefLinkID="77" />
            <COMPONENT RefLinkID="78" />
        </ENTITY>
        <ENTITY LinkID="74" Class="NiGeneralEntity" Name="[Object]props.Art_CeramicsWic2001_01" TemplateID="d3,29,e,54,f7,5b,f0,41,af,87,75,57,89,1f,d7,12">
            <COMPONENT RefLinkID="75" />
            <COMPONENT RefLinkID="76" />
        </ENTITY>
        <COMPONENT LinkID="75" Class="NiTransformationComponent" Name="Transformation">
            <PROPERTY Class="Point3" Name="Translation">0.0000000000000000, 0.0000000000000000, 0.0000000000000000</PROPERTY>
            <PROPERTY Class="Matrix3" Name="Rotation">
                <ROW>1.0000000000000000, 0.0000000000000000, 0.0000000000000000</ROW>
                <ROW>0.0000000000000000, 1.0000000000000000, 0.0000000000000000</ROW>
                <ROW>0.0000000000000000, 0.0000000000000000, 1.0000000000000000</ROW>
            </PROPERTY>
            <PROPERTY Class="Float" Name="Scale">1.0000000000000000</PROPERTY>
        </COMPONENT>
        <COMPONENT LinkID="76" Class="NiSceneGraphComponent" Name="Scene Graph">
            <PROPERTY Class="String" Name="NIF File Path" Asset="TRUE">.\..\..\00_Object\props\Art_CeramicsWic2001_01.nif</PROPERTY>
        </COMPONENT>
        <COMPONENT LinkID="77" Class="NiTransformationComponent" Name="Transformation">
            <PROPERTY Class="Point3" Name="Translation">-963.0306396484375000, 4336.2241210937500000, -138.9375000000000000</PROPERTY>
            <PROPERTY Class="Matrix3" Name="Rotation">
                <ROW>-0.0000000437113883, -1.0000000000000000, 0.0000000000000000</ROW>
                <ROW>1.0000000000000000, -0.0000000437113883, 0.0000000000000000</ROW>
                <ROW>0.0000000000000000, 0.0000000000000000, 1.0000000000000000</ROW>
            </PROPERTY>
            <PROPERTY Class="Float" Name="Scale">1.3121223449707031</PROPERTY>
        </COMPONENT>
        <COMPONENT LinkID="78" Class="NiSceneGraphComponent" Name="Scene Graph" MasterLinkID="76" />
        <ENTITY LinkID="79" Class="NiGeneralEntity" Name="Art_Wine1001_01 58" Type="Object" UsePhysX="FALSE" PostfixTexture="" Optimization="0" AlphaGroup="1" RandomAni="FALSE" TemplateID="1,d7,ca,d5,20,79,f8,40,a6,1e,62,6a,f7,2,ca,aa" MasterLinkID="1">
            <COMPONENT RefLinkID="80" />
            <COMPONENT RefLinkID="81" />
        </ENTITY>
        <COMPONENT LinkID="80" Class="NiTransformationComponent" Name="Transformation">
            <PROPERTY Class="Point3" Name="Translation">-934.4910888671875000, 4367.9531250000000000, -141.1185913085937500</PROPERTY>
            <PROPERTY Class="Matrix3" Name="Rotation">
                <ROW>-0.1096353456377983, -0.9934448599815369, -0.0323645994067192</ROW>
                <ROW>0.9939718842506409, -0.1095772087574005, -0.0035698234569281</ROW>
                <ROW>0.0000000000000000, -0.0325608812272549, 0.9994697570800781</ROW>
            </PROPERTY>
            <PROPERTY Class="Float" Name="Scale">1.2904574871063232</PROPERTY>
        </COMPONENT>
        <COMPONENT LinkID="81" Class="NiSceneGraphComponent" Name="Scene Graph" MasterLinkID="3" />
        <ENTITY LinkID="82" Class="NiGeneralEntity" Name="Art_Wine1001_01 59" Type="Object" UsePhysX="FALSE" PostfixTexture="" Optimization="0" AlphaGroup="1" RandomAni="FALSE" TemplateID="1,d7,ca,d5,20,79,f8,40,a6,1e,62,6a,f7,2,ca,aa" MasterLinkID="1">
            <COMPONENT RefLinkID="83" />
            <COMPONENT RefLinkID="84" />
        </ENTITY>
        <COMPONENT LinkID="83" Class="NiTransformationComponent" Name="Transformation">
            <PROPERTY Class="Point3" Name="Translation">-933.4495849609375000, 4377.1469726562500000, -141.0520477294921900</PROPERTY>
            <PROPERTY Class="Matrix3" Name="Rotation">
                <ROW>-0.1096353456377983, -0.9934448599815369, -0.0323645994067192</ROW>
                <ROW>0.9939718842506409, -0.1095772087574005, -0.0035698234569281</ROW>
                <ROW>0.0000000000000000, -0.0325608812272549, 0.9994697570800781</ROW>
            </PROPERTY>
            <PROPERTY Class="Float" Name="Scale">1.2904574871063232</PROPERTY>
        </COMPONENT>
        <COMPONENT LinkID="84" Class="NiSceneGraphComponent" Name="Scene Graph" MasterLinkID="3" />
        <ENTITY LinkID="85" Class="NiGeneralEntity" Name="Art_Wine1001_01 60" Type="Object" UsePhysX="FALSE" PostfixTexture="" Optimization="0" AlphaGroup="1" RandomAni="FALSE" TemplateID="1,d7,ca,d5,20,79,f8,40,a6,1e,62,6a,f7,2,ca,aa" MasterLinkID="1">
            <COMPONENT RefLinkID="86" />
            <COMPONENT RefLinkID="87" />
        </ENTITY>
        <COMPONENT LinkID="86" Class="NiTransformationComponent" Name="Transformation">
            <PROPERTY Class="Point3" Name="Translation">-914.5018310546875000, 4377.1469726562500000, -141.0520477294921900</PROPERTY>
            <PROPERTY Class="Matrix3" Name="Rotation">
                <ROW>-0.1096353456377983, -0.9934448599815369, -0.0323645994067192</ROW>
                <ROW>0.9939718842506409, -0.1095772087574005, -0.0035698234569281</ROW>
                <ROW>0.0000000000000000, -0.0325608812272549, 0.9994697570800781</ROW>
            </PROPERTY>
            <PROPERTY Class="Float" Name="Scale">1.2904574871063232</PROPERTY>
        </COMPONENT>
        <COMPONENT LinkID="87" Class="NiSceneGraphComponent" Name="Scene Graph" MasterLinkID="3" />
        <ENTITY LinkID="88" Class="NiGeneralEntity" Name="Art_Wine1001_01 61" Type="Object" UsePhysX="FALSE" PostfixTexture="" Optimization="0" AlphaGroup="1" RandomAni="FALSE" TemplateID="1,d7,ca,d5,20,79,f8,40,a6,1e,62,6a,f7,2,ca,aa" MasterLinkID="1">
            <COMPONENT RefLinkID="89" />
            <COMPONENT RefLinkID="90" />
        </ENTITY>
        <COMPONENT LinkID="89" Class="NiTransformationComponent" Name="Transformation">
            <PROPERTY Class="Point3" Name="Translation">-915.5428466796875000, 4367.9531250000000000, -141.1185913085937500</PROPERTY>
            <PROPERTY Class="Matrix3" Name="Rotation">
                <ROW>-0.1096353456377983, -0.9934448599815369, -0.0323645994067192</ROW>
                <ROW>0.9939718842506409, -0.1095772087574005, -0.0035698234569281</ROW>
                <ROW>0.0000000000000000, -0.0325608812272549, 0.9994697570800781</ROW>
            </PROPERTY>
            <PROPERTY Class="Float" Name="Scale">1.2904574871063232</PROPERTY>
        </COMPONENT>
        <COMPONENT LinkID="90" Class="NiSceneGraphComponent" Name="Scene Graph" MasterLinkID="3" />
        <ENTITY LinkID="91" Class="NiGeneralEntity" Name="Art_Wine1001_01 62" Type="Object" UsePhysX="FALSE" PostfixTexture="" Optimization="0" AlphaGroup="1" RandomAni="FALSE" TemplateID="1,d7,ca,d5,20,79,f8,40,a6,1e,62,6a,f7,2,ca,aa" MasterLinkID="1">
            <COMPONENT RefLinkID="92" />
            <COMPONENT RefLinkID="93" />
        </ENTITY>
        <COMPONENT LinkID="92" Class="NiTransformationComponent" Name="Transformation">
            <PROPERTY Class="Point3" Name="Translation">-912.9138183593750000, 4358.8808593750000000, -136.9930877685546900</PROPERTY>
            <PROPERTY Class="Matrix3" Name="Rotation">
                <ROW>-0.0423217192292213, -0.8402776718139648, -0.5405018925666809</ROW>
                <ROW>0.0369540452957153, 0.5392998456954956, -0.8413025140762329</ROW>
                <ROW>0.9984204769134522, -0.0555790960788727, 0.0082275643944740</ROW>
            </PROPERTY>
            <PROPERTY Class="Float" Name="Scale">1.2904574871063232</PROPERTY>
        </COMPONENT>
        <COMPONENT LinkID="93" Class="NiSceneGraphComponent" Name="Scene Graph" MasterLinkID="3" />
        <ENTITY LinkID="94" Class="NiGeneralEntity" Name="Art_Wine1001_01 63" Type="Object" UsePhysX="FALSE" PostfixTexture="" Optimization="0" AlphaGroup="1" RandomAni="FALSE" TemplateID="1,d7,ca,d5,20,79,f8,40,a6,1e,62,6a,f7,2,ca,aa" MasterLinkID="1">
            <COMPONENT RefLinkID="95" />
            <COMPONENT RefLinkID="96" />
        </ENTITY>
        <COMPONENT LinkID="95" Class="NiTransformationComponent" Name="Transformation">
            <PROPERTY Class="Point3" Name="Translation">-881.5410156250000000, 4374.8105468750000000, -138.3502349853515600</PROPERTY>
            <PROPERTY Class="Matrix3" Name="Rotation">
                <ROW>-0.0000000437113883, -1.0000000000000000, 0.0000000000000000</ROW>
                <ROW>1.0000000000000000, -0.0000000437113883, 0.0000000000000000</ROW>
                <ROW>0.0000000000000000, 0.0000000000000000, 1.0000000000000000</ROW>
            </PROPERTY>
            <PROPERTY Class="Float" Name="Scale">1.2904574871063232</PROPERTY>
        </COMPONENT>
        <COMPONENT LinkID="96" Class="NiSceneGraphComponent" Name="Scene Graph" MasterLinkID="3" />
        <ENTITY LinkID="97" Class="NiGeneralEntity" Name="Art_Wine1001_01 64" Type="Object" UsePhysX="FALSE" PostfixTexture="" Optimization="0" AlphaGroup="1" RandomAni="FALSE" TemplateID="1,d7,ca,d5,20,79,f8,40,a6,1e,62,6a,f7,2,ca,aa" MasterLinkID="1">
            <COMPONENT RefLinkID="98" />
            <COMPONENT RefLinkID="99" />
        </ENTITY>
        <COMPONENT LinkID="98" Class="NiTransformationComponent" Name="Transformation">
            <PROPERTY Class="Point3" Name="Translation">-883.5849609375000000, 4365.7861328125000000, -138.3502349853515600</PROPERTY>
            <PROPERTY Class="Matrix3" Name="Rotation">
                <ROW>-0.0000000437113883, -1.0000000000000000, 0.0000000000000000</ROW>
                <ROW>1.0000000000000000, -0.0000000437113883, 0.0000000000000000</ROW>
                <ROW>0.0000000000000000, 0.0000000000000000, 1.0000000000000000</ROW>
            </PROPERTY>
            <PROPERTY Class="Float" Name="Scale">1.2904574871063232</PROPERTY>
        </COMPONENT>
        <COMPONENT LinkID="99" Class="NiSceneGraphComponent" Name="Scene Graph" MasterLinkID="3" />
        <ENTITY LinkID="100" Class="NiGeneralEntity" Name="Art_Wine1001_01 65" Type="Object" UsePhysX="FALSE" PostfixTexture="" Optimization="0" AlphaGroup="1" RandomAni="FALSE" TemplateID="1,d7,ca,d5,20,79,f8,40,a6,1e,62,6a,f7,2,ca,aa" MasterLinkID="1">
            <COMPONENT RefLinkID="101" />
            <COMPONENT RefLinkID="102" />
        </ENTITY>
        <COMPONENT LinkID="101" Class="NiTransformationComponent" Name="Transformation">
            <PROPERTY Class="Point3" Name="Translation">-883.5849609375000000, 4357.1020507812500000, -137.3549041748046900</PROPERTY>
            <PROPERTY Class="Matrix3" Name="Rotation">
                <ROW>-0.0000000437113883, -1.0000000000000000, 0.0000000000000000</ROW>
                <ROW>1.0000000000000000, -0.0000000437113883, 0.0000000000000000</ROW>
                <ROW>0.0000000000000000, 0.0000000000000000, 1.0000000000000000</ROW>
            </PROPERTY>
            <PROPERTY Class="Float" Name="Scale">1.2904574871063232</PROPERTY>
        </COMPONENT>
        <COMPONENT LinkID="102" Class="NiSceneGraphComponent" Name="Scene Graph" MasterLinkID="3" />
        <ENTITY LinkID="103" Class="NiGeneralEntity" Name="Art_Wine1001_01 66" Type="Object" UsePhysX="FALSE" PostfixTexture="" Optimization="0" AlphaGroup="1" RandomAni="FALSE" TemplateID="1,d7,ca,d5,20,79,f8,40,a6,1e,62,6a,f7,2,ca,aa" MasterLinkID="1">
            <COMPONENT RefLinkID="104" />
            <COMPONENT RefLinkID="105" />
        </ENTITY>
        <COMPONENT LinkID="104" Class="NiTransformationComponent" Name="Transformation">
            <PROPERTY Class="Point3" Name="Translation">-875.7045898437500000, 4376.9389648437500000, -141.0520477294921900</PROPERTY>
            <PROPERTY Class="Matrix3" Name="Rotation">
                <ROW>-0.1096353456377983, -0.9934448599815369, -0.0323645994067192</ROW>
                <ROW>0.9939718842506409, -0.1095772087574005, -0.0035698234569281</ROW>
                <ROW>0.0000000000000000, -0.0325608812272549, 0.9994697570800781</ROW>
            </PROPERTY>
            <PROPERTY Class="Float" Name="Scale">1.2904574871063232</PROPERTY>
        </COMPONENT>
        <COMPONENT LinkID="105" Class="NiSceneGraphComponent" Name="Scene Graph" MasterLinkID="3" />
