<?xml version="1.0" ?>
<GSA Major="1" Minor="0" Patch="0">
    <PALETTES_DIRECTORY>
        <PALETTE_DIR IDX="0" DIRECTORY=".\..\..\..\..\..\ToolBin\SceneDesigner\Release\Data\" />
        <PALETTE_DIR IDX="1" DIRECTORY=".\..\01_Level\..\..\Palettes\" />
        <PALETTE_DIR IDX="2" DIRECTORY=".\..\..\Palettes\" />
    </PALETTES_DIRECTORY>
    <PALETTES>
        <PALETTE NAME="Default" DIR_IDX="0" />
        <PALETTE NAME="Block" DIR_IDX="1" />
        <PALETTE NAME="General" DIR_IDX="1" />
        <PALETTE NAME="Object" DIR_IDX="1" />
        <PALETTE NAME="Effect" DIR_IDX="1" />
        <PALETTE NAME="Event" DIR_IDX="2" />
    </PALETTES>
    <OBJECTS>
        <ENTITY LinkID="0" Class="NiGeneralEntity" Name="IN_Vessel_Pillar1001_01 01" Type="Object" UsePhysX="TRUE" PostfixTexture="" Optimization="0" AlphaGroup="3" RandomAni="FALSE" TemplateID="df,5e,7d,24,8a,d4,c,49,b3,50,1,c4,93,fa,b2,b5" MasterLinkID="1">
            <COMPONENT RefLinkID="5" />
            <COMPONENT RefLinkID="6" />
            <COMPONENT RefLinkID="7" />
        </ENTITY>
        <ENTITY LinkID="1" Class="NiGeneralEntity" Name="[Block]010100.IN_Vessel_Pillar1001_01" TemplateID="df,5e,7d,24,8a,d4,c,49,b3,50,1,c4,93,fa,b2,b5">
            <COMPONENT RefLinkID="2" />
            <COMPONENT RefLinkID="3" />
            <COMPONENT RefLinkID="4" />
        </ENTITY>
        <COMPONENT LinkID="2" Class="NiTransformationComponent" Name="Transformation">
            <PROPERTY Class="Point3" Name="Translation">0.0000000000000000, 0.0000000000000000, 0.0000000000000000</PROPERTY>
            <PROPERTY Class="Matrix3" Name="Rotation">
                <ROW>1.0000000000000000, 0.0000000000000000, 0.0000000000000000</ROW>
                <ROW>0.0000000000000000, 1.0000000000000000, 0.0000000000000000</ROW>
                <ROW>0.0000000000000000, 0.0000000000000000, 1.0000000000000000</ROW>
            </PROPERTY>
            <PROPERTY Class="Float" Name="Scale">1.0000000000000000</PROPERTY>
        </COMPONENT>
        <COMPONENT LinkID="3" Class="NiSceneGraphComponent" Name="Scene Graph">
            <PROPERTY Class="String" Name="NIF File Path" Asset="TRUE">.\..\02_Modeling\Block\010100\IN_Vessel_Pillar1001_01.nif</PROPERTY>
        </COMPONENT>
        <COMPONENT LinkID="4" Class="NiGeneralComponent" Name="Hide Object" TemplateID="f6,46,16,db,61,92,23,47,b5,4a,da,2d,42,d7,85,b9">
            <PROPERTY Class="Float" Name="Alpha Value" SemanticType="Float" DisplayName="Alpha Value" Description="">0.4000000059604645</PROPERTY>
            <PROPERTY Class="Boolean" Name="Alpha Enable" SemanticType="Boolean" DisplayName="Alpha Enable" Description="">FALSE</PROPERTY>
            <PROPERTY Class="Boolean" Name="Hide Object" SemanticType="Boolean" DisplayName="Hide Object" Description="">FALSE</PROPERTY>
        </COMPONENT>
        <COMPONENT LinkID="5" Class="NiTransformationComponent" Name="Transformation">
            <PROPERTY Class="Point3" Name="Translation">-5561.9721679687500000, 6872.2392578125000000, 21.7324962615966800</PROPERTY>
            <PROPERTY Class="Matrix3" Name="Rotation">
                <ROW>1.0000000000000000, 0.0000000000000000, 0.0000000000000000</ROW>
                <ROW>0.0000000000000000, 1.0000000000000000, 0.0000000000000000</ROW>
                <ROW>0.0000000000000000, 0.0000000000000000, 1.0000000000000000</ROW>
            </PROPERTY>
            <PROPERTY Class="Float" Name="Scale">1.0000000000000000</PROPERTY>
        </COMPONENT>
        <COMPONENT LinkID="6" Class="NiSceneGraphComponent" Name="Scene Graph" MasterLinkID="3" />
        <COMPONENT LinkID="7" Class="NiGeneralComponent" Name="Hide Object" TemplateID="f6,46,16,db,61,92,23,47,b5,4a,da,2d,42,d7,85,b9" MasterLinkID="4" />
        <ENTITY LinkID="8" Class="NiGeneralEntity" Name="char_spawn_1" Type="CharacterSpawn" UsePhysX="FALSE" PostfixTexture="" Optimization="0" AlphaGroup="1" RandomAni="FALSE" TemplateID="89,8e,a0,2e,75,8c,ab,4c,a3,2b,b9,2c,85,90,bf,34" Hidden="TRUE" MasterLinkID="9">
            <COMPONENT RefLinkID="12" />
            <COMPONENT RefLinkID="13" />
        </ENTITY>
        <ENTITY LinkID="9" Class="NiGeneralEntity" Name="[General]Object.box_non_center" TemplateID="89,8e,a0,2e,75,8c,ab,4c,a3,2b,b9,2c,85,90,bf,34">
            <COMPONENT RefLinkID="10" />
            <COMPONENT RefLinkID="11" />
        </ENTITY>
        <COMPONENT LinkID="10" Class="NiTransformationComponent" Name="Transformation">
            <PROPERTY Class="Point3" Name="Translation">0.0000000000000000, 0.0000000000000000, 0.0000000000000000</PROPERTY>
            <PROPERTY Class="Matrix3" Name="Rotation">
                <ROW>1.0000000000000000, 0.0000000000000000, 0.0000000000000000</ROW>
                <ROW>0.0000000000000000, 1.0000000000000000, 0.0000000000000000</ROW>
                <ROW>0.0000000000000000, 0.0000000000000000, 1.0000000000000000</ROW>
            </PROPERTY>
            <PROPERTY Class="Float" Name="Scale">1.0000000000000000</PROPERTY>
        </COMPONENT>
        <COMPONENT LinkID="11" Class="NiSceneGraphComponent" Name="Scene Graph">
            <PROPERTY Class="String" Name="NIF File Path" Asset="TRUE">.\..\..\Palettes\box_non_center.nif</PROPERTY>
        </COMPONENT>
        <COMPONENT LinkID="12" Class="NiTransformationComponent" Name="Transformation">
            <PROPERTY Class="Point3" Name="Translation">-4602.5390625000000000, 6517.6625976562500000, 432.3264770507812500</PROPERTY>
            <PROPERTY Class="Matrix3" Name="Rotation">
                <ROW>1.0000000000000000, 0.0000000000000000, 0.0000000000000000</ROW>
                <ROW>0.0000000000000000, 1.0000000000000000, 0.0000000000000000</ROW>
                <ROW>0.0000000000000000, 0.0000000000000000, 1.0000000000000000</ROW>
            </PROPERTY>
            <PROPERTY Class="Float" Name="Scale">1.0000000000000000</PROPERTY>
        </COMPONENT>
        <COMPONENT LinkID="13" Class="NiSceneGraphComponent" Name="Scene Graph" MasterLinkID="11" />
        <ENTITY LinkID="14" Class="NiGeneralEntity" Name="camera_wall 05" Type="CameraWalls" UsePhysX="FALSE" PostfixTexture="" Optimization="0" AlphaGroup="0" RandomAni="FALSE" TemplateID="92,71,76,a3,99,e6,95,48,9e,8b,e1,95,a6,b0,74,12" Hidden="TRUE" MasterLinkID="15">
            <COMPONENT RefLinkID="18" />
            <COMPONENT RefLinkID="19" />
        </ENTITY>
        <ENTITY LinkID="15" Class="NiGeneralEntity" Name="[General]Object.camera_wall" TemplateID="92,71,76,a3,99,e6,95,48,9e,8b,e1,95,a6,b0,74,12">
            <COMPONENT RefLinkID="16" />
            <COMPONENT RefLinkID="17" />
        </ENTITY>
        <COMPONENT LinkID="16" Class="NiTransformationComponent" Name="Transformation">
            <PROPERTY Class="Point3" Name="Translation">0.0000000000000000, 0.0000000000000000, 0.0000000000000000</PROPERTY>
            <PROPERTY Class="Matrix3" Name="Rotation">
                <ROW>1.0000000000000000, 0.0000000000000000, 0.0000000000000000</ROW>
                <ROW>0.0000000000000000, 1.0000000000000000, 0.0000000000000000</ROW>
                <ROW>0.0000000000000000, 0.0000000000000000, 1.0000000000000000</ROW>
            </PROPERTY>
            <PROPERTY Class="Float" Name="Scale">1.0000000000000000</PROPERTY>
        </COMPONENT>
        <COMPONENT LinkID="17" Class="NiSceneGraphComponent" Name="Scene Graph">
            <PROPERTY Class="String" Name="NIF File Path" Asset="TRUE">.\..\..\Palettes\camera_wall.nif</PROPERTY>
        </COMPONENT>
        <COMPONENT LinkID="18" Class="NiTransformationComponent" Name="Transformation">
            <PROPERTY Class="Point3" Name="Translation">-4984.7265625000000000, 6646.5629882812500000, 649.8641357421875000</PROPERTY>
            <PROPERTY Class="Matrix3" Name="Rotation">
                <ROW>-0.0000000437113883, -1.0000000000000000, 0.0000000000000000</ROW>
                <ROW>1.0000000000000000, -0.0000000437113883, 0.0000000000000000</ROW>
                <ROW>0.0000000000000000, 0.0000000000000000, 1.0000000000000000</ROW>
            </PROPERTY>
            <PROPERTY Class="Float" Name="Scale">1.1908254623413086</PROPERTY>
        </COMPONENT>
        <COMPONENT LinkID="19" Class="NiSceneGraphComponent" Name="Scene Graph" MasterLinkID="17" />
        <ENTITY LinkID="20" Class="NiGeneralEntity" Name="Physx_box" Type="PhysX" UsePhysX="TRUE" PostfixTexture="" Optimization="0" AlphaGroup="1" RandomAni="FALSE" TemplateID="f1,ad,a0,98,6c,62,33,4a,af,d2,76,eb,76,4f,f1,59" MasterLinkID="21">
            <COMPONENT RefLinkID="25" />
            <COMPONENT RefLinkID="26" />
            <COMPONENT RefLinkID="27" />
        </ENTITY>
        <ENTITY LinkID="21" Class="NiGeneralEntity" Name="[Object]Box.Art_BoxWood1001_01" TemplateID="f1,ad,a0,98,6c,62,33,4a,af,d2,76,eb,76,4f,f1,59">
            <COMPONENT RefLinkID="22" />
            <COMPONENT RefLinkID="23" />
            <COMPONENT RefLinkID="24" />
        </ENTITY>
        <COMPONENT LinkID="22" Class="NiTransformationComponent" Name="Transformation">
            <PROPERTY Class="Point3" Name="Translation">0.0000000000000000, 0.0000000000000000, 0.0000000000000000</PROPERTY>
            <PROPERTY Class="Matrix3" Name="Rotation">
                <ROW>1.0000000000000000, 0.0000000000000000, 0.0000000000000000</ROW>
                <ROW>0.0000000000000000, 1.0000000000000000, 0.0000000000000000</ROW>
                <ROW>0.0000000000000000, 0.0000000000000000, 1.0000000000000000</ROW>
            </PROPERTY>
            <PROPERTY Class="Float" Name="Scale">1.0000000000000000</PROPERTY>
        </COMPONENT>
        <COMPONENT LinkID="23" Class="NiSceneGraphComponent" Name="Scene Graph">
            <PROPERTY Class="String" Name="NIF File Path" Asset="TRUE">.\..\..\00_Object\Box\Art_BoxWood1001_01.nif</PROPERTY>
        </COMPONENT>
        <COMPONENT LinkID="24" Class="NiGeneralComponent" Name="Hide Object" TemplateID="f6,46,16,db,61,92,23,47,b5,4a,da,2d,42,d7,85,b9">
            <PROPERTY Class="Float" Name="Alpha Value" SemanticType="Float" DisplayName="Alpha Value" Description="">0.4000000059604645</PROPERTY>
            <PROPERTY Class="Boolean" Name="Alpha Enable" SemanticType="Boolean" DisplayName="Alpha Enable" Description="">FALSE</PROPERTY>
            <PROPERTY Class="Boolean" Name="Hide Object" SemanticType="Boolean" DisplayName="Hide Object" Description="">FALSE</PROPERTY>
        </COMPONENT>
        <COMPONENT LinkID="25" Class="NiTransformationComponent" Name="Transformation">
            <PROPERTY Class="Point3" Name="Translation">-2413.3361816406250000, 3672.7128906250000000, 114.5319595336914100</PROPERTY>
            <PROPERTY Class="Matrix3" Name="Rotation">
                <ROW>-0.9999991655349731, -0.0011877566576004, 0.0000000000000000</ROW>
                <ROW>0.0011877566576004, -0.9999991655349731, 0.0000000000000000</ROW>
                <ROW>0.0000000000000000, 0.0000000000000000, 1.0000000000000000</ROW>
            </PROPERTY>
            <PROPERTY Class="Float" Name="Scale">3.6608235836029053</PROPERTY>
        </COMPONENT>
        <COMPONENT LinkID="26" Class="NiSceneGraphComponent" Name="Scene Graph" MasterLinkID="23" />
        <COMPONENT LinkID="27" Class="NiGeneralComponent" Name="Hide Object" TemplateID="f6,46,16,db,61,92,23,47,b5,4a,da,2d,42,d7,85,b9" MasterLinkID="24" />
        <ENTITY LinkID="28" Class="NiGeneralEntity" Name="Art_Wine1001_01 82" Type="Object" UsePhysX="FALSE" PostfixTexture="" Optimization="0" AlphaGroup="1" RandomAni="FALSE" TemplateID="1,d7,ca,d5,20,79,f8,40,a6,1e,62,6a,f7,2,ca,aa" MasterLinkID="29">
            <COMPONENT RefLinkID="32" />
            <COMPONENT RefLinkID="33" />
        </ENTITY>
        <ENTITY LinkID="29" Class="NiGeneralEntity" Name="[Object]props.Art_Wine1001_01" TemplateID="1,d7,ca,d5,20,79,f8,40,a6,1e,62,6a,f7,2,ca,aa">
            <COMPONENT RefLinkID="30" />
            <COMPONENT RefLinkID="31" />
        </ENTITY>
        <COMPONENT LinkID="30" Class="NiTransformationComponent" Name="Transformation">
            <PROPERTY Class="Point3" Name="Translation">0.0000000000000000, 0.0000000000000000, 0.0000000000000000</PROPERTY>
            <PROPERTY Class="Matrix3" Name="Rotation">
                <ROW>1.0000000000000000, 0.0000000000000000, 0.0000000000000000</ROW>
                <ROW>0.0000000000000000, 1.0000000000000000, 0.0000000000000000</ROW>
                <ROW>0.0000000000000000, 0.0000000000000000, 1.0000000000000000</ROW>
            </PROPERTY>
            <PROPERTY Class="Float" Name="Scale">1.0000000000000000</PROPERTY>
        </COMPONENT>
        <COMPONENT LinkID="31" Class="NiSceneGraphComponent" Name="Scene Graph">
            <PROPERTY Class="String" Name="NIF File Path" Asset="TRUE">.\..\..\00_Object\props\Art_Wine1001_01.nif</PROPERTY>
        </COMPONENT>
        <COMPONENT LinkID="32" Class="NiTransformationComponent" Name="Transformation">
            <PROPERTY Class="Point3" Name="Translation">-4153.2431640625000000, 6585.3115234375000000, 208.9947509765625000</PROPERTY>
            <PROPERTY Class="Matrix3" Name="Rotation">
                <ROW>-0.9156221151351929, -0.4018266499042511, -0.0130907688289881</ROW>
                <ROW>0.4020398259162903, -0.9151366949081421, -0.0298134610056877</ROW>
                <ROW>0.0000000000000000, -0.0325608812272549, 0.9994697570800781</ROW>
            </PROPERTY>
            <PROPERTY Class="Float" Name="Scale">1.2904574871063232</PROPERTY>
        </COMPONENT>
        <COMPONENT LinkID="33" Class="NiSceneGraphComponent" Name="Scene Graph" MasterLinkID="31" />
        <ENTITY LinkID="34" Class="NiGeneralEntity" Name="Art_CeramicsWic2001_01 02" Type="Object" UsePhysX="FALSE" PostfixTexture="" Optimization="0" AlphaGroup="1" RandomAni="FALSE" TemplateID="d3,29,e,54,f7,5b,f0,41,af,87,75,57,89,1f,d7,12" MasterLinkID="35">
            <COMPONENT RefLinkID="38" />
            <COMPONENT RefLinkID="39" />
        </ENTITY>
        <ENTITY LinkID="35" Class="NiGeneralEntity" Name="[Object]props.Art_CeramicsWic2001_01" TemplateID="d3,29,e,54,f7,5b,f0,41,af,87,75,57,89,1f,d7,12">
            <COMPONENT RefLinkID="36" />
            <COMPONENT RefLinkID="37" />
        </ENTITY>
        <COMPONENT LinkID="36" Class="NiTransformationComponent" Name="Transformation">
            <PROPERTY Class="Point3" Name="Translation">0.0000000000000000, 0.0000000000000000, 0.0000000000000000</PROPERTY>
            <PROPERTY Class="Matrix3" Name="Rotation">
                <ROW>1.0000000000000000, 0.0000000000000000, 0.0000000000000000</ROW>
                <ROW>0.0000000000000000, 1.0000000000000000, 0.0000000000000000</ROW>
                <ROW>0.0000000000000000, 0.0000000000000000, 1.0000000000000000</ROW>
            </PROPERTY>
            <PROPERTY Class="Float" Name="Scale">1.0000000000000000</PROPERTY>
        </COMPONENT>
        <COMPONENT LinkID="37" Class="NiSceneGraphComponent" Name="Scene Graph">
            <PROPERTY Class="String" Name="NIF File Path" Asset="TRUE">.\..\..\00_Object\props\Art_CeramicsWic2001_01.nif</PROPERTY>
        </COMPONENT>
        <COMPONENT LinkID="38" Class="NiTransformationComponent" Name="Transformation">
            <PROPERTY Class="Point3" Name="Translation">-4128.1357421875000000, 6546.9531250000000000, 211.1093139648437500</PROPERTY>
            <PROPERTY Class="Matrix3" Name="Rotation">
                <ROW>-0.8660249114036560, -0.5000008344650269, 0.0000000000000000</ROW>
                <ROW>0.5000008344650269, -0.8660249114036560, 0.0000000000000000</ROW>
                <ROW>0.0000000000000000, 0.0000000000000000, 1.0000000000000000</ROW>
            </PROPERTY>
            <PROPERTY Class="Float" Name="Scale">1.3121223449707031</PROPERTY>
        </COMPONENT>
        <COMPONENT LinkID="39" Class="NiSceneGraphComponent" Name="Scene Graph" MasterLinkID="37" />
        <ENTITY LinkID="40" Class="NiGeneralEntity" Name="Art_Wine1001_01 81" Type="Object" UsePhysX="FALSE" PostfixTexture="" Optimization="0" AlphaGroup="1" RandomAni="FALSE" TemplateID="1,d7,ca,d5,20,79,f8,40,a6,1e,62,6a,f7,2,ca,aa" MasterLinkID="29">
            <COMPONENT RefLinkID="41" />
            <COMPONENT RefLinkID="42" />
        </ENTITY>
        <COMPONENT LinkID="41" Class="NiTransformationComponent" Name="Transformation">
            <PROPERTY Class="Point3" Name="Translation">-4141.3442382812500000, 6587.5341796875000000, 208.9282226562500000</PROPERTY>
            <PROPERTY Class="Matrix3" Name="Rotation">
                <ROW>-0.9156221151351929, -0.4018266499042511, -0.0130907688289881</ROW>
                <ROW>0.4020398259162903, -0.9151366949081421, -0.0298134610056877</ROW>
                <ROW>0.0000000000000000, -0.0325608812272549, 0.9994697570800781</ROW>
            </PROPERTY>
            <PROPERTY Class="Float" Name="Scale">1.2904574871063232</PROPERTY>
        </COMPONENT>
        <COMPONENT LinkID="42" Class="NiSceneGraphComponent" Name="Scene Graph" MasterLinkID="31" />
        <ENTITY LinkID="43" Class="NiGeneralEntity" Name="Art_Wine1001_01 80" Type="Object" UsePhysX="FALSE" PostfixTexture="" Optimization="0" AlphaGroup="1" RandomAni="FALSE" TemplateID="1,d7,ca,d5,20,79,f8,40,a6,1e,62,6a,f7,2,ca,aa" MasterLinkID="29">
            <COMPONENT RefLinkID="44" />
            <COMPONENT RefLinkID="45" />
        </ENTITY>
        <COMPONENT LinkID="44" Class="NiTransformationComponent" Name="Transformation">
            <PROPERTY Class="Point3" Name="Translation">-4148.7856445312500000, 6593.0322265625000000, 208.9947509765625000</PROPERTY>
            <PROPERTY Class="Matrix3" Name="Rotation">
                <ROW>-0.9156221151351929, -0.4018266499042511, -0.0130907688289881</ROW>
                <ROW>0.4020398259162903, -0.9151366949081421, -0.0298134610056877</ROW>
                <ROW>0.0000000000000000, -0.0325608812272549, 0.9994697570800781</ROW>
            </PROPERTY>
            <PROPERTY Class="Float" Name="Scale">1.2904574871063232</PROPERTY>
        </COMPONENT>
        <COMPONENT LinkID="45" Class="NiSceneGraphComponent" Name="Scene Graph" MasterLinkID="31" />
        <ENTITY LinkID="46" Class="NiGeneralEntity" Name="Art_Wine1001_01 79" Type="Object" UsePhysX="TRUE" PostfixTexture="" Optimization="0" AlphaGroup="1" RandomAni="FALSE" TemplateID="1,d7,ca,d5,20,79,f8,40,a6,1e,62,6a,f7,2,ca,aa" MasterLinkID="29">
            <COMPONENT RefLinkID="47" />
            <COMPONENT RefLinkID="48" />
        </ENTITY>
        <COMPONENT LinkID="47" Class="NiTransformationComponent" Name="Transformation">
            <PROPERTY Class="Point3" Name="Translation">-4139.3115234375000000, 6609.4423828125000000, 208.9947509765625000</PROPERTY>
            <PROPERTY Class="Matrix3" Name="Rotation">
                <ROW>-0.9156221151351929, -0.4018266499042511, -0.0130907688289881</ROW>
                <ROW>0.4020398259162903, -0.9151366949081421, -0.0298134610056877</ROW>
                <ROW>0.0000000000000000, -0.0325608812272549, 0.9994697570800781</ROW>
            </PROPERTY>
            <PROPERTY Class="Float" Name="Scale">1.2904574871063232</PROPERTY>
        </COMPONENT>
        <COMPONENT LinkID="48" Class="NiSceneGraphComponent" Name="Scene Graph" MasterLinkID="31" />
        <ENTITY LinkID="49" Class="NiGeneralEntity" Name="Art_Wine1001_01 77" Type="Object" UsePhysX="FALSE" PostfixTexture="" Optimization="0" AlphaGroup="1" RandomAni="FALSE" TemplateID="1,d7,ca,d5,20,79,f8,40,a6,1e,62,6a,f7,2,ca,aa" MasterLinkID="29">
            <COMPONENT RefLinkID="50" />
            <COMPONENT RefLinkID="51" />
        </ENTITY>
        <COMPONENT LinkID="50" Class="NiTransformationComponent" Name="Transformation">
            <PROPERTY Class="Point3" Name="Translation">-4122.6987304687500000, 6601.6840820312500000, 213.0537109375000000</PROPERTY>
            <PROPERTY Class="Matrix3" Name="Rotation">
                <ROW>-0.0531640164554119, -0.8871866464614868, 0.4583375453948975</ROW>
                <ROW>-0.0181746110320091, -0.4580510854721069, -0.8887401223182678</ROW>
                <ROW>0.9984204769134522, -0.0555790960788727, 0.0082275643944740</ROW>
            </PROPERTY>
            <PROPERTY Class="Float" Name="Scale">1.2904574871063232</PROPERTY>
        </COMPONENT>
        <COMPONENT LinkID="51" Class="NiSceneGraphComponent" Name="Scene Graph" MasterLinkID="31" />
        <ENTITY LinkID="52" Class="NiGeneralEntity" Name="Art_Wine1001_01 76" Type="Object" UsePhysX="FALSE" PostfixTexture="" Optimization="0" AlphaGroup="1" RandomAni="FALSE" TemplateID="1,d7,ca,d5,20,79,f8,40,a6,1e,62,6a,f7,2,ca,aa" MasterLinkID="29">
            <COMPONENT RefLinkID="53" />
            <COMPONENT RefLinkID="54" />
        </ENTITY>
        <COMPONENT LinkID="53" Class="NiTransformationComponent" Name="Transformation">
            <PROPERTY Class="Point3" Name="Translation">-4120.8076171875000000, 6636.8188476562500000, 211.6965942382812500</PROPERTY>
            <PROPERTY Class="Matrix3" Name="Rotation">
                <ROW>-0.8660249114036560, -0.5000008344650269, 0.0000000000000000</ROW>
                <ROW>0.5000008344650269, -0.8660249114036560, 0.0000000000000000</ROW>
                <ROW>0.0000000000000000, 0.0000000000000000, 1.0000000000000000</ROW>
            </PROPERTY>
            <PROPERTY Class="Float" Name="Scale">1.2904574871063232</PROPERTY>
        </COMPONENT>
        <COMPONENT LinkID="54" Class="NiSceneGraphComponent" Name="Scene Graph" MasterLinkID="31" />
        <ENTITY LinkID="55" Class="NiGeneralEntity" Name="Art_Wine1001_01 75" Type="Object" UsePhysX="FALSE" PostfixTexture="" Optimization="0" AlphaGroup="1" RandomAni="FALSE" TemplateID="1,d7,ca,d5,20,79,f8,40,a6,1e,62,6a,f7,2,ca,aa" MasterLinkID="29">
            <COMPONENT RefLinkID="56" />
            <COMPONENT RefLinkID="57" />
        </ENTITY>
        <COMPONENT LinkID="56" Class="NiTransformationComponent" Name="Transformation">
            <PROPERTY Class="Point3" Name="Translation">-4114.0141601562500000, 6630.5371093750000000, 211.6965332031250000</PROPERTY>
            <PROPERTY Class="Matrix3" Name="Rotation">
                <ROW>-0.8660249114036560, -0.5000008344650269, 0.0000000000000000</ROW>
                <ROW>0.5000008344650269, -0.8660249114036560, 0.0000000000000000</ROW>
                <ROW>0.0000000000000000, 0.0000000000000000, 1.0000000000000000</ROW>
            </PROPERTY>
            <PROPERTY Class="Float" Name="Scale">1.2904574871063232</PROPERTY>
        </COMPONENT>
        <COMPONENT LinkID="57" Class="NiSceneGraphComponent" Name="Scene Graph" MasterLinkID="31" />
        <ENTITY LinkID="58" Class="NiGeneralEntity" Name="Art_Wine1001_01 74" Type="Object" UsePhysX="FALSE" PostfixTexture="" Optimization="0" AlphaGroup="1" RandomAni="FALSE" TemplateID="1,d7,ca,d5,20,79,f8,40,a6,1e,62,6a,f7,2,ca,aa" MasterLinkID="29">
            <COMPONENT RefLinkID="59" />
            <COMPONENT RefLinkID="60" />
        </ENTITY>
        <COMPONENT LinkID="59" Class="NiTransformationComponent" Name="Transformation">
            <PROPERTY Class="Point3" Name="Translation">-4106.4936523437500000, 6626.1943359375000000, 212.6918945312500000</PROPERTY>
            <PROPERTY Class="Matrix3" Name="Rotation">
                <ROW>-0.8660249114036560, -0.5000008344650269, 0.0000000000000000</ROW>
                <ROW>0.5000008344650269, -0.8660249114036560, 0.0000000000000000</ROW>
                <ROW>0.0000000000000000, 0.0000000000000000, 1.0000000000000000</ROW>
            </PROPERTY>
            <PROPERTY Class="Float" Name="Scale">1.2904574871063232</PROPERTY>
        </COMPONENT>
        <COMPONENT LinkID="60" Class="NiSceneGraphComponent" Name="Scene Graph" MasterLinkID="31" />
        <ENTITY LinkID="61" Class="NiGeneralEntity" Name="Art_Wine1001_01 73" Type="Object" UsePhysX="FALSE" PostfixTexture="" Optimization="0" AlphaGroup="1" RandomAni="FALSE" TemplateID="1,d7,ca,d5,20,79,f8,40,a6,1e,62,6a,f7,2,ca,aa" MasterLinkID="29">
            <COMPONENT RefLinkID="62" />
            <COMPONENT RefLinkID="63" />
        </ENTITY>
        <COMPONENT LinkID="62" Class="NiTransformationComponent" Name="Transformation">
            <PROPERTY Class="Point3" Name="Translation">-4119.7329101562500000, 6642.9370117187500000, 208.9947509765625000</PROPERTY>
            <PROPERTY Class="Matrix3" Name="Rotation">
                <ROW>-0.9156221151351929, -0.4018266499042511, -0.0130907688289881</ROW>
                <ROW>0.4020398259162903, -0.9151366949081421, -0.0298134610056877</ROW>
                <ROW>0.0000000000000000, -0.0325608812272549, 0.9994697570800781</ROW>
            </PROPERTY>
            <PROPERTY Class="Float" Name="Scale">1.2904574871063232</PROPERTY>
        </COMPONENT>
        <COMPONENT LinkID="63" Class="NiSceneGraphComponent" Name="Scene Graph" MasterLinkID="31" />
        <ENTITY LinkID="64" Class="NiGeneralEntity" Name="Art_Wine1001_01 72" Type="Object" UsePhysX="FALSE" PostfixTexture="" Optimization="0" AlphaGroup="1" RandomAni="FALSE" TemplateID="1,d7,ca,d5,20,79,f8,40,a6,1e,62,6a,f7,2,ca,aa" MasterLinkID="29">
            <COMPONENT RefLinkID="65" />
            <COMPONENT RefLinkID="66" />
        </ENTITY>
        <COMPONENT LinkID="65" Class="NiTransformationComponent" Name="Transformation">
            <PROPERTY Class="Point3" Name="Translation">-4104.3530273437500000, 6633.9174804687500000, 209.9229736328125000</PROPERTY>
            <PROPERTY Class="Matrix3" Name="Rotation">
                <ROW>-0.9156221151351929, -0.4018266499042511, -0.0130907688289881</ROW>
                <ROW>0.4020398259162903, -0.9151366949081421, -0.0298134610056877</ROW>
                <ROW>0.0000000000000000, -0.0325608812272549, 0.9994697570800781</ROW>
            </PROPERTY>
            <PROPERTY Class="Float" Name="Scale">1.2904574871063232</PROPERTY>
        </COMPONENT>
        <COMPONENT LinkID="66" Class="NiSceneGraphComponent" Name="Scene Graph" MasterLinkID="31" />
        <ENTITY LinkID="67" Class="NiGeneralEntity" Name="Art_Wine1001_01 71" Type="Object" UsePhysX="FALSE" PostfixTexture="" Optimization="0" AlphaGroup="1" RandomAni="FALSE" TemplateID="1,d7,ca,d5,20,79,f8,40,a6,1e,62,6a,f7,2,ca,aa" MasterLinkID="29">
            <COMPONENT RefLinkID="68" />
            <COMPONENT RefLinkID="69" />
        </ENTITY>
        <COMPONENT LinkID="68" Class="NiTransformationComponent" Name="Transformation">
            <PROPERTY Class="Point3" Name="Translation">-4112.2915039062500000, 6637.4389648437500000, 208.9282226562500000</PROPERTY>
            <PROPERTY Class="Matrix3" Name="Rotation">
                <ROW>-0.9156221151351929, -0.4018266499042511, -0.0130907688289881</ROW>
                <ROW>0.4020398259162903, -0.9151366949081421, -0.0298134610056877</ROW>
                <ROW>0.0000000000000000, -0.0325608812272549, 0.9994697570800781</ROW>
            </PROPERTY>
            <PROPERTY Class="Float" Name="Scale">1.2904574871063232</PROPERTY>
        </COMPONENT>
        <COMPONENT LinkID="69" Class="NiSceneGraphComponent" Name="Scene Graph" MasterLinkID="31" />
        <ENTITY LinkID="70" Class="NiGeneralEntity" Name="Art_Wine1001_01 70" Type="Object" UsePhysX="FALSE" PostfixTexture="" Optimization="0" AlphaGroup="1" RandomAni="FALSE" TemplateID="1,d7,ca,d5,20,79,f8,40,a6,1e,62,6a,f7,2,ca,aa" MasterLinkID="29">
            <COMPONENT RefLinkID="71" />
            <COMPONENT RefLinkID="72" />
        </ENTITY>
        <COMPONENT LinkID="71" Class="NiTransformationComponent" Name="Transformation">
            <PROPERTY Class="Point3" Name="Translation">-4106.9501953125000000, 6647.1049804687500000, 208.9282226562500000</PROPERTY>
            <PROPERTY Class="Matrix3" Name="Rotation">
                <ROW>-0.9156221151351929, -0.4018266499042511, -0.0130907688289881</ROW>
                <ROW>0.4020398259162903, -0.9151366949081421, -0.0298134610056877</ROW>
                <ROW>0.0000000000000000, -0.0325608812272549, 0.9994697570800781</ROW>
            </PROPERTY>
            <PROPERTY Class="Float" Name="Scale">1.2904574871063232</PROPERTY>
        </COMPONENT>
        <COMPONENT LinkID="72" Class="NiSceneGraphComponent" Name="Scene Graph" MasterLinkID="31" />
        <ENTITY LinkID="73" Class="NiGeneralEntity" Name="Art_Wine1001_01 69" Type="Object" UsePhysX="FALSE" PostfixTexture="" Optimization="0" AlphaGroup="1" RandomAni="FALSE" TemplateID="1,d7,ca,d5,20,79,f8,40,a6,1e,62,6a,f7,2,ca,aa" MasterLinkID="29">
            <COMPONENT RefLinkID="74" />
            <COMPONENT RefLinkID="75" />
        </ENTITY>
        <COMPONENT LinkID="74" Class="NiTransformationComponent" Name="Transformation">
            <PROPERTY Class="Point3" Name="Translation">-4114.3920898437500000, 6652.6044921875000000, 208.9947509765625000</PROPERTY>
            <PROPERTY Class="Matrix3" Name="Rotation">
                <ROW>-0.9156221151351929, -0.4018266499042511, -0.0130907688289881</ROW>
                <ROW>0.4020398259162903, -0.9151366949081421, -0.0298134610056877</ROW>
                <ROW>0.0000000000000000, -0.0325608812272549, 0.9994697570800781</ROW>
            </PROPERTY>
            <PROPERTY Class="Float" Name="Scale">1.2904574871063232</PROPERTY>
        </COMPONENT>
        <COMPONENT LinkID="75" Class="NiSceneGraphComponent" Name="Scene Graph" MasterLinkID="31" />
        <ENTITY LinkID="76" Class="NiGeneralEntity" Name="Art_Wine1001_01 68" Type="Object" UsePhysX="FALSE" PostfixTexture="" Optimization="0" AlphaGroup="1" RandomAni="FALSE" TemplateID="1,d7,ca,d5,20,79,f8,40,a6,1e,62,6a,f7,2,ca,aa" MasterLinkID="29">
            <COMPONENT RefLinkID="77" />
            <COMPONENT RefLinkID="78" />
        </ENTITY>
        <COMPONENT LinkID="77" Class="NiTransformationComponent" Name="Transformation">
            <PROPERTY Class="Point3" Name="Translation">-4109.9340820312500000, 6660.3251953125000000, 208.9947509765625000</PROPERTY>
            <PROPERTY Class="Matrix3" Name="Rotation">
                <ROW>-0.9156221151351929, -0.4018266499042511, -0.0130907688289881</ROW>
                <ROW>0.4020398259162903, -0.9151366949081421, -0.0298134610056877</ROW>
                <ROW>0.0000000000000000, -0.0325608812272549, 0.9994697570800781</ROW>
            </PROPERTY>
            <PROPERTY Class="Float" Name="Scale">1.2904574871063232</PROPERTY>
        </COMPONENT>
        <COMPONENT LinkID="78" Class="NiSceneGraphComponent" Name="Scene Graph" MasterLinkID="31" />
        <ENTITY LinkID="79" Class="NiGeneralEntity" Name="Art_Wine1001_01 67" Type="Object" UsePhysX="FALSE" PostfixTexture="" Optimization="0" AlphaGroup="1" RandomAni="FALSE" TemplateID="1,d7,ca,d5,20,79,f8,40,a6,1e,62,6a,f7,2,ca,aa" MasterLinkID="29">
            <COMPONENT RefLinkID="80" />
            <COMPONENT RefLinkID="81" />
        </ENTITY>
        <COMPONENT LinkID="80" Class="NiTransformationComponent" Name="Transformation">
            <PROPERTY Class="Point3" Name="Translation">-4102.4921875000000000, 6654.8266601562500000, 208.9282226562500000</PROPERTY>
            <PROPERTY Class="Matrix3" Name="Rotation">
                <ROW>-0.9156221151351929, -0.4018266499042511, -0.0130907688289881</ROW>
                <ROW>0.4020398259162903, -0.9151366949081421, -0.0298134610056877</ROW>
                <ROW>0.0000000000000000, -0.0325608812272549, 0.9994697570800781</ROW>
            </PROPERTY>
            <PROPERTY Class="Float" Name="Scale">1.2904574871063232</PROPERTY>
        </COMPONENT>
        <COMPONENT LinkID="81" Class="NiSceneGraphComponent" Name="Scene Graph" MasterLinkID="31" />
        <ENTITY LinkID="82" Class="NiGeneralEntity" Name="Art_Wine1001_01 66" Type="Object" UsePhysX="FALSE" PostfixTexture="" Optimization="0" AlphaGroup="1" RandomAni="FALSE" TemplateID="1,d7,ca,d5,20,79,f8,40,a6,1e,62,6a,f7,2,ca,aa" MasterLinkID="29">
            <COMPONENT RefLinkID="83" />
            <COMPONENT RefLinkID="84" />
        </ENTITY>
        <COMPONENT LinkID="83" Class="NiTransformationComponent" Name="Transformation">
            <PROPERTY Class="Point3" Name="Translation">-4099.0117187500000000, 6643.5844726562500000, 209.9229736328125000</PROPERTY>
            <PROPERTY Class="Matrix3" Name="Rotation">
                <ROW>-0.9156221151351929, -0.4018266499042511, -0.0130907688289881</ROW>
                <ROW>0.4020398259162903, -0.9151366949081421, -0.0298134610056877</ROW>
                <ROW>0.0000000000000000, -0.0325608812272549, 0.9994697570800781</ROW>
            </PROPERTY>
            <PROPERTY Class="Float" Name="Scale">1.2904574871063232</PROPERTY>
        </COMPONENT>
        <COMPONENT LinkID="84" Class="NiSceneGraphComponent" Name="Scene Graph" MasterLinkID="31" />
        <ENTITY LinkID="85" Class="NiGeneralEntity" Name="Art_CeramicsWic1001_01 08" Type="Object" UsePhysX="TRUE" PostfixTexture="" Optimization="0" AlphaGroup="1" RandomAni="FALSE" TemplateID="4c,38,e3,7c,6e,ea,2c,4b,ad,a6,7e,26,9e,a1,7f,b7" MasterLinkID="86">
            <COMPONENT RefLinkID="89" />
            <COMPONENT RefLinkID="90" />
        </ENTITY>
        <ENTITY LinkID="86" Class="NiGeneralEntity" Name="[Object]props.Art_CeramicsWic1001_01" TemplateID="4c,38,e3,7c,6e,ea,2c,4b,ad,a6,7e,26,9e,a1,7f,b7">
            <COMPONENT RefLinkID="87" />
            <COMPONENT RefLinkID="88" />
        </ENTITY>
        <COMPONENT LinkID="87" Class="NiTransformationComponent" Name="Transformation">
            <PROPERTY Class="Point3" Name="Translation">0.0000000000000000, 0.0000000000000000, 0.0000000000000000</PROPERTY>
            <PROPERTY Class="Matrix3" Name="Rotation">
                <ROW>1.0000000000000000, 0.0000000000000000, 0.0000000000000000</ROW>
                <ROW>0.0000000000000000, 1.0000000000000000, 0.0000000000000000</ROW>
                <ROW>0.0000000000000000, 0.0000000000000000, 1.0000000000000000</ROW>
            </PROPERTY>
            <PROPERTY Class="Float" Name="Scale">1.0000000000000000</PROPERTY>
        </COMPONENT>
        <COMPONENT LinkID="88" Class="NiSceneGraphComponent" Name="Scene Graph">
            <PROPERTY Class="String" Name="NIF File Path" Asset="TRUE">.\..\..\00_Object\props\Art_CeramicsWic1001_01.nif</PROPERTY>
        </COMPONENT>
        <COMPONENT LinkID="89" Class="NiTransformationComponent" Name="Transformation">
            <PROPERTY Class="Point3" Name="Translation">-4106.3427734375000000, 6640.9990234375000000, 211.1174926757812500</PROPERTY>
            <PROPERTY Class="Matrix3" Name="Rotation">
                <ROW>0.5000008344650269, -0.8660249114036560, 0.0000000000000000</ROW>
                <ROW>0.8660249114036560, 0.5000008344650269, 0.0000000000000000</ROW>
                <ROW>0.0000000000000000, 0.0000000000000000, 1.0000000000000000</ROW>
            </PROPERTY>
            <PROPERTY Class="Float" Name="Scale">1.4483425617218018</PROPERTY>
        </COMPONENT>
        <COMPONENT LinkID="90" Class="NiSceneGraphComponent" Name="Scene Graph" MasterLinkID="88" />
        <ENTITY LinkID="91" Class="NiGeneralEntity" Name="Art_Wine1001_01 65" Type="Object" UsePhysX="FALSE" PostfixTexture="" Optimization="0" AlphaGroup="1" RandomAni="FALSE" TemplateID="1,d7,ca,d5,20,79,f8,40,a6,1e,62,6a,f7,2,ca,aa" MasterLinkID="29">
            <COMPONENT RefLinkID="92" />
            <COMPONENT RefLinkID="93" />
        </ENTITY>
        <COMPONENT LinkID="92" Class="NiTransformationComponent" Name="Transformation">
            <PROPERTY Class="Point3" Name="Translation">-3140.3750000000000000, 6649.5107421875000000, 210.9283752441406200</PROPERTY>
            <PROPERTY Class="Matrix3" Name="Rotation">
                <ROW>0.5455000400543213, -0.8381108045578003, 0.0000000000000000</ROW>
                <ROW>0.8381108045578003, 0.5455000400543213, 0.0000000000000000</ROW>
                <ROW>0.0000000000000000, 0.0000000000000000, 1.0000000000000000</ROW>
            </PROPERTY>
            <PROPERTY Class="Float" Name="Scale">1.2904574871063232</PROPERTY>
        </COMPONENT>
        <COMPONENT LinkID="93" Class="NiSceneGraphComponent" Name="Scene Graph" MasterLinkID="31" />
        <ENTITY LinkID="94" Class="NiGeneralEntity" Name="Art_Wine1001_01 46" Type="Object" UsePhysX="FALSE" PostfixTexture="" Optimization="0" AlphaGroup="1" RandomAni="FALSE" TemplateID="1,d7,ca,d5,20,79,f8,40,a6,1e,62,6a,f7,2,ca,aa" MasterLinkID="29">
            <COMPONENT RefLinkID="95" />
            <COMPONENT RefLinkID="96" />
        </ENTITY>
        <COMPONENT LinkID="95" Class="NiTransformationComponent" Name="Transformation">
            <PROPERTY Class="Point3" Name="Translation">-4159.6591796875000000, 6569.5263671875000000, 211.6965942382812500</PROPERTY>
            <PROPERTY Class="Matrix3" Name="Rotation">
                <ROW>-0.8660249114036560, -0.5000008344650269, 0.0000000000000000</ROW>
                <ROW>0.5000008344650269, -0.8660249114036560, 0.0000000000000000</ROW>
                <ROW>0.0000000000000000, 0.0000000000000000, 1.0000000000000000</ROW>
            </PROPERTY>
            <PROPERTY Class="Float" Name="Scale">1.2904574871063232</PROPERTY>
        </COMPONENT>
        <COMPONENT LinkID="96" Class="NiSceneGraphComponent" Name="Scene Graph" MasterLinkID="31" />
        <ENTITY LinkID="97" Class="NiGeneralEntity" Name="Art_Wine1001_01 47" Type="Object" UsePhysX="FALSE" PostfixTexture="" Optimization="0" AlphaGroup="1" RandomAni="FALSE" TemplateID="1,d7,ca,d5,20,79,f8,40,a6,1e,62,6a,f7,2,ca,aa" MasterLinkID="29">
            <COMPONENT RefLinkID="98" />
            <COMPONENT RefLinkID="99" />
        </ENTITY>
        <COMPONENT LinkID="98" Class="NiTransformationComponent" Name="Transformation">
            <PROPERTY Class="Point3" Name="Translation">-4152.8657226562500000, 6563.2436523437500000, 211.6965332031250000</PROPERTY>
            <PROPERTY Class="Matrix3" Name="Rotation">
                <ROW>-0.8660249114036560, -0.5000008344650269, 0.0000000000000000</ROW>
                <ROW>0.5000008344650269, -0.8660249114036560, 0.0000000000000000</ROW>
                <ROW>0.0000000000000000, 0.0000000000000000, 1.0000000000000000</ROW>
            </PROPERTY>
            <PROPERTY Class="Float" Name="Scale">1.2904574871063232</PROPERTY>
        </COMPONENT>
        <COMPONENT LinkID="99" Class="NiSceneGraphComponent" Name="Scene Graph" MasterLinkID="31" />
        <ENTITY LinkID="100" Class="NiGeneralEntity" Name="Art_Wine1001_01 78" Type="Object" UsePhysX="TRUE" PostfixTexture="" Optimization="0" AlphaGroup="1" RandomAni="FALSE" TemplateID="1,d7,ca,d5,20,79,f8,40,a6,1e,62,6a,f7,2,ca,aa" MasterLinkID="29">
            <COMPONENT RefLinkID="101" />
            <COMPONENT RefLinkID="102" />
        </ENTITY>
        <COMPONENT LinkID="101" Class="NiTransformationComponent" Name="Transformation">
            <PROPERTY Class="Point3" Name="Translation">-4131.8696289062500000, 6603.9433593750000000, 208.9282226562500000</PROPERTY>
            <PROPERTY Class="Matrix3" Name="Rotation">
                <ROW>-0.9156221151351929, -0.4018266499042511, -0.0130907688289881</ROW>
                <ROW>0.4020398259162903, -0.9151366949081421, -0.0298134610056877</ROW>
                <ROW>0.0000000000000000, -0.0325608812272549, 0.9994697570800781</ROW>
            </PROPERTY>
            <PROPERTY Class="Float" Name="Scale">1.2904574871063232</PROPERTY>
        </COMPONENT>
        <COMPONENT LinkID="102" Class="NiSceneGraphComponent" Name="Scene Graph" MasterLinkID="31" />
        <ENTITY LinkID="103" Class="NiGeneralEntity" Name="EF_LightingA_Y 02" Type="Object" UsePhysX="FALSE" PostfixTexture="" Optimization="0" AlphaGroup="0" RandomAni="FALSE" TemplateID="5c,b4,a2,be,5b,e0,3a,4a,87,5e,53,cd,f9,41,5d,62" MasterLinkID="104">
            <COMPONENT RefLinkID="107" />
            <COMPONENT RefLinkID="108" />
        </ENTITY>
        <ENTITY LinkID="104" Class="NiGeneralEntity" Name="[Effect]EF_LightingA_Y" TemplateID="5c,b4,a2,be,5b,e0,3a,4a,87,5e,53,cd,f9,41,5d,62">
            <COMPONENT RefLinkID="105" />
            <COMPONENT RefLinkID="106" />
