<?xml version="1.0" ?>
<GSA Major="1" Minor="0" Patch="0">
    <PALETTES_DIRECTORY>
        <PALETTE_DIR IDX="0" DIRECTORY=".\..\..\..\..\..\ToolBin\SceneDesigner\Release\Data\" />
        <PALETTE_DIR IDX="1" DIRECTORY=".\..\..\01_Ingrid\01_Level\..\..\Palettes\" />
        <PALETTE_DIR IDX="2" DIRECTORY=".\..\..\Palettes\" />
    </PALETTES_DIRECTORY>
    <PALETTES>
        <PALETTE NAME="Default" DIR_IDX="0" />
        <PALETTE NAME="General" DIR_IDX="1" />
        <PALETTE NAME="Block" DIR_IDX="1" />
        <PALETTE NAME="Object" DIR_IDX="1" />
        <PALETTE NAME="Effect" DIR_IDX="1" />
        <PALETTE NAME="Lavita" DIR_IDX="1" />
        <PALETTE NAME="Event" DIR_IDX="1" />
        <PALETTE NAME="IceDungeon" DIR_IDX="2" />
    </PALETTES>
    <OBJECTS>
        <ENTITY LinkID="0" Class="NiGeneralEntity" Name="Art_Bone1001_01 07" Type="Object" UsePhysX="FALSE" PostfixTexture="" Optimization="1" AlphaGroup="1" RandomAni="TRUE" TemplateID="5e,91,2a,c9,55,68,b6,48,a1,89,89,de,60,5e,81,61" MasterLinkID="1">
            <COMPONENT RefLinkID="5" />
            <COMPONENT RefLinkID="6" />
            <COMPONENT RefLinkID="7" />
        </ENTITY>
        <ENTITY LinkID="1" Class="NiGeneralEntity" Name="[Object]props.Art_Bone1001_01" TemplateID="9d,1e,cb,c,ab,a6,72,47,b3,aa,e5,31,b6,ec,10,27">
            <COMPONENT RefLinkID="2" />
            <COMPONENT RefLinkID="3" />
            <COMPONENT RefLinkID="4" />
        </ENTITY>
        <COMPONENT LinkID="2" Class="NiTransformationComponent" Name="Transformation">
            <PROPERTY Class="Point3" Name="Translation">0.0000000000000000, 0.0000000000000000, 0.0000000000000000</PROPERTY>
            <PROPERTY Class="Matrix3" Name="Rotation">
                <ROW>1.0000000000000000, 0.0000000000000000, 0.0000000000000000</ROW>
                <ROW>0.0000000000000000, 1.0000000000000000, 0.0000000000000000</ROW>
                <ROW>0.0000000000000000, 0.0000000000000000, 1.0000000000000000</ROW>
            </PROPERTY>
            <PROPERTY Class="Float" Name="Scale">1.0000000000000000</PROPERTY>
        </COMPONENT>
        <COMPONENT LinkID="3" Class="NiSceneGraphComponent" Name="Scene Graph">
            <PROPERTY Class="String" Name="NIF File Path" Asset="TRUE">.\..\..\00_Object\props\Art_Bone1001_01.nif</PROPERTY>
        </COMPONENT>
        <COMPONENT LinkID="4" Class="NiGeneralComponent" Name="Hide Object" TemplateID="f6,46,16,db,61,92,23,47,b5,4a,da,2d,42,d7,85,b9">
            <PROPERTY Class="Float" Name="Alpha Value" SemanticType="Float" DisplayName="Alpha Value" Description="">0.4000000059604645</PROPERTY>
            <PROPERTY Class="Boolean" Name="Alpha Enable" SemanticType="Boolean" DisplayName="Alpha Enable" Description="">FALSE</PROPERTY>
            <PROPERTY Class="Boolean" Name="Hide Object" SemanticType="Boolean" DisplayName="Hide Object" Description="">FALSE</PROPERTY>
        </COMPONENT>
        <COMPONENT LinkID="5" Class="NiTransformationComponent" Name="Transformation">
            <PROPERTY Class="Point3" Name="Translation">4056.5617675781250000, 186.5266723632812500, 101.4440917968750000</PROPERTY>
            <PROPERTY Class="Matrix3" Name="Rotation">
                <ROW>0.0137877762317657, -0.8163213729858398, 0.5774333477020264</ROW>
                <ROW>0.9066686034202576, 0.2537093162536621, 0.3370214104652405</ROW>
                <ROW>-0.4216180145740509, 0.5188938975334168, 0.7436311841011047</ROW>
            </PROPERTY>
            <PROPERTY Class="Float" Name="Scale">1.2000000476837158</PROPERTY>
        </COMPONENT>
        <COMPONENT LinkID="6" Class="NiSceneGraphComponent" Name="Scene Graph" MasterLinkID="3" />
        <COMPONENT LinkID="7" Class="NiGeneralComponent" Name="Hide Object" TemplateID="f6,46,16,db,61,92,23,47,b5,4a,da,2d,42,d7,85,b9" MasterLinkID="4" />
        <ENTITY LinkID="8" Class="NiGeneralEntity" Name="EF_Fire2001_B 04" Type="Object" UsePhysX="FALSE" PostfixTexture="" Optimization="0" AlphaGroup="0" RandomAni="FALSE" TemplateID="cc,7d,e2,12,a4,bf,92,4a,8a,4,68,dc,d7,d4,20,1b" MasterLinkID="9">
            <COMPONENT RefLinkID="13" />
            <COMPONENT RefLinkID="14" />
            <COMPONENT RefLinkID="15" />
        </ENTITY>
        <ENTITY LinkID="9" Class="NiGeneralEntity" Name="[Effect]EF_Fire2001_B" TemplateID="cc,7d,e2,12,a4,bf,92,4a,8a,4,68,dc,d7,d4,20,1b">
            <COMPONENT RefLinkID="10" />
            <COMPONENT RefLinkID="11" />
            <COMPONENT RefLinkID="12" />
        </ENTITY>
        <COMPONENT LinkID="10" Class="NiTransformationComponent" Name="Transformation">
            <PROPERTY Class="Point3" Name="Translation">0.0000000000000000, 0.0000000000000000, 0.0000000000000000</PROPERTY>
            <PROPERTY Class="Matrix3" Name="Rotation">
                <ROW>1.0000000000000000, 0.0000000000000000, 0.0000000000000000</ROW>
                <ROW>0.0000000000000000, 1.0000000000000000, 0.0000000000000000</ROW>
                <ROW>0.0000000000000000, 0.0000000000000000, 1.0000000000000000</ROW>
            </PROPERTY>
            <PROPERTY Class="Float" Name="Scale">1.0000000000000000</PROPERTY>
        </COMPONENT>
        <COMPONENT LinkID="11" Class="NiSceneGraphComponent" Name="Scene Graph">
            <PROPERTY Class="String" Name="NIF File Path" Asset="TRUE">.\..\..\..\5_Effect\3_World\EF_Fire2001_B.nif</PROPERTY>
        </COMPONENT>
        <COMPONENT LinkID="12" Class="NiGeneralComponent" Name="Animation Object" TemplateID="c5,83,7b,6f,ea,53,7d,45,95,5a,2e,ab,38,28,a5,76">
            <PROPERTY Class="Float" Name="Phase" SemanticType="Float" DisplayName="Phase" Description="">-1000.0000000000000000</PROPERTY>
        </COMPONENT>
        <COMPONENT LinkID="13" Class="NiTransformationComponent" Name="Transformation">
            <PROPERTY Class="Point3" Name="Translation">-2944.2641601562500000, 2442.1574707031250000, 616.9489746093750000</PROPERTY>
            <PROPERTY Class="Matrix3" Name="Rotation">
                <ROW>0.7705873250961304, -0.5498179793357849, -0.3223284780979157</ROW>
                <ROW>0.3830324411392212, 0.8037417531013489, -0.4552862644195557</ROW>
                <ROW>0.5093933343887329, 0.2273754775524139, 0.8299511671066284</ROW>
            </PROPERTY>
            <PROPERTY Class="Float" Name="Scale">0.8511564731597900</PROPERTY>
        </COMPONENT>
        <COMPONENT LinkID="14" Class="NiSceneGraphComponent" Name="Scene Graph" MasterLinkID="11" />
        <COMPONENT LinkID="15" Class="NiGeneralComponent" Name="Animation Object" TemplateID="c5,83,7b,6f,ea,53,7d,45,95,5a,2e,ab,38,28,a5,76" MasterLinkID="12" />
        <ENTITY LinkID="16" Class="NiGeneralEntity" Name="SM_Mountain1001_03 04" Type="Object" UsePhysX="FALSE" PostfixTexture="" Optimization="0" AlphaGroup="3" RandomAni="FALSE" TemplateID="46,6e,7,69,11,24,8e,4d,9d,c8,63,60,f5,d6,ea,d8" MasterLinkID="17">
            <COMPONENT RefLinkID="21" />
            <COMPONENT RefLinkID="22" />
            <COMPONENT RefLinkID="23" />
        </ENTITY>
        <ENTITY LinkID="17" Class="NiGeneralEntity" Name="[Block]030800.SM_Mountain1001_03" TemplateID="46,6e,7,69,11,24,8e,4d,9d,c8,63,60,f5,d6,ea,d8">
            <COMPONENT RefLinkID="18" />
            <COMPONENT RefLinkID="19" />
            <COMPONENT RefLinkID="20" />
        </ENTITY>
        <COMPONENT LinkID="18" Class="NiTransformationComponent" Name="Transformation">
            <PROPERTY Class="Point3" Name="Translation">0.0000000000000000, 0.0000000000000000, 0.0000000000000000</PROPERTY>
            <PROPERTY Class="Matrix3" Name="Rotation">
                <ROW>1.0000000000000000, 0.0000000000000000, 0.0000000000000000</ROW>
                <ROW>0.0000000000000000, 1.0000000000000000, 0.0000000000000000</ROW>
                <ROW>0.0000000000000000, 0.0000000000000000, 1.0000000000000000</ROW>
            </PROPERTY>
            <PROPERTY Class="Float" Name="Scale">1.0000000000000000</PROPERTY>
        </COMPONENT>
        <COMPONENT LinkID="19" Class="NiSceneGraphComponent" Name="Scene Graph">
            <PROPERTY Class="String" Name="NIF File Path" Asset="TRUE">.\..\02_Modeling\Block\030800\SM_Mountain1001_03.nif</PROPERTY>
        </COMPONENT>
        <COMPONENT LinkID="20" Class="NiGeneralComponent" Name="Hide Object" TemplateID="f6,46,16,db,61,92,23,47,b5,4a,da,2d,42,d7,85,b9">
            <PROPERTY Class="Float" Name="Alpha Value" SemanticType="Float" DisplayName="Alpha Value" Description="">0.4000000059604645</PROPERTY>
            <PROPERTY Class="Boolean" Name="Alpha Enable" SemanticType="Boolean" DisplayName="Alpha Enable" Description="">FALSE</PROPERTY>
            <PROPERTY Class="Boolean" Name="Hide Object" SemanticType="Boolean" DisplayName="Hide Object" Description="">FALSE</PROPERTY>
        </COMPONENT>
        <COMPONENT LinkID="21" Class="NiTransformationComponent" Name="Transformation">
            <PROPERTY Class="Point3" Name="Translation">30838.1972656250000000, 9803.8554687500000000, 177.8095703125000000</PROPERTY>
            <PROPERTY Class="Matrix3" Name="Rotation">
                <ROW>-0.6839292049407959, -0.7295483350753784, 0.0000000000000000</ROW>
                <ROW>0.7295483350753784, -0.6839292049407959, 0.0000000000000000</ROW>
                <ROW>0.0000000000000000, 0.0000000000000000, 1.0000000000000000</ROW>
            </PROPERTY>
            <PROPERTY Class="Float" Name="Scale">1.1326270103454590</PROPERTY>
        </COMPONENT>
        <COMPONENT LinkID="22" Class="NiSceneGraphComponent" Name="Scene Graph" MasterLinkID="19" />
        <COMPONENT LinkID="23" Class="NiGeneralComponent" Name="Hide Object" TemplateID="f6,46,16,db,61,92,23,47,b5,4a,da,2d,42,d7,85,b9" MasterLinkID="20" />
        <ENTITY LinkID="24" Class="NiGeneralEntity" Name="SM_Mountain1001_01 12" Type="Object" UsePhysX="FALSE" PostfixTexture="" Optimization="0" AlphaGroup="3" RandomAni="FALSE" TemplateID="2a,bb,f6,21,9a,82,ee,45,b1,71,f8,a5,9c,69,11,22" MasterLinkID="25">
            <COMPONENT RefLinkID="29" />
            <COMPONENT RefLinkID="30" />
            <COMPONENT RefLinkID="31" />
        </ENTITY>
        <ENTITY LinkID="25" Class="NiGeneralEntity" Name="[Block]030800.SM_Mountain1001_01" TemplateID="2a,bb,f6,21,9a,82,ee,45,b1,71,f8,a5,9c,69,11,22">
            <COMPONENT RefLinkID="26" />
            <COMPONENT RefLinkID="27" />
            <COMPONENT RefLinkID="28" />
        </ENTITY>
        <COMPONENT LinkID="26" Class="NiTransformationComponent" Name="Transformation">
            <PROPERTY Class="Point3" Name="Translation">0.0000000000000000, 0.0000000000000000, 0.0000000000000000</PROPERTY>
            <PROPERTY Class="Matrix3" Name="Rotation">
                <ROW>1.0000000000000000, 0.0000000000000000, 0.0000000000000000</ROW>
                <ROW>0.0000000000000000, 1.0000000000000000, 0.0000000000000000</ROW>
                <ROW>0.0000000000000000, 0.0000000000000000, 1.0000000000000000</ROW>
            </PROPERTY>
            <PROPERTY Class="Float" Name="Scale">1.0000000000000000</PROPERTY>
        </COMPONENT>
        <COMPONENT LinkID="27" Class="NiSceneGraphComponent" Name="Scene Graph">
            <PROPERTY Class="String" Name="NIF File Path" Asset="TRUE">.\..\02_Modeling\Block\030800\SM_Mountain1001_01.nif</PROPERTY>
        </COMPONENT>
        <COMPONENT LinkID="28" Class="NiGeneralComponent" Name="Hide Object" TemplateID="f6,46,16,db,61,92,23,47,b5,4a,da,2d,42,d7,85,b9">
            <PROPERTY Class="Float" Name="Alpha Value" SemanticType="Float" DisplayName="Alpha Value" Description="">0.4000000059604645</PROPERTY>
            <PROPERTY Class="Boolean" Name="Alpha Enable" SemanticType="Boolean" DisplayName="Alpha Enable" Description="">FALSE</PROPERTY>
            <PROPERTY Class="Boolean" Name="Hide Object" SemanticType="Boolean" DisplayName="Hide Object" Description="">FALSE</PROPERTY>
        </COMPONENT>
        <COMPONENT LinkID="29" Class="NiTransformationComponent" Name="Transformation">
            <PROPERTY Class="Point3" Name="Translation">30977.5996093750000000, 10443.1494140625000000, 691.2445068359375000</PROPERTY>
            <PROPERTY Class="Matrix3" Name="Rotation">
                <ROW>0.4172244071960449, 0.9088035821914673, 0.0000000000000000</ROW>
                <ROW>-0.9088035821914673, 0.4172244071960449, 0.0000000000000000</ROW>
                <ROW>0.0000000000000000, 0.0000000000000000, 1.0000000000000000</ROW>
            </PROPERTY>
            <PROPERTY Class="Float" Name="Scale">1.1472737789154053</PROPERTY>
        </COMPONENT>
        <COMPONENT LinkID="30" Class="NiSceneGraphComponent" Name="Scene Graph" MasterLinkID="27" />
        <COMPONENT LinkID="31" Class="NiGeneralComponent" Name="Hide Object" TemplateID="f6,46,16,db,61,92,23,47,b5,4a,da,2d,42,d7,85,b9" MasterLinkID="28" />
        <ENTITY LinkID="32" Class="NiGeneralEntity" Name="SM_Ground8001_01 01_i 13" Type="Object" UsePhysX="TRUE" PostfixTexture="" Optimization="0" AlphaGroup="3" RandomAni="FALSE" TemplateID="6,fc,83,a1,42,5,a9,41,bc,a4,a7,d4,6e,3d,90,8b" MasterLinkID="33">
            <COMPONENT RefLinkID="37" />
            <COMPONENT RefLinkID="38" />
            <COMPONENT RefLinkID="39" />
        </ENTITY>
        <ENTITY LinkID="33" Class="NiGeneralEntity" Name="[Block]030800.SM_Ground8001_01" TemplateID="6,fc,83,a1,42,5,a9,41,bc,a4,a7,d4,6e,3d,90,8b">
            <COMPONENT RefLinkID="34" />
            <COMPONENT RefLinkID="35" />
            <COMPONENT RefLinkID="36" />
        </ENTITY>
        <COMPONENT LinkID="34" Class="NiTransformationComponent" Name="Transformation">
            <PROPERTY Class="Point3" Name="Translation">0.0000000000000000, 0.0000000000000000, 0.0000000000000000</PROPERTY>
            <PROPERTY Class="Matrix3" Name="Rotation">
                <ROW>1.0000000000000000, 0.0000000000000000, 0.0000000000000000</ROW>
                <ROW>0.0000000000000000, 1.0000000000000000, 0.0000000000000000</ROW>
                <ROW>0.0000000000000000, 0.0000000000000000, 1.0000000000000000</ROW>
            </PROPERTY>
            <PROPERTY Class="Float" Name="Scale">1.0000000000000000</PROPERTY>
        </COMPONENT>
        <COMPONENT LinkID="35" Class="NiSceneGraphComponent" Name="Scene Graph">
            <PROPERTY Class="String" Name="NIF File Path" Asset="TRUE">.\..\02_Modeling\Block\030800\SM_Ground8001_01.nif</PROPERTY>
        </COMPONENT>
        <COMPONENT LinkID="36" Class="NiGeneralComponent" Name="Hide Object" TemplateID="f6,46,16,db,61,92,23,47,b5,4a,da,2d,42,d7,85,b9">
            <PROPERTY Class="Float" Name="Alpha Value" SemanticType="Float" DisplayName="Alpha Value" Description="">0.4000000059604645</PROPERTY>
            <PROPERTY Class="Boolean" Name="Alpha Enable" SemanticType="Boolean" DisplayName="Alpha Enable" Description="">FALSE</PROPERTY>
            <PROPERTY Class="Boolean" Name="Hide Object" SemanticType="Boolean" DisplayName="Hide Object" Description="">FALSE</PROPERTY>
        </COMPONENT>
        <COMPONENT LinkID="37" Class="NiTransformationComponent" Name="Transformation">
            <PROPERTY Class="Point3" Name="Translation">30655.1210937500000000, 10183.9091796875000000, 1210.5175781250000000</PROPERTY>
            <PROPERTY Class="Matrix3" Name="Rotation">
                <ROW>-0.5000000596046448, 0.8660253882408142, 0.0000000000000000</ROW>
                <ROW>-0.8660253882408142, -0.5000000596046448, 0.0000000000000000</ROW>
                <ROW>0.0000000000000000, 0.0000000000000000, 1.0000000000000000</ROW>
            </PROPERTY>
            <PROPERTY Class="Float" Name="Scale">0.7724924683570862</PROPERTY>
        </COMPONENT>
        <COMPONENT LinkID="38" Class="NiSceneGraphComponent" Name="Scene Graph" MasterLinkID="35" />
        <COMPONENT LinkID="39" Class="NiGeneralComponent" Name="Hide Object" TemplateID="f6,46,16,db,61,92,23,47,b5,4a,da,2d,42,d7,85,b9" MasterLinkID="36" />
        <ENTITY LinkID="40" Class="NiGeneralEntity" Name="SM_Ground8001_01 01_i 12" Type="Object" UsePhysX="FALSE" PostfixTexture="" Optimization="0" AlphaGroup="3" RandomAni="FALSE" TemplateID="6,fc,83,a1,42,5,a9,41,bc,a4,a7,d4,6e,3d,90,8b" MasterLinkID="33">
            <COMPONENT RefLinkID="41" />
            <COMPONENT RefLinkID="42" />
            <COMPONENT RefLinkID="43" />
        </ENTITY>
        <COMPONENT LinkID="41" Class="NiTransformationComponent" Name="Transformation">
            <PROPERTY Class="Point3" Name="Translation">28772.3085937500000000, 9537.2353515625000000, 1139.5661621093750000</PROPERTY>
            <PROPERTY Class="Matrix3" Name="Rotation">
                <ROW>-0.5000000596046448, 0.8660253882408142, 0.0000000000000000</ROW>
                <ROW>-0.8660253882408142, -0.5000000596046448, 0.0000000000000000</ROW>
                <ROW>0.0000000000000000, 0.0000000000000000, 1.0000000000000000</ROW>
            </PROPERTY>
            <PROPERTY Class="Float" Name="Scale">0.7209168076515198</PROPERTY>
        </COMPONENT>
        <COMPONENT LinkID="42" Class="NiSceneGraphComponent" Name="Scene Graph" MasterLinkID="35" />
        <COMPONENT LinkID="43" Class="NiGeneralComponent" Name="Hide Object" TemplateID="f6,46,16,db,61,92,23,47,b5,4a,da,2d,42,d7,85,b9" MasterLinkID="36" />
        <ENTITY LinkID="44" Class="NiGeneralEntity" Name="SM_Ground8001_01 01_i 11" Type="Object" UsePhysX="FALSE" PostfixTexture="" Optimization="0" AlphaGroup="3" RandomAni="FALSE" TemplateID="6,fc,83,a1,42,5,a9,41,bc,a4,a7,d4,6e,3d,90,8b" MasterLinkID="33">
            <COMPONENT RefLinkID="45" />
            <COMPONENT RefLinkID="46" />
            <COMPONENT RefLinkID="47" />
        </ENTITY>
        <COMPONENT LinkID="45" Class="NiTransformationComponent" Name="Transformation">
            <PROPERTY Class="Point3" Name="Translation">28348.5136718750000000, 9786.4609375000000000, 697.6424560546875000</PROPERTY>
            <PROPERTY Class="Matrix3" Name="Rotation">
                <ROW>-0.7806180715560913, 0.6250082850456238, 0.0000000000000000</ROW>
                <ROW>-0.6250082850456238, -0.7806180715560913, 0.0000000000000000</ROW>
                <ROW>0.0000000000000000, 0.0000000000000000, 1.0000000000000000</ROW>
            </PROPERTY>
            <PROPERTY Class="Float" Name="Scale">1.1712462902069092</PROPERTY>
        </COMPONENT>
        <COMPONENT LinkID="46" Class="NiSceneGraphComponent" Name="Scene Graph" MasterLinkID="35" />
        <COMPONENT LinkID="47" Class="NiGeneralComponent" Name="Hide Object" TemplateID="f6,46,16,db,61,92,23,47,b5,4a,da,2d,42,d7,85,b9" MasterLinkID="36" />
        <ENTITY LinkID="48" Class="NiGeneralEntity" Name="RF_RopeLadder1001_01 05" Type="Ladder" UsePhysX="FALSE" PostfixTexture="" Optimization="0" AlphaGroup="3" RandomAni="FALSE" TemplateID="49,12,26,e8,7,8a,be,45,b4,f4,dd,6c,12,fc,26,5f" MasterLinkID="49">
            <COMPONENT RefLinkID="53" />
            <COMPONENT RefLinkID="54" />
            <COMPONENT RefLinkID="55" />
        </ENTITY>
        <ENTITY LinkID="49" Class="NiGeneralEntity" Name="[Block]030700.RF_RopeLadder1001_01" TemplateID="49,12,26,e8,7,8a,be,45,b4,f4,dd,6c,12,fc,26,5f">
            <COMPONENT RefLinkID="50" />
            <COMPONENT RefLinkID="51" />
            <COMPONENT RefLinkID="52" />
        </ENTITY>
        <COMPONENT LinkID="50" Class="NiTransformationComponent" Name="Transformation">
            <PROPERTY Class="Point3" Name="Translation">0.0000000000000000, 0.0000000000000000, 0.0000000000000000</PROPERTY>
            <PROPERTY Class="Matrix3" Name="Rotation">
                <ROW>1.0000000000000000, 0.0000000000000000, 0.0000000000000000</ROW>
                <ROW>0.0000000000000000, 1.0000000000000000, 0.0000000000000000</ROW>
                <ROW>0.0000000000000000, 0.0000000000000000, 1.0000000000000000</ROW>
            </PROPERTY>
            <PROPERTY Class="Float" Name="Scale">1.0000000000000000</PROPERTY>
        </COMPONENT>
        <COMPONENT LinkID="51" Class="NiSceneGraphComponent" Name="Scene Graph">
            <PROPERTY Class="String" Name="NIF File Path" Asset="TRUE">.\..\02_Modeling\Block\030700\RF_RopeLadder1001_01.nif</PROPERTY>
        </COMPONENT>
        <COMPONENT LinkID="52" Class="NiGeneralComponent" Name="Hide Object" TemplateID="f6,46,16,db,61,92,23,47,b5,4a,da,2d,42,d7,85,b9">
            <PROPERTY Class="Float" Name="Alpha Value" SemanticType="Float" DisplayName="Alpha Value" Description="">0.4000000059604645</PROPERTY>
            <PROPERTY Class="Boolean" Name="Alpha Enable" SemanticType="Boolean" DisplayName="Alpha Enable" Description="">FALSE</PROPERTY>
            <PROPERTY Class="Boolean" Name="Hide Object" SemanticType="Boolean" DisplayName="Hide Object" Description="">FALSE</PROPERTY>
        </COMPONENT>
        <COMPONENT LinkID="53" Class="NiTransformationComponent" Name="Transformation">
            <PROPERTY Class="Point3" Name="Translation">28184.7382812500000000, 9516.6728515625000000, 1198.0603027343750000</PROPERTY>
            <PROPERTY Class="Matrix3" Name="Rotation">
                <ROW>1.0000000000000000, 0.0000000000000000, 0.0000000000000000</ROW>
                <ROW>0.0000000000000000, 1.0000000000000000, 0.0000000000000000</ROW>
                <ROW>0.0000000000000000, 0.0000000000000000, 1.0000000000000000</ROW>
            </PROPERTY>
            <PROPERTY Class="Float" Name="Scale">1.0000000000000000</PROPERTY>
        </COMPONENT>
        <COMPONENT LinkID="54" Class="NiSceneGraphComponent" Name="Scene Graph" MasterLinkID="51" />
        <COMPONENT LinkID="55" Class="NiGeneralComponent" Name="Hide Object" TemplateID="f6,46,16,db,61,92,23,47,b5,4a,da,2d,42,d7,85,b9" MasterLinkID="52" />
        <ENTITY LinkID="56" Class="NiGeneralEntity" Name="SM_Ground3001_02 01_i 09" Type="Object" UsePhysX="TRUE" PostfixTexture="" Optimization="0" AlphaGroup="3" RandomAni="FALSE" TemplateID="45,43,28,e3,f8,65,e0,48,b4,5e,e2,15,26,b7,55,a2" MasterLinkID="57">
            <COMPONENT RefLinkID="61" />
            <COMPONENT RefLinkID="62" />
            <COMPONENT RefLinkID="63" />
        </ENTITY>
        <ENTITY LinkID="57" Class="NiGeneralEntity" Name="[Block]030800.SM_Ground3001_02" TemplateID="45,43,28,e3,f8,65,e0,48,b4,5e,e2,15,26,b7,55,a2">
            <COMPONENT RefLinkID="58" />
            <COMPONENT RefLinkID="59" />
            <COMPONENT RefLinkID="60" />
        </ENTITY>
        <COMPONENT LinkID="58" Class="NiTransformationComponent" Name="Transformation">
            <PROPERTY Class="Point3" Name="Translation">0.0000000000000000, 0.0000000000000000, 0.0000000000000000</PROPERTY>
            <PROPERTY Class="Matrix3" Name="Rotation">
                <ROW>1.0000000000000000, 0.0000000000000000, 0.0000000000000000</ROW>
                <ROW>0.0000000000000000, 1.0000000000000000, 0.0000000000000000</ROW>
                <ROW>0.0000000000000000, 0.0000000000000000, 1.0000000000000000</ROW>
            </PROPERTY>
            <PROPERTY Class="Float" Name="Scale">1.0000000000000000</PROPERTY>
        </COMPONENT>
        <COMPONENT LinkID="59" Class="NiSceneGraphComponent" Name="Scene Graph">
            <PROPERTY Class="String" Name="NIF File Path" Asset="TRUE">.\..\02_Modeling\Block\030800\SM_Ground3001_02.nif</PROPERTY>
        </COMPONENT>
        <COMPONENT LinkID="60" Class="NiGeneralComponent" Name="Hide Object" TemplateID="f6,46,16,db,61,92,23,47,b5,4a,da,2d,42,d7,85,b9">
            <PROPERTY Class="Float" Name="Alpha Value" SemanticType="Float" DisplayName="Alpha Value" Description="">0.4000000059604645</PROPERTY>
            <PROPERTY Class="Boolean" Name="Alpha Enable" SemanticType="Boolean" DisplayName="Alpha Enable" Description="">FALSE</PROPERTY>
            <PROPERTY Class="Boolean" Name="Hide Object" SemanticType="Boolean" DisplayName="Hide Object" Description="">FALSE</PROPERTY>
        </COMPONENT>
        <COMPONENT LinkID="61" Class="NiTransformationComponent" Name="Transformation">
            <PROPERTY Class="Point3" Name="Translation">28936.1679687500000000, 9926.6484375000000000, 1213.9985351562500000</PROPERTY>
            <PROPERTY Class="Matrix3" Name="Rotation">
                <ROW>-0.9961947202682495, 0.0871556997299194, 0.0000000000000000</ROW>
                <ROW>-0.0871556997299194, -0.9961947202682495, 0.0000000000000000</ROW>
                <ROW>0.0000000000000000, 0.0000000000000000, 1.0000000000000000</ROW>
            </PROPERTY>
            <PROPERTY Class="Float" Name="Scale">1.0000000000000000</PROPERTY>
        </COMPONENT>
        <COMPONENT LinkID="62" Class="NiSceneGraphComponent" Name="Scene Graph" MasterLinkID="59" />
        <COMPONENT LinkID="63" Class="NiGeneralComponent" Name="Hide Object" TemplateID="f6,46,16,db,61,92,23,47,b5,4a,da,2d,42,d7,85,b9" MasterLinkID="60" />
        <ENTITY LinkID="64" Class="NiGeneralEntity" Name="Camera 01" Type="MainCamera" UsePhysX="TRUE" PostfixTexture="" Optimization="Low" AlphaGroup="0" RandomAni="TRUE" TemplateID="31,e4,f1,ae,7f,4f,58,4e,87,63,e3,36,31,5c,49,3a" MasterLinkID="65">
            <COMPONENT RefLinkID="68" />
            <COMPONENT RefLinkID="69" />
        </ENTITY>
        <ENTITY LinkID="65" Class="NiGeneralEntity" Name="[General]Cameras.Camera" TemplateID="31,e4,f1,ae,7f,4f,58,4e,87,63,e3,36,31,5c,49,3a">
            <COMPONENT RefLinkID="66" />
            <COMPONENT RefLinkID="67" />
        </ENTITY>
        <COMPONENT LinkID="66" Class="NiTransformationComponent" Name="Transformation">
            <PROPERTY Class="Point3" Name="Translation">0.0000000000000000, 0.0000000000000000, 0.0000000000000000</PROPERTY>
            <PROPERTY Class="Matrix3" Name="Rotation">
                <ROW>1.0000000000000000, 0.0000000000000000, 0.0000000000000000</ROW>
                <ROW>0.0000000000000000, 1.0000000000000000, 0.0000000000000000</ROW>
                <ROW>0.0000000000000000, 0.0000000000000000, 1.0000000000000000</ROW>
            </PROPERTY>
            <PROPERTY Class="Float" Name="Scale">1.0000000000000000</PROPERTY>
        </COMPONENT>
        <COMPONENT LinkID="67" Class="NiCameraComponent" Name="Camera">
            <PROPERTY Class="Float" Name="Field of View">90.0000000000000000</PROPERTY>
            <PROPERTY Class="Float" Name="Aspect Ratio">1.3333300352096558</PROPERTY>
            <PROPERTY Class="Float" Name="Near Clipping Plane">1.0000000000000000</PROPERTY>
            <PROPERTY Class="Float" Name="Far Clipping Plane">10000.0000000000000000</PROPERTY>
            <PROPERTY Class="Boolean" Name="Orthographic">FALSE</PROPERTY>
        </COMPONENT>
        <COMPONENT LinkID="68" Class="NiTransformationComponent" Name="Transformation">
            <PROPERTY Class="Point3" Name="Translation">27547.2011718750000000, 6388.6206054687500000, 792.1411743164062500</PROPERTY>
            <PROPERTY Class="Matrix3" Name="Rotation">
                <ROW>-0.0000000437113883, 0.0000000000000000, 1.0000000000000000</ROW>
                <ROW>0.9851101040840149, 0.1719246059656143, 0.0000000430605311</ROW>
                <ROW>-0.1719246059656143, 0.9851101040840149, -0.0000000075150632</ROW>
            </PROPERTY>
            <PROPERTY Class="Float" Name="Scale">1.0000000000000000</PROPERTY>
        </COMPONENT>
        <COMPONENT LinkID="69" Class="NiCameraComponent" Name="Camera">
            <PROPERTY Class="Float" Name="Field of View">89.9999923706054690</PROPERTY>
            <PROPERTY Class="Float" Name="Aspect Ratio">1.3333300352096558</PROPERTY>
            <PROPERTY Class="Float" Name="Near Clipping Plane">1.0000000000000000</PROPERTY>
            <PROPERTY Class="Float" Name="Far Clipping Plane">10000.0000000000000000</PROPERTY>
            <PROPERTY Class="Boolean" Name="Orthographic">FALSE</PROPERTY>
        </COMPONENT>
        <ENTITY LinkID="70" Class="NiGeneralEntity" Name="SM_Cave1001_01 08" Type="Object" UsePhysX="FALSE" PostfixTexture="" Optimization="0" AlphaGroup="3" RandomAni="FALSE" TemplateID="27,d2,6d,6c,72,77,c,4b,a8,8c,fa,f,e2,88,e1,1c" MasterLinkID="71">
            <COMPONENT RefLinkID="74" />
            <COMPONENT RefLinkID="75" />
            <COMPONENT RefLinkID="76" />
        </ENTITY>
        <ENTITY LinkID="71" Class="NiGeneralEntity" Name="[Block]030800.SM_Cave1001_01" TemplateID="27,d2,6d,6c,72,77,c,4b,a8,8c,fa,f,e2,88,e1,1c">
            <COMPONENT RefLinkID="72" />
            <COMPONENT RefLinkID="73" />
            <COMPONENT RefLinkID="36" />
        </ENTITY>
        <COMPONENT LinkID="72" Class="NiTransformationComponent" Name="Transformation">
            <PROPERTY Class="Point3" Name="Translation">0.0000000000000000, 0.0000000000000000, 0.0000000000000000</PROPERTY>
            <PROPERTY Class="Matrix3" Name="Rotation">
                <ROW>1.0000000000000000, 0.0000000000000000, 0.0000000000000000</ROW>
                <ROW>0.0000000000000000, 1.0000000000000000, 0.0000000000000000</ROW>
                <ROW>0.0000000000000000, 0.0000000000000000, 1.0000000000000000</ROW>
            </PROPERTY>
            <PROPERTY Class="Float" Name="Scale">1.0000000000000000</PROPERTY>
        </COMPONENT>
        <COMPONENT LinkID="73" Class="NiSceneGraphComponent" Name="Scene Graph">
            <PROPERTY Class="String" Name="NIF File Path" Asset="TRUE">.\..\02_Modeling\Block\030800\SM_Cave1001_01.nif</PROPERTY>
        </COMPONENT>
        <COMPONENT LinkID="74" Class="NiTransformationComponent" Name="Transformation">
            <PROPERTY Class="Point3" Name="Translation">27452.5449218750000000, 10300.5917968750000000, 962.6094970703125000</PROPERTY>
            <PROPERTY Class="Matrix3" Name="Rotation">
                <ROW>0.9771423935890198, -0.2125860005617142, 0.0000000000000000</ROW>
                <ROW>0.2125860005617142, 0.9771423935890198, 0.0000000000000000</ROW>
                <ROW>0.0000000000000000, 0.0000000000000000, 1.0000000000000000</ROW>
            </PROPERTY>
            <PROPERTY Class="Float" Name="Scale">1.0000000000000000</PROPERTY>
        </COMPONENT>
        <COMPONENT LinkID="75" Class="NiSceneGraphComponent" Name="Scene Graph" MasterLinkID="73" />
        <COMPONENT LinkID="76" Class="NiGeneralComponent" Name="Hide Object" TemplateID="f6,46,16,db,61,92,23,47,b5,4a,da,2d,42,d7,85,b9" MasterLinkID="36" />
        <ENTITY LinkID="77" Class="NiGeneralEntity" Name="SM_Mountain1001_03 03" Type="Object" UsePhysX="FALSE" PostfixTexture="" Optimization="0" AlphaGroup="3" RandomAni="FALSE" TemplateID="46,6e,7,69,11,24,8e,4d,9d,c8,63,60,f5,d6,ea,d8" MasterLinkID="17">
            <COMPONENT RefLinkID="78" />
            <COMPONENT RefLinkID="79" />
            <COMPONENT RefLinkID="80" />
        </ENTITY>
        <COMPONENT LinkID="78" Class="NiTransformationComponent" Name="Transformation">
            <PROPERTY Class="Point3" Name="Translation">26548.2402343750000000, 10191.5751953125000000, -333.1785278320312500</PROPERTY>
            <PROPERTY Class="Matrix3" Name="Rotation">
                <ROW>0.7071067690849304, -0.7071067690849304, 0.0000000000000000</ROW>
                <ROW>0.7071067690849304, 0.7071067690849304, 0.0000000000000000</ROW>
                <ROW>0.0000000000000000, 0.0000000000000000, 1.0000000000000000</ROW>
            </PROPERTY>
            <PROPERTY Class="Float" Name="Scale">1.6958087682723999</PROPERTY>
        </COMPONENT>
        <COMPONENT LinkID="79" Class="NiSceneGraphComponent" Name="Scene Graph" MasterLinkID="19" />
        <COMPONENT LinkID="80" Class="NiGeneralComponent" Name="Hide Object" TemplateID="f6,46,16,db,61,92,23,47,b5,4a,da,2d,42,d7,85,b9" MasterLinkID="20" />
        <ENTITY LinkID="81" Class="NiGeneralEntity" Name="SM_Mountain1001_05 02" Type="Object" UsePhysX="FALSE" PostfixTexture="" Optimization="0" AlphaGroup="3" RandomAni="FALSE" TemplateID="27,2,f7,ea,a3,b8,90,41,a2,1a,e7,f,62,6f,11,d" MasterLinkID="82">
            <COMPONENT RefLinkID="85" />
            <COMPONENT RefLinkID="86" />
            <COMPONENT RefLinkID="87" />
        </ENTITY>
        <ENTITY LinkID="82" Class="NiGeneralEntity" Name="[Block]030800.SM_Mountain1001_05" TemplateID="27,2,f7,ea,a3,b8,90,41,a2,1a,e7,f,62,6f,11,d">
            <COMPONENT RefLinkID="83" />
            <COMPONENT RefLinkID="84" />
            <COMPONENT RefLinkID="20" />
        </ENTITY>
        <COMPONENT LinkID="83" Class="NiTransformationComponent" Name="Transformation">
            <PROPERTY Class="Point3" Name="Translation">0.0000000000000000, 0.0000000000000000, 0.0000000000000000</PROPERTY>
            <PROPERTY Class="Matrix3" Name="Rotation">
                <ROW>1.0000000000000000, 0.0000000000000000, 0.0000000000000000</ROW>
                <ROW>0.0000000000000000, 1.0000000000000000, 0.0000000000000000</ROW>
                <ROW>0.0000000000000000, 0.0000000000000000, 1.0000000000000000</ROW>
            </PROPERTY>
            <PROPERTY Class="Float" Name="Scale">1.0000000000000000</PROPERTY>
        </COMPONENT>
        <COMPONENT LinkID="84" Class="NiSceneGraphComponent" Name="Scene Graph">
            <PROPERTY Class="String" Name="NIF File Path" Asset="TRUE">.\..\02_Modeling\Block\030800\SM_Mountain1001_05.nif</PROPERTY>
        </COMPONENT>
        <COMPONENT LinkID="85" Class="NiTransformationComponent" Name="Transformation">
            <PROPERTY Class="Point3" Name="Translation">27143.8710937500000000, 10177.8408203125000000, 655.1318969726562500</PROPERTY>
            <PROPERTY Class="Matrix3" Name="Rotation">
                <ROW>-0.7384235858917236, 0.6743371486663818, 0.0000000000000000</ROW>
                <ROW>-0.6743371486663818, -0.7384235858917236, 0.0000000000000000</ROW>
                <ROW>0.0000000000000000, 0.0000000000000000, 1.0000000000000000</ROW>
            </PROPERTY>
            <PROPERTY Class="Float" Name="Scale">1.0000000000000000</PROPERTY>
        </COMPONENT>
        <COMPONENT LinkID="86" Class="NiSceneGraphComponent" Name="Scene Graph" MasterLinkID="84" />
        <COMPONENT LinkID="87" Class="NiGeneralComponent" Name="Hide Object" TemplateID="f6,46,16,db,61,92,23,47,b5,4a,da,2d,42,d7,85,b9" MasterLinkID="20" />
        <ENTITY LinkID="88" Class="NiGeneralEntity" Name="SM_Ground3001_01 03" Type="Object" UsePhysX="TRUE" PostfixTexture="" Optimization="0" AlphaGroup="3" RandomAni="FALSE" TemplateID="96,2d,1f,d2,93,b9,41,4b,aa,64,f0,41,f1,88,b6,76" MasterLinkID="89">
            <COMPONENT RefLinkID="92" />
            <COMPONENT RefLinkID="93" />
            <COMPONENT RefLinkID="94" />
        </ENTITY>
        <ENTITY LinkID="89" Class="NiGeneralEntity" Name="[Block]030800.SM_Ground3001_01" TemplateID="96,2d,1f,d2,93,b9,41,4b,aa,64,f0,41,f1,88,b6,76">
            <COMPONENT RefLinkID="90" />
            <COMPONENT RefLinkID="91" />
            <COMPONENT RefLinkID="36" />
        </ENTITY>
        <COMPONENT LinkID="90" Class="NiTransformationComponent" Name="Transformation">
            <PROPERTY Class="Point3" Name="Translation">0.0000000000000000, 0.0000000000000000, 0.0000000000000000</PROPERTY>
            <PROPERTY Class="Matrix3" Name="Rotation">
                <ROW>1.0000000000000000, 0.0000000000000000, 0.0000000000000000</ROW>
                <ROW>0.0000000000000000, 1.0000000000000000, 0.0000000000000000</ROW>
                <ROW>0.0000000000000000, 0.0000000000000000, 1.0000000000000000</ROW>
            </PROPERTY>
            <PROPERTY Class="Float" Name="Scale">1.0000000000000000</PROPERTY>
        </COMPONENT>
        <COMPONENT LinkID="91" Class="NiSceneGraphComponent" Name="Scene Graph">
            <PROPERTY Class="String" Name="NIF File Path" Asset="TRUE">.\..\02_Modeling\Block\030800\SM_Ground3001_01.nif</PROPERTY>
        </COMPONENT>
        <COMPONENT LinkID="92" Class="NiTransformationComponent" Name="Transformation">
            <PROPERTY Class="Point3" Name="Translation">28429.3007812500000000, 9689.2158203125000000, 962.1389770507812500</PROPERTY>
            <PROPERTY Class="Matrix3" Name="Rotation">
                <ROW>-0.9961947202682495, 0.0871556550264359, 0.0000000000000000</ROW>
                <ROW>-0.0871556550264359, -0.9961947202682495, 0.0000000000000000</ROW>
                <ROW>0.0000000000000000, 0.0000000000000000, 1.0000000000000000</ROW>
            </PROPERTY>
            <PROPERTY Class="Float" Name="Scale">1.3045511245727539</PROPERTY>
        </COMPONENT>
        <COMPONENT LinkID="93" Class="NiSceneGraphComponent" Name="Scene Graph" MasterLinkID="91" />
        <COMPONENT LinkID="94" Class="NiGeneralComponent" Name="Hide Object" TemplateID="f6,46,16,db,61,92,23,47,b5,4a,da,2d,42,d7,85,b9" MasterLinkID="36" />
        <ENTITY LinkID="95" Class="NiGeneralEntity" Name="SM_Road1001_02 07" Type="Object" UsePhysX="TRUE" PostfixTexture="" Optimization="0" AlphaGroup="3" RandomAni="FALSE" TemplateID="e3,2a,c6,10,1c,e5,a5,47,95,ad,7c,a6,9d,34,84,ef" MasterLinkID="96">
            <COMPONENT RefLinkID="99" />
            <COMPONENT RefLinkID="100" />
            <COMPONENT RefLinkID="101" />
        </ENTITY>
        <ENTITY LinkID="96" Class="NiGeneralEntity" Name="[Block]030800.SM_Road1001_02" TemplateID="e3,2a,c6,10,1c,e5,a5,47,95,ad,7c,a6,9d,34,84,ef">
            <COMPONENT RefLinkID="97" />
            <COMPONENT RefLinkID="98" />
            <COMPONENT RefLinkID="36" />
        </ENTITY>
        <COMPONENT LinkID="97" Class="NiTransformationComponent" Name="Transformation">
            <PROPERTY Class="Point3" Name="Translation">0.0000000000000000, 0.0000000000000000, 0.0000000000000000</PROPERTY>
            <PROPERTY Class="Matrix3" Name="Rotation">
                <ROW>1.0000000000000000, 0.0000000000000000, 0.0000000000000000</ROW>
                <ROW>0.0000000000000000, 1.0000000000000000, 0.0000000000000000</ROW>
                <ROW>0.0000000000000000, 0.0000000000000000, 1.0000000000000000</ROW>
            </PROPERTY>
            <PROPERTY Class="Float" Name="Scale">1.0000000000000000</PROPERTY>
        </COMPONENT>
        <COMPONENT LinkID="98" Class="NiSceneGraphComponent" Name="Scene Graph">
            <PROPERTY Class="String" Name="NIF File Path" Asset="TRUE">.\..\02_Modeling\Block\030800\SM_Road1001_02.nif</PROPERTY>
        </COMPONENT>
        <COMPONENT LinkID="99" Class="NiTransformationComponent" Name="Transformation">
            <PROPERTY Class="Point3" Name="Translation">28631.9238281250000000, 9739.2597656250000000, 0.0032581328414381</PROPERTY>
            <PROPERTY Class="Matrix3" Name="Rotation">
                <ROW>-1.0000000000000000, -0.0000000874227766, 0.0000000000000000</ROW>
                <ROW>0.0000000874227766, -1.0000000000000000, 0.0000000000000000</ROW>
                <ROW>0.0000000000000000, 0.0000000000000000, 1.0000000000000000</ROW>
            </PROPERTY>
            <PROPERTY Class="Float" Name="Scale">1.0000000000000000</PROPERTY>
        </COMPONENT>
        <COMPONENT LinkID="100" Class="NiSceneGraphComponent" Name="Scene Graph" MasterLinkID="98" />
        <COMPONENT LinkID="101" Class="NiGeneralComponent" Name="Hide Object" TemplateID="f6,46,16,db,61,92,23,47,b5,4a,da,2d,42,d7,85,b9" MasterLinkID="36" />
        <ENTITY LinkID="102" Class="NiGeneralEntity" Name="SM_Mountain1001_05 03" Type="Object" UsePhysX="FALSE" PostfixTexture="" Optimization="0" AlphaGroup="3" RandomAni="FALSE" TemplateID="27,2,f7,ea,a3,b8,90,41,a2,1a,e7,f,62,6f,11,d" MasterLinkID="82">
            <COMPONENT RefLinkID="103" />
            <COMPONENT RefLinkID="104" />
            <COMPONENT RefLinkID="105" />
        </ENTITY>
        <COMPONENT LinkID="103" Class="NiTransformationComponent" Name="Transformation">
            <PROPERTY Class="Point3" Name="Translation">27677.0996093750000000, 10402.3994140625000000, 940.9125366210937500</PROPERTY>
            <PROPERTY Class="Matrix3" Name="Rotation">
                <ROW>0.8035991787910461, 0.5951708555221558, 0.0000000000000000</ROW>
                <ROW>-0.5951708555221558, 0.8035991787910461, 0.0000000000000000</ROW>
                <ROW>0.0000000000000000, 0.0000000000000000, 1.0000000000000000</ROW>
            </PROPERTY>
