<?xml version="1.0" ?>
<GSA Major="1" Minor="0" Patch="0">
    <PALETTES_DIRECTORY>
        <PALETTE_DIR IDX="0" DIRECTORY=".\..\..\..\..\..\ToolBin\SceneDesigner\Release\Data\" />
        <PALETTE_DIR IDX="1" DIRECTORY=".\..\..\01_Ingrid\01_Level\..\..\Palettes\" />
        <PALETTE_DIR IDX="2" DIRECTORY=".\..\..\Palettes\" />
    </PALETTES_DIRECTORY>
    <PALETTES>
        <PALETTE NAME="Default" DIR_IDX="0" />
        <PALETTE NAME="General" DIR_IDX="1" />
        <PALETTE NAME="Block" DIR_IDX="1" />
        <PALETTE NAME="Object" DIR_IDX="1" />
        <PALETTE NAME="Effect" DIR_IDX="1" />
        <PALETTE NAME="Lavita" DIR_IDX="1" />
        <PALETTE NAME="Event" DIR_IDX="1" />
        <PALETTE NAME="IceDungeon" DIR_IDX="2" />
    </PALETTES>
    <OBJECTS>
        <ENTITY LinkID="0" Class="NiGeneralEntity" Name="Art_Bone1001_01 07" Type="Object" UsePhysX="FALSE" PostfixTexture="" Optimization="1" AlphaGroup="1" RandomAni="TRUE" TemplateID="5e,91,2a,c9,55,68,b6,48,a1,89,89,de,60,5e,81,61" MasterLinkID="1">
            <COMPONENT RefLinkID="5" />
            <COMPONENT RefLinkID="6" />
            <COMPONENT RefLinkID="7" />
        </ENTITY>
        <ENTITY LinkID="1" Class="NiGeneralEntity" Name="[Object]props.Art_Bone1001_01" TemplateID="9d,1e,cb,c,ab,a6,72,47,b3,aa,e5,31,b6,ec,10,27">
            <COMPONENT RefLinkID="2" />
            <COMPONENT RefLinkID="3" />
            <COMPONENT RefLinkID="4" />
        </ENTITY>
        <COMPONENT LinkID="2" Class="NiTransformationComponent" Name="Transformation">
            <PROPERTY Class="Point3" Name="Translation">0.0000000000000000, 0.0000000000000000, 0.0000000000000000</PROPERTY>
            <PROPERTY Class="Matrix3" Name="Rotation">
                <ROW>1.0000000000000000, 0.0000000000000000, 0.0000000000000000</ROW>
                <ROW>0.0000000000000000, 1.0000000000000000, 0.0000000000000000</ROW>
                <ROW>0.0000000000000000, 0.0000000000000000, 1.0000000000000000</ROW>
            </PROPERTY>
            <PROPERTY Class="Float" Name="Scale">1.0000000000000000</PROPERTY>
        </COMPONENT>
        <COMPONENT LinkID="3" Class="NiSceneGraphComponent" Name="Scene Graph">
            <PROPERTY Class="String" Name="NIF File Path" Asset="TRUE">.\..\..\00_Object\props\Art_Bone1001_01.nif</PROPERTY>
        </COMPONENT>
        <COMPONENT LinkID="4" Class="NiGeneralComponent" Name="Hide Object" TemplateID="f6,46,16,db,61,92,23,47,b5,4a,da,2d,42,d7,85,b9">
            <PROPERTY Class="Float" Name="Alpha Value" SemanticType="Float" DisplayName="Alpha Value" Description="">0.4000000059604645</PROPERTY>
            <PROPERTY Class="Boolean" Name="Alpha Enable" SemanticType="Boolean" DisplayName="Alpha Enable" Description="">FALSE</PROPERTY>
            <PROPERTY Class="Boolean" Name="Hide Object" SemanticType="Boolean" DisplayName="Hide Object" Description="">FALSE</PROPERTY>
        </COMPONENT>
        <COMPONENT LinkID="5" Class="NiTransformationComponent" Name="Transformation">
            <PROPERTY Class="Point3" Name="Translation">4056.5617675781250000, 186.5266723632812500, 101.4440917968750000</PROPERTY>
            <PROPERTY Class="Matrix3" Name="Rotation">
                <ROW>0.0137877762317657, -0.8163213729858398, 0.5774333477020264</ROW>
                <ROW>0.9066686034202576, 0.2537093162536621, 0.3370214104652405</ROW>
                <ROW>-0.4216180145740509, 0.5188938975334168, 0.7436311841011047</ROW>
            </PROPERTY>
            <PROPERTY Class="Float" Name="Scale">1.2000000476837158</PROPERTY>
        </COMPONENT>
        <COMPONENT LinkID="6" Class="NiSceneGraphComponent" Name="Scene Graph" MasterLinkID="3" />
        <COMPONENT LinkID="7" Class="NiGeneralComponent" Name="Hide Object" TemplateID="f6,46,16,db,61,92,23,47,b5,4a,da,2d,42,d7,85,b9" MasterLinkID="4" />
        <ENTITY LinkID="8" Class="NiGeneralEntity" Name="EF_Fire2001_B 04" Type="Object" UsePhysX="FALSE" PostfixTexture="" Optimization="0" AlphaGroup="0" RandomAni="FALSE" TemplateID="cc,7d,e2,12,a4,bf,92,4a,8a,4,68,dc,d7,d4,20,1b" MasterLinkID="9">
            <COMPONENT RefLinkID="13" />
            <COMPONENT RefLinkID="14" />
            <COMPONENT RefLinkID="15" />
        </ENTITY>
        <ENTITY LinkID="9" Class="NiGeneralEntity" Name="[Effect]EF_Fire2001_B" TemplateID="cc,7d,e2,12,a4,bf,92,4a,8a,4,68,dc,d7,d4,20,1b">
            <COMPONENT RefLinkID="10" />
            <COMPONENT RefLinkID="11" />
            <COMPONENT RefLinkID="12" />
        </ENTITY>
        <COMPONENT LinkID="10" Class="NiTransformationComponent" Name="Transformation">
            <PROPERTY Class="Point3" Name="Translation">0.0000000000000000, 0.0000000000000000, 0.0000000000000000</PROPERTY>
            <PROPERTY Class="Matrix3" Name="Rotation">
                <ROW>1.0000000000000000, 0.0000000000000000, 0.0000000000000000</ROW>
                <ROW>0.0000000000000000, 1.0000000000000000, 0.0000000000000000</ROW>
                <ROW>0.0000000000000000, 0.0000000000000000, 1.0000000000000000</ROW>
            </PROPERTY>
            <PROPERTY Class="Float" Name="Scale">1.0000000000000000</PROPERTY>
        </COMPONENT>
        <COMPONENT LinkID="11" Class="NiSceneGraphComponent" Name="Scene Graph">
            <PROPERTY Class="String" Name="NIF File Path" Asset="TRUE">.\..\..\..\5_Effect\3_World\EF_Fire2001_B.nif</PROPERTY>
        </COMPONENT>
        <COMPONENT LinkID="12" Class="NiGeneralComponent" Name="Animation Object" TemplateID="c5,83,7b,6f,ea,53,7d,45,95,5a,2e,ab,38,28,a5,76">
            <PROPERTY Class="Float" Name="Phase" SemanticType="Float" DisplayName="Phase" Description="">-1000.0000000000000000</PROPERTY>
        </COMPONENT>
        <COMPONENT LinkID="13" Class="NiTransformationComponent" Name="Transformation">
            <PROPERTY Class="Point3" Name="Translation">-2944.2641601562500000, 2442.1574707031250000, 616.9489746093750000</PROPERTY>
            <PROPERTY Class="Matrix3" Name="Rotation">
                <ROW>0.7705873250961304, -0.5498179793357849, -0.3223284780979157</ROW>
                <ROW>0.3830324411392212, 0.8037417531013489, -0.4552862644195557</ROW>
                <ROW>0.5093933343887329, 0.2273754775524139, 0.8299511671066284</ROW>
            </PROPERTY>
            <PROPERTY Class="Float" Name="Scale">0.8511564731597900</PROPERTY>
        </COMPONENT>
        <COMPONENT LinkID="14" Class="NiSceneGraphComponent" Name="Scene Graph" MasterLinkID="11" />
        <COMPONENT LinkID="15" Class="NiGeneralComponent" Name="Animation Object" TemplateID="c5,83,7b,6f,ea,53,7d,45,95,5a,2e,ab,38,28,a5,76" MasterLinkID="12" />
        <ENTITY LinkID="16" Class="NiGeneralEntity" Name="SM_Ground3001_03 01_i 02" Type="Object" UsePhysX="TRUE" PostfixTexture="" Optimization="0" AlphaGroup="3" RandomAni="FALSE" TemplateID="c6,f7,bd,16,53,c1,74,4d,b5,ee,cc,bc,28,6c,4a,e4" MasterLinkID="17">
            <COMPONENT RefLinkID="21" />
            <COMPONENT RefLinkID="22" />
            <COMPONENT RefLinkID="23" />
        </ENTITY>
        <ENTITY LinkID="17" Class="NiGeneralEntity" Name="[Block]030800.SM_Ground3001_03" TemplateID="c6,f7,bd,16,53,c1,74,4d,b5,ee,cc,bc,28,6c,4a,e4">
            <COMPONENT RefLinkID="18" />
            <COMPONENT RefLinkID="19" />
            <COMPONENT RefLinkID="20" />
        </ENTITY>
        <COMPONENT LinkID="18" Class="NiTransformationComponent" Name="Transformation">
            <PROPERTY Class="Point3" Name="Translation">0.0000000000000000, 0.0000000000000000, 0.0000000000000000</PROPERTY>
            <PROPERTY Class="Matrix3" Name="Rotation">
                <ROW>1.0000000000000000, 0.0000000000000000, 0.0000000000000000</ROW>
                <ROW>0.0000000000000000, 1.0000000000000000, 0.0000000000000000</ROW>
                <ROW>0.0000000000000000, 0.0000000000000000, 1.0000000000000000</ROW>
            </PROPERTY>
            <PROPERTY Class="Float" Name="Scale">1.0000000000000000</PROPERTY>
        </COMPONENT>
        <COMPONENT LinkID="19" Class="NiSceneGraphComponent" Name="Scene Graph">
            <PROPERTY Class="String" Name="NIF File Path" Asset="TRUE">.\..\02_Modeling\Block\030800\SM_Ground3001_03.nif</PROPERTY>
        </COMPONENT>
        <COMPONENT LinkID="20" Class="NiGeneralComponent" Name="Hide Object" TemplateID="f6,46,16,db,61,92,23,47,b5,4a,da,2d,42,d7,85,b9">
            <PROPERTY Class="Float" Name="Alpha Value" SemanticType="Float" DisplayName="Alpha Value" Description="">0.4000000059604645</PROPERTY>
            <PROPERTY Class="Boolean" Name="Alpha Enable" SemanticType="Boolean" DisplayName="Alpha Enable" Description="">FALSE</PROPERTY>
            <PROPERTY Class="Boolean" Name="Hide Object" SemanticType="Boolean" DisplayName="Hide Object" Description="">FALSE</PROPERTY>
        </COMPONENT>
        <COMPONENT LinkID="21" Class="NiTransformationComponent" Name="Transformation">
            <PROPERTY Class="Point3" Name="Translation">28427.4687500000000000, 5561.1557617187500000, 991.6582641601562500</PROPERTY>
            <PROPERTY Class="Matrix3" Name="Rotation">
                <ROW>1.0000000000000000, 0.0000000000000000, 0.0000000000000000</ROW>
                <ROW>0.0000000000000000, 1.0000000000000000, 0.0000000000000000</ROW>
                <ROW>0.0000000000000000, 0.0000000000000000, 1.0000000000000000</ROW>
            </PROPERTY>
            <PROPERTY Class="Float" Name="Scale">1.0000000000000000</PROPERTY>
        </COMPONENT>
        <COMPONENT LinkID="22" Class="NiSceneGraphComponent" Name="Scene Graph" MasterLinkID="19" />
        <COMPONENT LinkID="23" Class="NiGeneralComponent" Name="Hide Object" TemplateID="f6,46,16,db,61,92,23,47,b5,4a,da,2d,42,d7,85,b9" MasterLinkID="20" />
        <ENTITY LinkID="24" Class="NiGeneralEntity" Name="Art_BariGate2001_01 24" Type="Object" UsePhysX="FALSE" PostfixTexture="" Optimization="0" AlphaGroup="1" RandomAni="FALSE" TemplateID="9,5f,9,88,e5,b6,3a,41,bc,c2,72,e,1,6c,c2,e7" MasterLinkID="25">
            <COMPONENT RefLinkID="29" />
            <COMPONENT RefLinkID="30" />
            <COMPONENT RefLinkID="31" />
        </ENTITY>
        <ENTITY LinkID="25" Class="NiGeneralEntity" Name="[Object]Fance.Art_BariGate2001_01" TemplateID="9,5f,9,88,e5,b6,3a,41,bc,c2,72,e,1,6c,c2,e7">
            <COMPONENT RefLinkID="26" />
            <COMPONENT RefLinkID="27" />
            <COMPONENT RefLinkID="28" />
        </ENTITY>
        <COMPONENT LinkID="26" Class="NiTransformationComponent" Name="Transformation">
            <PROPERTY Class="Point3" Name="Translation">0.0000000000000000, 0.0000000000000000, 0.0000000000000000</PROPERTY>
            <PROPERTY Class="Matrix3" Name="Rotation">
                <ROW>1.0000000000000000, 0.0000000000000000, 0.0000000000000000</ROW>
                <ROW>0.0000000000000000, 1.0000000000000000, 0.0000000000000000</ROW>
                <ROW>0.0000000000000000, 0.0000000000000000, 1.0000000000000000</ROW>
            </PROPERTY>
            <PROPERTY Class="Float" Name="Scale">1.0000000000000000</PROPERTY>
        </COMPONENT>
        <COMPONENT LinkID="27" Class="NiSceneGraphComponent" Name="Scene Graph">
            <PROPERTY Class="String" Name="NIF File Path" Asset="TRUE">.\..\..\00_Object\Fance\Art_BariGate2001_01.nif</PROPERTY>
        </COMPONENT>
        <COMPONENT LinkID="28" Class="NiGeneralComponent" Name="Hide Object" TemplateID="f6,46,16,db,61,92,23,47,b5,4a,da,2d,42,d7,85,b9">
            <PROPERTY Class="Float" Name="Alpha Value" SemanticType="Float" DisplayName="Alpha Value" Description="">0.4000000059604645</PROPERTY>
            <PROPERTY Class="Boolean" Name="Alpha Enable" SemanticType="Boolean" DisplayName="Alpha Enable" Description="">FALSE</PROPERTY>
            <PROPERTY Class="Boolean" Name="Hide Object" SemanticType="Boolean" DisplayName="Hide Object" Description="">FALSE</PROPERTY>
        </COMPONENT>
        <COMPONENT LinkID="29" Class="NiTransformationComponent" Name="Transformation">
            <PROPERTY Class="Point3" Name="Translation">27634.2949218750000000, 5357.0239257812500000, 967.6853637695312500</PROPERTY>
            <PROPERTY Class="Matrix3" Name="Rotation">
                <ROW>0.9677566289901733, 0.2517563104629517, -0.0081214550882578</ROW>
                <ROW>-0.2517236471176148, 0.9677869081497192, 0.0048405742272735</ROW>
                <ROW>0.0090784849599004, -0.0026401358190924, 0.9999552965164185</ROW>
            </PROPERTY>
            <PROPERTY Class="Float" Name="Scale">1.6647434234619141</PROPERTY>
        </COMPONENT>
        <COMPONENT LinkID="30" Class="NiSceneGraphComponent" Name="Scene Graph" MasterLinkID="27" />
        <COMPONENT LinkID="31" Class="NiGeneralComponent" Name="Hide Object" TemplateID="f6,46,16,db,61,92,23,47,b5,4a,da,2d,42,d7,85,b9" MasterLinkID="28">
            <PROPERTY Class="Boolean" Name="Alpha Enable" SemanticType="Boolean" DisplayName="Alpha Enable" Description="">TRUE</PROPERTY>
            <PROPERTY Class="Boolean" Name="Hide Object" SemanticType="Boolean" DisplayName="Hide Object" Description="">TRUE</PROPERTY>
        </COMPONENT>
        <ENTITY LinkID="32" Class="NiGeneralEntity" Name="W_Nature_Grass5001_01 35" Type="Object" UsePhysX="FALSE" PostfixTexture="" Optimization="0" AlphaGroup="5" RandomAni="FALSE" TemplateID="bb,7d,4e,1,6c,e4,3b,4f,9e,b3,6c,3b,f6,4a,6b,56" MasterLinkID="33">
            <COMPONENT RefLinkID="37" />
            <COMPONENT RefLinkID="38" />
            <COMPONENT RefLinkID="39" />
        </ENTITY>
        <ENTITY LinkID="33" Class="NiGeneralEntity" Name="[Event]X-Mas.W_Nature_Grass5001_01" TemplateID="bb,7d,4e,1,6c,e4,3b,4f,9e,b3,6c,3b,f6,4a,6b,56">
            <COMPONENT RefLinkID="34" />
            <COMPONENT RefLinkID="35" />
            <COMPONENT RefLinkID="36" />
        </ENTITY>
        <COMPONENT LinkID="34" Class="NiTransformationComponent" Name="Transformation">
            <PROPERTY Class="Point3" Name="Translation">0.0000000000000000, 0.0000000000000000, 0.0000000000000000</PROPERTY>
            <PROPERTY Class="Matrix3" Name="Rotation">
                <ROW>1.0000000000000000, 0.0000000000000000, 0.0000000000000000</ROW>
                <ROW>0.0000000000000000, 1.0000000000000000, 0.0000000000000000</ROW>
                <ROW>0.0000000000000000, 0.0000000000000000, 1.0000000000000000</ROW>
            </PROPERTY>
            <PROPERTY Class="Float" Name="Scale">1.0000000000000000</PROPERTY>
        </COMPONENT>
        <COMPONENT LinkID="35" Class="NiSceneGraphComponent" Name="Scene Graph">
            <PROPERTY Class="String" Name="NIF File Path" Asset="TRUE">.\..\..\93_EventMap\02_Modeling\Block\X-Mas\Object\W_Nature_Grass5001_01.nif</PROPERTY>
        </COMPONENT>
        <COMPONENT LinkID="36" Class="NiGeneralComponent" Name="Hide Object" TemplateID="f6,46,16,db,61,92,23,47,b5,4a,da,2d,42,d7,85,b9">
            <PROPERTY Class="Float" Name="Alpha Value" SemanticType="Float" DisplayName="Alpha Value" Description="">0.4000000059604645</PROPERTY>
            <PROPERTY Class="Boolean" Name="Alpha Enable" SemanticType="Boolean" DisplayName="Alpha Enable" Description="">FALSE</PROPERTY>
            <PROPERTY Class="Boolean" Name="Hide Object" SemanticType="Boolean" DisplayName="Hide Object" Description="">FALSE</PROPERTY>
        </COMPONENT>
        <COMPONENT LinkID="37" Class="NiTransformationComponent" Name="Transformation">
            <PROPERTY Class="Point3" Name="Translation">27522.1386718750000000, 5370.8012695312500000, 990.6635131835937500</PROPERTY>
            <PROPERTY Class="Matrix3" Name="Rotation">
                <ROW>0.9983927607536316, -0.0566724464297295, 0.0000000000000000</ROW>
                <ROW>0.0566724464297295, 0.9983927607536316, 0.0000000000000000</ROW>
                <ROW>0.0000000000000000, 0.0000000000000000, 1.0000000000000000</ROW>
            </PROPERTY>
            <PROPERTY Class="Float" Name="Scale">1.2262190580368042</PROPERTY>
        </COMPONENT>
        <COMPONENT LinkID="38" Class="NiSceneGraphComponent" Name="Scene Graph" MasterLinkID="35" />
        <COMPONENT LinkID="39" Class="NiGeneralComponent" Name="Hide Object" TemplateID="f6,46,16,db,61,92,23,47,b5,4a,da,2d,42,d7,85,b9" MasterLinkID="36" />
        <ENTITY LinkID="40" Class="NiGeneralEntity" Name="W_Art_HouseWoodFence3001_01 32" Type="Object" UsePhysX="FALSE" PostfixTexture="" Optimization="0" AlphaGroup="5" RandomAni="FALSE" TemplateID="f,90,3f,76,e7,67,55,48,8d,fc,c5,68,e7,7f,c3,4c" MasterLinkID="41">
            <COMPONENT RefLinkID="45" />
            <COMPONENT RefLinkID="46" />
            <COMPONENT RefLinkID="47" />
        </ENTITY>
        <ENTITY LinkID="41" Class="NiGeneralEntity" Name="[Event]X-Mas.W_Art_HouseWoodFence3001_01" TemplateID="f,90,3f,76,e7,67,55,48,8d,fc,c5,68,e7,7f,c3,4c">
            <COMPONENT RefLinkID="42" />
            <COMPONENT RefLinkID="43" />
            <COMPONENT RefLinkID="44" />
        </ENTITY>
        <COMPONENT LinkID="42" Class="NiTransformationComponent" Name="Transformation">
            <PROPERTY Class="Point3" Name="Translation">0.0000000000000000, 0.0000000000000000, 0.0000000000000000</PROPERTY>
            <PROPERTY Class="Matrix3" Name="Rotation">
                <ROW>1.0000000000000000, 0.0000000000000000, 0.0000000000000000</ROW>
                <ROW>0.0000000000000000, 1.0000000000000000, 0.0000000000000000</ROW>
                <ROW>0.0000000000000000, 0.0000000000000000, 1.0000000000000000</ROW>
            </PROPERTY>
            <PROPERTY Class="Float" Name="Scale">1.0000000000000000</PROPERTY>
        </COMPONENT>
        <COMPONENT LinkID="43" Class="NiSceneGraphComponent" Name="Scene Graph">
            <PROPERTY Class="String" Name="NIF File Path" Asset="TRUE">.\..\..\93_EventMap\02_Modeling\Block\X-Mas\Object\W_Art_HouseWoodFence3001_01.nif</PROPERTY>
        </COMPONENT>
        <COMPONENT LinkID="44" Class="NiGeneralComponent" Name="Hide Object" TemplateID="f6,46,16,db,61,92,23,47,b5,4a,da,2d,42,d7,85,b9">
            <PROPERTY Class="Float" Name="Alpha Value" SemanticType="Float" DisplayName="Alpha Value" Description="">0.4000000059604645</PROPERTY>
            <PROPERTY Class="Boolean" Name="Alpha Enable" SemanticType="Boolean" DisplayName="Alpha Enable" Description="">FALSE</PROPERTY>
            <PROPERTY Class="Boolean" Name="Hide Object" SemanticType="Boolean" DisplayName="Hide Object" Description="">FALSE</PROPERTY>
        </COMPONENT>
        <COMPONENT LinkID="45" Class="NiTransformationComponent" Name="Transformation">
            <PROPERTY Class="Point3" Name="Translation">27405.2597656250000000, 5333.1352539062500000, 984.8661499023437500</PROPERTY>
            <PROPERTY Class="Matrix3" Name="Rotation">
                <ROW>0.5616396665573120, -0.8273820877075195, 0.0000000000000000</ROW>
                <ROW>0.8273820877075195, 0.5616396665573120, 0.0000000000000000</ROW>
                <ROW>0.0000000000000000, 0.0000000000000000, 1.0000000000000000</ROW>
            </PROPERTY>
            <PROPERTY Class="Float" Name="Scale">1.0000000000000000</PROPERTY>
        </COMPONENT>
        <COMPONENT LinkID="46" Class="NiSceneGraphComponent" Name="Scene Graph" MasterLinkID="43" />
        <COMPONENT LinkID="47" Class="NiGeneralComponent" Name="Hide Object" TemplateID="f6,46,16,db,61,92,23,47,b5,4a,da,2d,42,d7,85,b9" MasterLinkID="44" />
        <ENTITY LinkID="48" Class="NiGeneralEntity" Name="Art_BariGate2001_01 25" Type="Object" UsePhysX="FALSE" PostfixTexture="" Optimization="0" AlphaGroup="1" RandomAni="FALSE" TemplateID="9,5f,9,88,e5,b6,3a,41,bc,c2,72,e,1,6c,c2,e7" MasterLinkID="25">
            <COMPONENT RefLinkID="49" />
            <COMPONENT RefLinkID="50" />
            <COMPONENT RefLinkID="51" />
        </ENTITY>
        <COMPONENT LinkID="49" Class="NiTransformationComponent" Name="Transformation">
            <PROPERTY Class="Point3" Name="Translation">27707.4042968750000000, 5339.5937500000000000, 967.6849975585937500</PROPERTY>
            <PROPERTY Class="Matrix3" Name="Rotation">
                <ROW>0.9761402606964111, 0.2169827520847321, -0.0082893799990416</ROW>
                <ROW>-0.2169512212276459, 0.9761717319488525, 0.0045470166951418</ROW>
                <ROW>0.0090784849599004, -0.0026401358190924, 0.9999552965164185</ROW>
            </PROPERTY>
            <PROPERTY Class="Float" Name="Scale">1.6647434234619141</PROPERTY>
        </COMPONENT>
        <COMPONENT LinkID="50" Class="NiSceneGraphComponent" Name="Scene Graph" MasterLinkID="27" />
        <COMPONENT LinkID="51" Class="NiGeneralComponent" Name="Hide Object" TemplateID="f6,46,16,db,61,92,23,47,b5,4a,da,2d,42,d7,85,b9" MasterLinkID="28">
            <PROPERTY Class="Boolean" Name="Alpha Enable" SemanticType="Boolean" DisplayName="Alpha Enable" Description="">TRUE</PROPERTY>
            <PROPERTY Class="Boolean" Name="Hide Object" SemanticType="Boolean" DisplayName="Hide Object" Description="">TRUE</PROPERTY>
        </COMPONENT>
        <ENTITY LinkID="52" Class="NiGeneralEntity" Name="W_Nature_Flower3001_03 42" Type="Object" UsePhysX="FALSE" PostfixTexture="" Optimization="0" AlphaGroup="5" RandomAni="FALSE" TemplateID="8c,cf,1a,c2,50,8a,20,42,bd,e3,0,f6,8b,d5,b4,e6" MasterLinkID="53">
            <COMPONENT RefLinkID="56" />
            <COMPONENT RefLinkID="57" />
            <COMPONENT RefLinkID="58" />
        </ENTITY>
        <ENTITY LinkID="53" Class="NiGeneralEntity" Name="[Event]X-Mas.W_Nature_Flower3001_03" TemplateID="8c,cf,1a,c2,50,8a,20,42,bd,e3,0,f6,8b,d5,b4,e6">
            <COMPONENT RefLinkID="54" />
            <COMPONENT RefLinkID="55" />
            <COMPONENT RefLinkID="36" />
        </ENTITY>
        <COMPONENT LinkID="54" Class="NiTransformationComponent" Name="Transformation">
            <PROPERTY Class="Point3" Name="Translation">0.0000000000000000, 0.0000000000000000, 0.0000000000000000</PROPERTY>
            <PROPERTY Class="Matrix3" Name="Rotation">
                <ROW>1.0000000000000000, 0.0000000000000000, 0.0000000000000000</ROW>
                <ROW>0.0000000000000000, 1.0000000000000000, 0.0000000000000000</ROW>
                <ROW>0.0000000000000000, 0.0000000000000000, 1.0000000000000000</ROW>
            </PROPERTY>
            <PROPERTY Class="Float" Name="Scale">1.0000000000000000</PROPERTY>
        </COMPONENT>
        <COMPONENT LinkID="55" Class="NiSceneGraphComponent" Name="Scene Graph">
            <PROPERTY Class="String" Name="NIF File Path" Asset="TRUE">.\..\..\93_EventMap\02_Modeling\Block\X-Mas\Object\W_Nature_Flower3001_03.nif</PROPERTY>
        </COMPONENT>
        <COMPONENT LinkID="56" Class="NiTransformationComponent" Name="Transformation">
            <PROPERTY Class="Point3" Name="Translation">27791.0273437500000000, 5321.3432617187500000, 985.7407836914062500</PROPERTY>
            <PROPERTY Class="Matrix3" Name="Rotation">
                <ROW>0.9999953508377075, -0.0030799210071564, 0.0000000000000000</ROW>
                <ROW>0.0030799210071564, 0.9999953508377075, 0.0000000000000000</ROW>
                <ROW>0.0000000000000000, 0.0000000000000000, 1.0000000000000000</ROW>
            </PROPERTY>
            <PROPERTY Class="Float" Name="Scale">1.2153486013412476</PROPERTY>
        </COMPONENT>
        <COMPONENT LinkID="57" Class="NiSceneGraphComponent" Name="Scene Graph" MasterLinkID="55" />
        <COMPONENT LinkID="58" Class="NiGeneralComponent" Name="Hide Object" TemplateID="f6,46,16,db,61,92,23,47,b5,4a,da,2d,42,d7,85,b9" MasterLinkID="36" />
        <ENTITY LinkID="59" Class="NiGeneralEntity" Name="W_Art_HouseWoodFence3001_01 34" Type="Object" UsePhysX="FALSE" PostfixTexture="" Optimization="0" AlphaGroup="5" RandomAni="FALSE" TemplateID="f,90,3f,76,e7,67,55,48,8d,fc,c5,68,e7,7f,c3,4c" MasterLinkID="41">
            <COMPONENT RefLinkID="60" />
            <COMPONENT RefLinkID="61" />
            <COMPONENT RefLinkID="62" />
        </ENTITY>
        <COMPONENT LinkID="60" Class="NiTransformationComponent" Name="Transformation">
            <PROPERTY Class="Point3" Name="Translation">27988.4257812500000000, 5305.9428710937500000, 987.9020385742187500</PROPERTY>
            <PROPERTY Class="Matrix3" Name="Rotation">
                <ROW>-0.9871157407760620, 0.1600078940391541, 0.0000000000000000</ROW>
                <ROW>-0.1600078940391541, -0.9871157407760620, 0.0000000000000000</ROW>
                <ROW>0.0000000000000000, 0.0000000000000000, 1.0000000000000000</ROW>
            </PROPERTY>
            <PROPERTY Class="Float" Name="Scale">1.0000000000000000</PROPERTY>
        </COMPONENT>
        <COMPONENT LinkID="61" Class="NiSceneGraphComponent" Name="Scene Graph" MasterLinkID="43" />
        <COMPONENT LinkID="62" Class="NiGeneralComponent" Name="Hide Object" TemplateID="f6,46,16,db,61,92,23,47,b5,4a,da,2d,42,d7,85,b9" MasterLinkID="44" />
        <ENTITY LinkID="63" Class="NiGeneralEntity" Name="W_Nature_Flower3001_03 43" Type="Object" UsePhysX="FALSE" PostfixTexture="" Optimization="0" AlphaGroup="5" RandomAni="FALSE" TemplateID="8c,cf,1a,c2,50,8a,20,42,bd,e3,0,f6,8b,d5,b4,e6" MasterLinkID="53">
            <COMPONENT RefLinkID="64" />
            <COMPONENT RefLinkID="65" />
            <COMPONENT RefLinkID="66" />
        </ENTITY>
        <COMPONENT LinkID="64" Class="NiTransformationComponent" Name="Transformation">
            <PROPERTY Class="Point3" Name="Translation">28182.1718750000000000, 5245.6582031250000000, 985.7388305664062500</PROPERTY>
            <PROPERTY Class="Matrix3" Name="Rotation">
                <ROW>0.9751309156417847, 0.2216299176216126, 0.0000000000000000</ROW>
                <ROW>-0.2216299176216126, 0.9751309156417847, 0.0000000000000000</ROW>
                <ROW>0.0000000000000000, 0.0000000000000000, 1.0000000000000000</ROW>
            </PROPERTY>
            <PROPERTY Class="Float" Name="Scale">1.2153486013412476</PROPERTY>
        </COMPONENT>
        <COMPONENT LinkID="65" Class="NiSceneGraphComponent" Name="Scene Graph" MasterLinkID="55" />
        <COMPONENT LinkID="66" Class="NiGeneralComponent" Name="Hide Object" TemplateID="f6,46,16,db,61,92,23,47,b5,4a,da,2d,42,d7,85,b9" MasterLinkID="36" />
        <ENTITY LinkID="67" Class="NiGeneralEntity" Name="W_Nature_Grass5001_01 36" Type="Object" UsePhysX="FALSE" PostfixTexture="" Optimization="0" AlphaGroup="5" RandomAni="FALSE" TemplateID="bb,7d,4e,1,6c,e4,3b,4f,9e,b3,6c,3b,f6,4a,6b,56" MasterLinkID="33">
            <COMPONENT RefLinkID="68" />
            <COMPONENT RefLinkID="69" />
            <COMPONENT RefLinkID="70" />
        </ENTITY>
        <COMPONENT LinkID="68" Class="NiTransformationComponent" Name="Transformation">
            <PROPERTY Class="Point3" Name="Translation">28273.0917968750000000, 5220.9360351562500000, 990.6624145507812500</PROPERTY>
            <PROPERTY Class="Matrix3" Name="Rotation">
                <ROW>0.9626597166061401, 0.2707138061523438, 0.0000000000000000</ROW>
                <ROW>-0.2707138061523438, 0.9626597166061401, 0.0000000000000000</ROW>
                <ROW>0.0000000000000000, 0.0000000000000000, 1.0000000000000000</ROW>
            </PROPERTY>
            <PROPERTY Class="Float" Name="Scale">1.0296912193298340</PROPERTY>
        </COMPONENT>
        <COMPONENT LinkID="69" Class="NiSceneGraphComponent" Name="Scene Graph" MasterLinkID="35" />
        <COMPONENT LinkID="70" Class="NiGeneralComponent" Name="Hide Object" TemplateID="f6,46,16,db,61,92,23,47,b5,4a,da,2d,42,d7,85,b9" MasterLinkID="36" />
        <ENTITY LinkID="71" Class="NiGeneralEntity" Name="W_Art_HouseWoodFence3001_01 28" Type="Object" UsePhysX="FALSE" PostfixTexture="" Optimization="0" AlphaGroup="5" RandomAni="FALSE" TemplateID="f,90,3f,76,e7,67,55,48,8d,fc,c5,68,e7,7f,c3,4c" MasterLinkID="41">
            <COMPONENT RefLinkID="72" />
            <COMPONENT RefLinkID="73" />
            <COMPONENT RefLinkID="74" />
        </ENTITY>
        <COMPONENT LinkID="72" Class="NiTransformationComponent" Name="Transformation">
            <PROPERTY Class="Point3" Name="Translation">28371.2812500000000000, 5197.8725585937500000, 987.9024047851562500</PROPERTY>
            <PROPERTY Class="Matrix3" Name="Rotation">
                <ROW>-0.9969837069511414, 0.0776114314794540, 0.0000000000000000</ROW>
                <ROW>-0.0776114314794540, -0.9969837069511414, 0.0000000000000000</ROW>
                <ROW>0.0000000000000000, 0.0000000000000000, 1.0000000000000000</ROW>
            </PROPERTY>
            <PROPERTY Class="Float" Name="Scale">1.0000000000000000</PROPERTY>
        </COMPONENT>
        <COMPONENT LinkID="73" Class="NiSceneGraphComponent" Name="Scene Graph" MasterLinkID="43" />
        <COMPONENT LinkID="74" Class="NiGeneralComponent" Name="Hide Object" TemplateID="f6,46,16,db,61,92,23,47,b5,4a,da,2d,42,d7,85,b9" MasterLinkID="44" />
        <ENTITY LinkID="75" Class="NiGeneralEntity" Name="W_Art_HouseWoodFence3001_01 29" Type="Object" UsePhysX="FALSE" PostfixTexture="" Optimization="0" AlphaGroup="5" RandomAni="FALSE" TemplateID="f,90,3f,76,e7,67,55,48,8d,fc,c5,68,e7,7f,c3,4c" MasterLinkID="41">
            <COMPONENT RefLinkID="76" />
            <COMPONENT RefLinkID="77" />
            <COMPONENT RefLinkID="78" />
        </ENTITY>
        <COMPONENT LinkID="76" Class="NiTransformationComponent" Name="Transformation">
            <PROPERTY Class="Point3" Name="Translation">28558.3847656250000000, 5178.3188476562500000, 987.3086547851562500</PROPERTY>
            <PROPERTY Class="Matrix3" Name="Rotation">
                <ROW>0.9875159263610840, -0.1575195640325546, 0.0000000000000000</ROW>
                <ROW>0.1575195640325546, 0.9875159263610840, 0.0000000000000000</ROW>
                <ROW>0.0000000000000000, 0.0000000000000000, 1.0000000000000000</ROW>
            </PROPERTY>
            <PROPERTY Class="Float" Name="Scale">1.0000000000000000</PROPERTY>
        </COMPONENT>
        <COMPONENT LinkID="77" Class="NiSceneGraphComponent" Name="Scene Graph" MasterLinkID="43" />
        <COMPONENT LinkID="78" Class="NiGeneralComponent" Name="Hide Object" TemplateID="f6,46,16,db,61,92,23,47,b5,4a,da,2d,42,d7,85,b9" MasterLinkID="44" />
        <ENTITY LinkID="79" Class="NiGeneralEntity" Name="W_Nature_Flower3001_03 44" Type="Object" UsePhysX="FALSE" PostfixTexture="" Optimization="0" AlphaGroup="5" RandomAni="FALSE" TemplateID="8c,cf,1a,c2,50,8a,20,42,bd,e3,0,f6,8b,d5,b4,e6" MasterLinkID="53">
            <COMPONENT RefLinkID="80" />
            <COMPONENT RefLinkID="81" />
            <COMPONENT RefLinkID="82" />
        </ENTITY>
        <COMPONENT LinkID="80" Class="NiTransformationComponent" Name="Transformation">
            <PROPERTY Class="Point3" Name="Translation">28655.4375000000000000, 5170.3159179687500000, 985.7405395507812500</PROPERTY>
            <PROPERTY Class="Matrix3" Name="Rotation">
                <ROW>0.9994080066680908, -0.0344060361385345, 0.0000000000000000</ROW>
                <ROW>0.0344060361385345, 0.9994080066680908, 0.0000000000000000</ROW>
                <ROW>0.0000000000000000, 0.0000000000000000, 1.0000000000000000</ROW>
            </PROPERTY>
            <PROPERTY Class="Float" Name="Scale">1.2153486013412476</PROPERTY>
        </COMPONENT>
        <COMPONENT LinkID="81" Class="NiSceneGraphComponent" Name="Scene Graph" MasterLinkID="55" />
        <COMPONENT LinkID="82" Class="NiGeneralComponent" Name="Hide Object" TemplateID="f6,46,16,db,61,92,23,47,b5,4a,da,2d,42,d7,85,b9" MasterLinkID="36" />
        <ENTITY LinkID="83" Class="NiGeneralEntity" Name="W_Nature_Flower3001_03 45" Type="Object" UsePhysX="FALSE" PostfixTexture="" Optimization="0" AlphaGroup="5" RandomAni="FALSE" TemplateID="8c,cf,1a,c2,50,8a,20,42,bd,e3,0,f6,8b,d5,b4,e6" MasterLinkID="53">
            <COMPONENT RefLinkID="84" />
            <COMPONENT RefLinkID="85" />
            <COMPONENT RefLinkID="86" />
        </ENTITY>
        <COMPONENT LinkID="84" Class="NiTransformationComponent" Name="Transformation">
            <PROPERTY Class="Point3" Name="Translation">28834.9433593750000000, 5186.4804687500000000, 985.7373657226562500</PROPERTY>
            <PROPERTY Class="Matrix3" Name="Rotation">
                <ROW>0.9837113618850708, -0.1797558367252350, 0.0000000000000000</ROW>
                <ROW>0.1797558367252350, 0.9837113618850708, 0.0000000000000000</ROW>
                <ROW>0.0000000000000000, 0.0000000000000000, 1.0000000000000000</ROW>
            </PROPERTY>
            <PROPERTY Class="Float" Name="Scale">1.2153486013412476</PROPERTY>
        </COMPONENT>
        <COMPONENT LinkID="85" Class="NiSceneGraphComponent" Name="Scene Graph" MasterLinkID="55" />
        <COMPONENT LinkID="86" Class="NiGeneralComponent" Name="Hide Object" TemplateID="f6,46,16,db,61,92,23,47,b5,4a,da,2d,42,d7,85,b9" MasterLinkID="36" />
        <ENTITY LinkID="87" Class="NiGeneralEntity" Name="SM_Stone2001_01 23" Type="Object" UsePhysX="FALSE" PostfixTexture="" Optimization="0" AlphaGroup="3" RandomAni="FALSE" TemplateID="2c,5d,81,9c,b,b6,9a,42,9a,e0,d,86,e3,72,bd,1f" MasterLinkID="88">
            <COMPONENT RefLinkID="92" />
            <COMPONENT RefLinkID="93" />
            <COMPONENT RefLinkID="94" />
        </ENTITY>
        <ENTITY LinkID="88" Class="NiGeneralEntity" Name="[Block]030800.SM_Stone2001_01" TemplateID="2c,5d,81,9c,b,b6,9a,42,9a,e0,d,86,e3,72,bd,1f">
            <COMPONENT RefLinkID="89" />
            <COMPONENT RefLinkID="90" />
            <COMPONENT RefLinkID="91" />
        </ENTITY>
        <COMPONENT LinkID="89" Class="NiTransformationComponent" Name="Transformation">
            <PROPERTY Class="Point3" Name="Translation">0.0000000000000000, 0.0000000000000000, 0.0000000000000000</PROPERTY>
            <PROPERTY Class="Matrix3" Name="Rotation">
                <ROW>1.0000000000000000, 0.0000000000000000, 0.0000000000000000</ROW>
                <ROW>0.0000000000000000, 1.0000000000000000, 0.0000000000000000</ROW>
                <ROW>0.0000000000000000, 0.0000000000000000, 1.0000000000000000</ROW>
            </PROPERTY>
            <PROPERTY Class="Float" Name="Scale">1.0000000000000000</PROPERTY>
        </COMPONENT>
        <COMPONENT LinkID="90" Class="NiSceneGraphComponent" Name="Scene Graph">
            <PROPERTY Class="String" Name="NIF File Path" Asset="TRUE">.\..\02_Modeling\Block\030800\SM_Stone2001_01.nif</PROPERTY>
        </COMPONENT>
        <COMPONENT LinkID="91" Class="NiGeneralComponent" Name="Hide Object" TemplateID="f6,46,16,db,61,92,23,47,b5,4a,da,2d,42,d7,85,b9">
            <PROPERTY Class="Float" Name="Alpha Value" SemanticType="Float" DisplayName="Alpha Value" Description="">0.4000000059604645</PROPERTY>
            <PROPERTY Class="Boolean" Name="Alpha Enable" SemanticType="Boolean" DisplayName="Alpha Enable" Description="">FALSE</PROPERTY>
            <PROPERTY Class="Boolean" Name="Hide Object" SemanticType="Boolean" DisplayName="Hide Object" Description="">FALSE</PROPERTY>
        </COMPONENT>
        <COMPONENT LinkID="92" Class="NiTransformationComponent" Name="Transformation">
            <PROPERTY Class="Point3" Name="Translation">28922.3066406250000000, 5215.9199218750000000, 979.5444946289062500</PROPERTY>
            <PROPERTY Class="Matrix3" Name="Rotation">
                <ROW>0.4175771772861481, 0.9068565964698792, 0.0569242835044861</ROW>
                <ROW>-0.8574959635734558, 0.4140203893184662, -0.3054302930831909</ROW>
                <ROW>-0.3005492687225342, 0.0787283554673195, 0.9505115151405335</ROW>
            </PROPERTY>
            <PROPERTY Class="Float" Name="Scale">1.0243029594421387</PROPERTY>
        </COMPONENT>
        <COMPONENT LinkID="93" Class="NiSceneGraphComponent" Name="Scene Graph" MasterLinkID="90" />
        <COMPONENT LinkID="94" Class="NiGeneralComponent" Name="Hide Object" TemplateID="f6,46,16,db,61,92,23,47,b5,4a,da,2d,42,d7,85,b9" MasterLinkID="91">
            <PROPERTY Class="Boolean" Name="Alpha Enable" SemanticType="Boolean" DisplayName="Alpha Enable" Description="">TRUE</PROPERTY>
            <PROPERTY Class="Boolean" Name="Hide Object" SemanticType="Boolean" DisplayName="Hide Object" Description="">TRUE</PROPERTY>
        </COMPONENT>
        <ENTITY LinkID="95" Class="NiGeneralEntity" Name="Art_WoodPole3001_01 33" Type="Object" UsePhysX="FALSE" PostfixTexture="" Optimization="0" AlphaGroup="1" RandomAni="FALSE" TemplateID="6d,db,40,cb,23,30,c2,40,b6,b1,a4,db,93,cb,21,6e" MasterLinkID="96">
            <COMPONENT RefLinkID="99" />
            <COMPONENT RefLinkID="100" />
            <COMPONENT RefLinkID="101" />
        </ENTITY>
        <ENTITY LinkID="96" Class="NiGeneralEntity" Name="[Object]Fance.Art_WoodPole3001_01" TemplateID="6d,db,40,cb,23,30,c2,40,b6,b1,a4,db,93,cb,21,6e">
            <COMPONENT RefLinkID="97" />
            <COMPONENT RefLinkID="98" />
            <COMPONENT RefLinkID="28" />
        </ENTITY>
        <COMPONENT LinkID="97" Class="NiTransformationComponent" Name="Transformation">
            <PROPERTY Class="Point3" Name="Translation">0.0000000000000000, 0.0000000000000000, 0.0000000000000000</PROPERTY>
            <PROPERTY Class="Matrix3" Name="Rotation">
                <ROW>1.0000000000000000, 0.0000000000000000, 0.0000000000000000</ROW>
                <ROW>0.0000000000000000, 1.0000000000000000, 0.0000000000000000</ROW>
                <ROW>0.0000000000000000, 0.0000000000000000, 1.0000000000000000</ROW>
            </PROPERTY>
            <PROPERTY Class="Float" Name="Scale">1.0000000000000000</PROPERTY>
        </COMPONENT>
        <COMPONENT LinkID="98" Class="NiSceneGraphComponent" Name="Scene Graph">
            <PROPERTY Class="String" Name="NIF File Path" Asset="TRUE">.\..\..\00_Object\Fance\Art_WoodPole3001_01.nif</PROPERTY>
        </COMPONENT>
        <COMPONENT LinkID="99" Class="NiTransformationComponent" Name="Transformation">
            <PROPERTY Class="Point3" Name="Translation">29072.5664062500000000, 5317.1352539062500000, 919.6170043945312500</PROPERTY>
            <PROPERTY Class="Matrix3" Name="Rotation">
                <ROW>0.9451632499694824, -0.2873217463493347, 0.1552827805280685</ROW>
                <ROW>0.2555001974105835, 0.9466443061828613, 0.1964288204908371</ROW>
                <ROW>-0.2034357786178589, -0.1459824591875076, 0.9681442975997925</ROW>
            </PROPERTY>
            <PROPERTY Class="Float" Name="Scale">2.4790601730346680</PROPERTY>
        </COMPONENT>
        <COMPONENT LinkID="100" Class="NiSceneGraphComponent" Name="Scene Graph" MasterLinkID="98" />
        <COMPONENT LinkID="101" Class="NiGeneralComponent" Name="Hide Object" TemplateID="f6,46,16,db,61,92,23,47,b5,4a,da,2d,42,d7,85,b9" MasterLinkID="28">
            <PROPERTY Class="Boolean" Name="Alpha Enable" SemanticType="Boolean" DisplayName="Alpha Enable" Description="">TRUE</PROPERTY>
            <PROPERTY Class="Boolean" Name="Hide Object" SemanticType="Boolean" DisplayName="Hide Object" Description="">TRUE</PROPERTY>
        </COMPONENT>
        <ENTITY LinkID="102" Class="NiGeneralEntity" Name="Art_WoodPole3001_01 34" Type="Object" UsePhysX="FALSE" PostfixTexture="" Optimization="0" AlphaGroup="1" RandomAni="FALSE" TemplateID="6d,db,40,cb,23,30,c2,40,b6,b1,a4,db,93,cb,21,6e" MasterLinkID="96">
            <COMPONENT RefLinkID="103" />
            <COMPONENT RefLinkID="104" />
            <COMPONENT RefLinkID="105" />
        </ENTITY>
        <COMPONENT LinkID="103" Class="NiTransformationComponent" Name="Transformation">
            <PROPERTY Class="Point3" Name="Translation">29018.5000000000000000, 5291.8857421875000000, 941.3030395507812500</PROPERTY>
            <PROPERTY Class="Matrix3" Name="Rotation">
                <ROW>0.6922926902770996, -0.7156057357788086, -0.0929496288299561</ROW>
                <ROW>0.7152690887451172, 0.6975337266921997, -0.0428573340177536</ROW>
                <ROW>0.0955044478178024, -0.0368141531944275, 0.9947481155395508</ROW>
            </PROPERTY>
