<?xml version="1.0" ?>
<GSA Major="1" Minor="0" Patch="0">
    <PALETTES_DIRECTORY>
        <PALETTE_DIR IDX="0" DIRECTORY=".\..\..\..\..\..\ToolBin\SceneDesigner\Release\Data\" />
        <PALETTE_DIR IDX="1" DIRECTORY=".\..\..\Palettes\" />
    </PALETTES_DIRECTORY>
    <PALETTES>
        <PALETTE NAME="Default" DIR_IDX="0" />
        <PALETTE NAME="General" DIR_IDX="1" />
        <PALETTE NAME="Effect" DIR_IDX="1" />
    </PALETTES>
    <OBJECTS>
        <ENTITY LinkID="0" Class="NiGeneralEntity" Name="Art_BoxWood5001_01 04" Type="Object" UsePhysX="FALSE" PostfixTexture="" Optimization="0" AlphaGroup="1" RandomAni="FALSE" TemplateID="f8,9a,bc,8f,b4,45,84,40,a6,7d,a7,4,a1,28,89,a8" MasterLinkID="1">
            <COMPONENT RefLinkID="5" />
            <COMPONENT RefLinkID="6" />
            <COMPONENT RefLinkID="7" />
        </ENTITY>
        <ENTITY LinkID="1" Class="NiGeneralEntity" Name="[Object]Box.Art_BoxWood5001_01" TemplateID="f8,9a,bc,8f,b4,45,84,40,a6,7d,a7,4,a1,28,89,a8">
            <COMPONENT RefLinkID="2" />
            <COMPONENT RefLinkID="3" />
            <COMPONENT RefLinkID="4" />
        </ENTITY>
        <COMPONENT LinkID="2" Class="NiTransformationComponent" Name="Transformation">
            <PROPERTY Class="Point3" Name="Translation">0.0000000000000000, 0.0000000000000000, 0.0000000000000000</PROPERTY>
            <PROPERTY Class="Matrix3" Name="Rotation">
                <ROW>1.0000000000000000, 0.0000000000000000, 0.0000000000000000</ROW>
                <ROW>0.0000000000000000, 1.0000000000000000, 0.0000000000000000</ROW>
                <ROW>0.0000000000000000, 0.0000000000000000, 1.0000000000000000</ROW>
            </PROPERTY>
            <PROPERTY Class="Float" Name="Scale">1.0000000000000000</PROPERTY>
        </COMPONENT>
        <COMPONENT LinkID="3" Class="NiSceneGraphComponent" Name="Scene Graph">
            <PROPERTY Class="String" Name="NIF File Path" Asset="TRUE">.\..\..\00_Object\Box\Art_BoxWood5001_01.nif</PROPERTY>
        </COMPONENT>
        <COMPONENT LinkID="4" Class="NiGeneralComponent" Name="Hide Object" TemplateID="f6,46,16,db,61,92,23,47,b5,4a,da,2d,42,d7,85,b9">
            <PROPERTY Class="Float" Name="Alpha Value" SemanticType="Float" DisplayName="Alpha Value" Description="">0.4000000059604645</PROPERTY>
            <PROPERTY Class="Boolean" Name="Alpha Enable" SemanticType="Boolean" DisplayName="Alpha Enable" Description="">FALSE</PROPERTY>
            <PROPERTY Class="Boolean" Name="Hide Object" SemanticType="Boolean" DisplayName="Hide Object" Description="">FALSE</PROPERTY>
        </COMPONENT>
        <COMPONENT LinkID="5" Class="NiTransformationComponent" Name="Transformation">
            <PROPERTY Class="Point3" Name="Translation">-388.8745422363281200, 1579.2381591796875000, 197.1329803466796900</PROPERTY>
            <PROPERTY Class="Matrix3" Name="Rotation">
                <ROW>0.9705766439437866, -0.2407919466495514, 0.0000000000000000</ROW>
                <ROW>0.2407919466495514, 0.9705766439437866, 0.0000000000000000</ROW>
                <ROW>0.0000000000000000, 0.0000000000000000, 1.0000000000000000</ROW>
            </PROPERTY>
            <PROPERTY Class="Float" Name="Scale">1.0000000000000000</PROPERTY>
        </COMPONENT>
        <COMPONENT LinkID="6" Class="NiSceneGraphComponent" Name="Scene Graph" MasterLinkID="3" />
        <COMPONENT LinkID="7" Class="NiGeneralComponent" Name="Hide Object" TemplateID="f6,46,16,db,61,92,23,47,b5,4a,da,2d,42,d7,85,b9" MasterLinkID="4" />
        <ENTITY LinkID="8" Class="NiGeneralEntity" Name="Art_Drum1001_02 08" Type="Object" UsePhysX="FALSE" PostfixTexture="" Optimization="0" AlphaGroup="1" RandomAni="FALSE" TemplateID="36,f9,16,c,6,c7,1b,4a,88,54,c9,fa,c5,4a,a3,ff" MasterLinkID="9">
            <COMPONENT RefLinkID="13" />
            <COMPONENT RefLinkID="14" />
            <COMPONENT RefLinkID="15" />
        </ENTITY>
        <ENTITY LinkID="9" Class="NiGeneralEntity" Name="[Object]Box.Art_Drum1001_02" TemplateID="36,f9,16,c,6,c7,1b,4a,88,54,c9,fa,c5,4a,a3,ff">
            <COMPONENT RefLinkID="10" />
            <COMPONENT RefLinkID="11" />
            <COMPONENT RefLinkID="12" />
        </ENTITY>
        <COMPONENT LinkID="10" Class="NiTransformationComponent" Name="Transformation">
            <PROPERTY Class="Point3" Name="Translation">0.0000000000000000, 0.0000000000000000, 0.0000000000000000</PROPERTY>
            <PROPERTY Class="Matrix3" Name="Rotation">
                <ROW>1.0000000000000000, 0.0000000000000000, 0.0000000000000000</ROW>
                <ROW>0.0000000000000000, 1.0000000000000000, 0.0000000000000000</ROW>
                <ROW>0.0000000000000000, 0.0000000000000000, 1.0000000000000000</ROW>
            </PROPERTY>
            <PROPERTY Class="Float" Name="Scale">1.0000000000000000</PROPERTY>
        </COMPONENT>
        <COMPONENT LinkID="11" Class="NiSceneGraphComponent" Name="Scene Graph">
            <PROPERTY Class="String" Name="NIF File Path" Asset="TRUE">.\..\..\00_Object\Box\Art_Drum1001_02.nif</PROPERTY>
        </COMPONENT>
        <COMPONENT LinkID="12" Class="NiGeneralComponent" Name="Hide Object" TemplateID="f6,46,16,db,61,92,23,47,b5,4a,da,2d,42,d7,85,b9">
            <PROPERTY Class="Float" Name="Alpha Value" SemanticType="Float" DisplayName="Alpha Value" Description="">0.4000000059604645</PROPERTY>
            <PROPERTY Class="Boolean" Name="Alpha Enable" SemanticType="Boolean" DisplayName="Alpha Enable" Description="">FALSE</PROPERTY>
            <PROPERTY Class="Boolean" Name="Hide Object" SemanticType="Boolean" DisplayName="Hide Object" Description="">FALSE</PROPERTY>
        </COMPONENT>
        <COMPONENT LinkID="13" Class="NiTransformationComponent" Name="Transformation">
            <PROPERTY Class="Point3" Name="Translation">-413.7095947265625000, 1627.5715332031250000, 225.1595001220703100</PROPERTY>
            <PROPERTY Class="Matrix3" Name="Rotation">
                <ROW>-0.0000000359229801, 0.5697443485260010, 0.8218219876289368</ROW>
                <ROW>0.0000000249043168, 0.8218219876289368, -0.5697443485260010</ROW>
                <ROW>-1.0000000000000000, 0.0000000000000000, -0.0000000437113883</ROW>
            </PROPERTY>
            <PROPERTY Class="Float" Name="Scale">1.0000000000000000</PROPERTY>
        </COMPONENT>
        <COMPONENT LinkID="14" Class="NiSceneGraphComponent" Name="Scene Graph" MasterLinkID="11" />
        <COMPONENT LinkID="15" Class="NiGeneralComponent" Name="Hide Object" TemplateID="f6,46,16,db,61,92,23,47,b5,4a,da,2d,42,d7,85,b9" MasterLinkID="12" />
        <ENTITY LinkID="16" Class="NiGeneralEntity" Name="Art_Drum1001_02 09" Type="Object" UsePhysX="FALSE" PostfixTexture="" Optimization="0" AlphaGroup="1" RandomAni="FALSE" TemplateID="36,f9,16,c,6,c7,1b,4a,88,54,c9,fa,c5,4a,a3,ff" MasterLinkID="9">
            <COMPONENT RefLinkID="17" />
            <COMPONENT RefLinkID="18" />
            <COMPONENT RefLinkID="19" />
        </ENTITY>
        <COMPONENT LinkID="17" Class="NiTransformationComponent" Name="Transformation">
            <PROPERTY Class="Point3" Name="Translation">-380.8572082519531200, 1641.5638427734375000, 216.0913391113281200</PROPERTY>
            <PROPERTY Class="Matrix3" Name="Rotation">
                <ROW>-0.0000000359229801, 0.5697443485260010, 0.8218219876289368</ROW>
                <ROW>0.0000000249043168, 0.8218219876289368, -0.5697443485260010</ROW>
                <ROW>-1.0000000000000000, 0.0000000000000000, -0.0000000437113883</ROW>
            </PROPERTY>
            <PROPERTY Class="Float" Name="Scale">1.0000000000000000</PROPERTY>
        </COMPONENT>
        <COMPONENT LinkID="18" Class="NiSceneGraphComponent" Name="Scene Graph" MasterLinkID="11" />
        <COMPONENT LinkID="19" Class="NiGeneralComponent" Name="Hide Object" TemplateID="f6,46,16,db,61,92,23,47,b5,4a,da,2d,42,d7,85,b9" MasterLinkID="12" />
        <ENTITY LinkID="20" Class="NiGeneralEntity" Name="Art_BoxWood5001_01 03" Type="Object" UsePhysX="FALSE" PostfixTexture="" Optimization="0" AlphaGroup="1" RandomAni="FALSE" TemplateID="f8,9a,bc,8f,b4,45,84,40,a6,7d,a7,4,a1,28,89,a8" MasterLinkID="1">
            <COMPONENT RefLinkID="21" />
            <COMPONENT RefLinkID="22" />
            <COMPONENT RefLinkID="23" />
        </ENTITY>
        <COMPONENT LinkID="21" Class="NiTransformationComponent" Name="Transformation">
            <PROPERTY Class="Point3" Name="Translation">-318.8334960937500000, 1614.3859863281250000, 195.8671569824218700</PROPERTY>
            <PROPERTY Class="Matrix3" Name="Rotation">
                <ROW>0.4679224193096161, -0.8837695717811585, 0.0000000000000000</ROW>
                <ROW>0.8837695717811585, 0.4679224193096161, 0.0000000000000000</ROW>
                <ROW>0.0000000000000000, 0.0000000000000000, 1.0000000000000000</ROW>
            </PROPERTY>
            <PROPERTY Class="Float" Name="Scale">1.0000000000000000</PROPERTY>
        </COMPONENT>
        <COMPONENT LinkID="22" Class="NiSceneGraphComponent" Name="Scene Graph" MasterLinkID="3" />
        <COMPONENT LinkID="23" Class="NiGeneralComponent" Name="Hide Object" TemplateID="f6,46,16,db,61,92,23,47,b5,4a,da,2d,42,d7,85,b9" MasterLinkID="4" />
        <ENTITY LinkID="24" Class="NiGeneralEntity" Name="Art_BoxSteel2002_01 03" Type="Object" UsePhysX="FALSE" PostfixTexture="" Optimization="0" AlphaGroup="1" RandomAni="FALSE" TemplateID="bb,f9,7f,b6,9a,43,d0,47,b6,57,d9,b,42,25,10,66" MasterLinkID="25">
            <COMPONENT RefLinkID="29" />
            <COMPONENT RefLinkID="30" />
            <COMPONENT RefLinkID="31" />
        </ENTITY>
        <ENTITY LinkID="25" Class="NiGeneralEntity" Name="[Object]Box.Art_BoxSteel2002_01" TemplateID="bb,f9,7f,b6,9a,43,d0,47,b6,57,d9,b,42,25,10,66">
            <COMPONENT RefLinkID="26" />
            <COMPONENT RefLinkID="27" />
            <COMPONENT RefLinkID="28" />
        </ENTITY>
        <COMPONENT LinkID="26" Class="NiTransformationComponent" Name="Transformation">
            <PROPERTY Class="Point3" Name="Translation">0.0000000000000000, 0.0000000000000000, 0.0000000000000000</PROPERTY>
            <PROPERTY Class="Matrix3" Name="Rotation">
                <ROW>1.0000000000000000, 0.0000000000000000, 0.0000000000000000</ROW>
                <ROW>0.0000000000000000, 1.0000000000000000, 0.0000000000000000</ROW>
                <ROW>0.0000000000000000, 0.0000000000000000, 1.0000000000000000</ROW>
            </PROPERTY>
            <PROPERTY Class="Float" Name="Scale">1.0000000000000000</PROPERTY>
        </COMPONENT>
        <COMPONENT LinkID="27" Class="NiSceneGraphComponent" Name="Scene Graph">
            <PROPERTY Class="String" Name="NIF File Path" Asset="TRUE">.\..\..\00_Object\Box\Art_BoxSteel2002_01.nif</PROPERTY>
        </COMPONENT>
        <COMPONENT LinkID="28" Class="NiGeneralComponent" Name="Hide Object" TemplateID="f6,46,16,db,61,92,23,47,b5,4a,da,2d,42,d7,85,b9">
            <PROPERTY Class="Float" Name="Alpha Value" SemanticType="Float" DisplayName="Alpha Value" Description="">0.4000000059604645</PROPERTY>
            <PROPERTY Class="Boolean" Name="Alpha Enable" SemanticType="Boolean" DisplayName="Alpha Enable" Description="">FALSE</PROPERTY>
            <PROPERTY Class="Boolean" Name="Hide Object" SemanticType="Boolean" DisplayName="Hide Object" Description="">FALSE</PROPERTY>
        </COMPONENT>
        <COMPONENT LinkID="29" Class="NiTransformationComponent" Name="Transformation">
            <PROPERTY Class="Point3" Name="Translation">-322.5304870605468700, 1613.5029296875000000, 215.7471618652343700</PROPERTY>
            <PROPERTY Class="Matrix3" Name="Rotation">
                <ROW>0.9988509416580200, -0.0479248389601707, 0.0000000000000000</ROW>
                <ROW>0.0479248389601707, 0.9988509416580200, 0.0000000000000000</ROW>
                <ROW>0.0000000000000000, 0.0000000000000000, 1.0000000000000000</ROW>
            </PROPERTY>
            <PROPERTY Class="Float" Name="Scale">0.6000000238418579</PROPERTY>
        </COMPONENT>
        <COMPONENT LinkID="30" Class="NiSceneGraphComponent" Name="Scene Graph" MasterLinkID="27" />
        <COMPONENT LinkID="31" Class="NiGeneralComponent" Name="Hide Object" TemplateID="f6,46,16,db,61,92,23,47,b5,4a,da,2d,42,d7,85,b9" MasterLinkID="28" />
        <ENTITY LinkID="32" Class="NiGeneralEntity" Name="Art_DragonTowerChair1001_01 04" Type="Object" UsePhysX="FALSE" PostfixTexture="" Optimization="0" AlphaGroup="1" RandomAni="FALSE" TemplateID="6a,ab,70,3f,99,32,b8,4a,87,4c,ba,e2,8d,81,eb,24" MasterLinkID="33">
            <COMPONENT RefLinkID="36" />
            <COMPONENT RefLinkID="37" />
        </ENTITY>
        <ENTITY LinkID="33" Class="NiGeneralEntity" Name="[Object]Furniture.Art_DragonTowerChair1001_01" TemplateID="6a,ab,70,3f,99,32,b8,4a,87,4c,ba,e2,8d,81,eb,24">
            <COMPONENT RefLinkID="34" />
            <COMPONENT RefLinkID="35" />
        </ENTITY>
        <COMPONENT LinkID="34" Class="NiTransformationComponent" Name="Transformation">
            <PROPERTY Class="Point3" Name="Translation">0.0000000000000000, 0.0000000000000000, 0.0000000000000000</PROPERTY>
            <PROPERTY Class="Matrix3" Name="Rotation">
                <ROW>1.0000000000000000, 0.0000000000000000, 0.0000000000000000</ROW>
                <ROW>0.0000000000000000, 1.0000000000000000, 0.0000000000000000</ROW>
                <ROW>0.0000000000000000, 0.0000000000000000, 1.0000000000000000</ROW>
            </PROPERTY>
            <PROPERTY Class="Float" Name="Scale">1.0000000000000000</PROPERTY>
        </COMPONENT>
        <COMPONENT LinkID="35" Class="NiSceneGraphComponent" Name="Scene Graph">
            <PROPERTY Class="String" Name="NIF File Path" Asset="TRUE">.\..\..\00_Object\Furniture\Art_DragonTowerChair1001_01.nif</PROPERTY>
        </COMPONENT>
        <COMPONENT LinkID="36" Class="NiTransformationComponent" Name="Transformation">
            <PROPERTY Class="Point3" Name="Translation">-295.0451660156250000, 1579.9329833984375000, 197.2739868164062500</PROPERTY>
            <PROPERTY Class="Matrix3" Name="Rotation">
                <ROW>-0.8167365789413452, -0.5770108699798584, 0.0000000000000000</ROW>
                <ROW>0.5770108699798584, -0.8167365789413452, 0.0000000000000000</ROW>
                <ROW>0.0000000000000000, 0.0000000000000000, 1.0000000000000000</ROW>
            </PROPERTY>
            <PROPERTY Class="Float" Name="Scale">1.0000000000000000</PROPERTY>
        </COMPONENT>
        <COMPONENT LinkID="37" Class="NiSceneGraphComponent" Name="Scene Graph" MasterLinkID="35" />
        <ENTITY LinkID="38" Class="NiGeneralEntity" Name="Art_DragonTowerChair2001_01 02" Type="Object" UsePhysX="FALSE" PostfixTexture="" Optimization="0" AlphaGroup="1" RandomAni="FALSE" TemplateID="e7,51,1a,6,aa,a2,6,4d,b5,9b,4c,1e,16,b7,1d,2c" MasterLinkID="39">
            <COMPONENT RefLinkID="42" />
            <COMPONENT RefLinkID="43" />
        </ENTITY>
        <ENTITY LinkID="39" Class="NiGeneralEntity" Name="[Object]Furniture.Art_DragonTowerChair2001_01" TemplateID="e7,51,1a,6,aa,a2,6,4d,b5,9b,4c,1e,16,b7,1d,2c">
            <COMPONENT RefLinkID="40" />
            <COMPONENT RefLinkID="41" />
        </ENTITY>
        <COMPONENT LinkID="40" Class="NiTransformationComponent" Name="Transformation">
            <PROPERTY Class="Point3" Name="Translation">0.0000000000000000, 0.0000000000000000, 0.0000000000000000</PROPERTY>
            <PROPERTY Class="Matrix3" Name="Rotation">
                <ROW>1.0000000000000000, 0.0000000000000000, 0.0000000000000000</ROW>
                <ROW>0.0000000000000000, 1.0000000000000000, 0.0000000000000000</ROW>
                <ROW>0.0000000000000000, 0.0000000000000000, 1.0000000000000000</ROW>
            </PROPERTY>
            <PROPERTY Class="Float" Name="Scale">1.0000000000000000</PROPERTY>
        </COMPONENT>
        <COMPONENT LinkID="41" Class="NiSceneGraphComponent" Name="Scene Graph">
            <PROPERTY Class="String" Name="NIF File Path" Asset="TRUE">.\..\..\00_Object\Furniture\Art_DragonTowerChair2001_01.nif</PROPERTY>
        </COMPONENT>
        <COMPONENT LinkID="42" Class="NiTransformationComponent" Name="Transformation">
            <PROPERTY Class="Point3" Name="Translation">-253.1887054443359400, 1624.3237304687500000, 196.1223144531250000</PROPERTY>
            <PROPERTY Class="Matrix3" Name="Rotation">
                <ROW>0.9988509416580200, -0.0479248389601707, 0.0000000000000000</ROW>
                <ROW>0.0479248389601707, 0.9988509416580200, 0.0000000000000000</ROW>
                <ROW>0.0000000000000000, 0.0000000000000000, 1.0000000000000000</ROW>
            </PROPERTY>
            <PROPERTY Class="Float" Name="Scale">1.0000000000000000</PROPERTY>
        </COMPONENT>
        <COMPONENT LinkID="43" Class="NiSceneGraphComponent" Name="Scene Graph" MasterLinkID="41" />
        <ENTITY LinkID="44" Class="NiGeneralEntity" Name="Art_DragonTowerTable2001_01 02" Type="Object" UsePhysX="FALSE" PostfixTexture="" Optimization="0" AlphaGroup="1" RandomAni="FALSE" TemplateID="2f,cd,da,8b,cc,8f,67,4c,a2,54,3c,7,40,c4,9,f3" MasterLinkID="45">
            <COMPONENT RefLinkID="48" />
            <COMPONENT RefLinkID="49" />
        </ENTITY>
        <ENTITY LinkID="45" Class="NiGeneralEntity" Name="[Object]Furniture.Art_DragonTowerTable2001_01" TemplateID="2f,cd,da,8b,cc,8f,67,4c,a2,54,3c,7,40,c4,9,f3">
            <COMPONENT RefLinkID="46" />
            <COMPONENT RefLinkID="47" />
        </ENTITY>
        <COMPONENT LinkID="46" Class="NiTransformationComponent" Name="Transformation">
            <PROPERTY Class="Point3" Name="Translation">0.0000000000000000, 0.0000000000000000, 0.0000000000000000</PROPERTY>
            <PROPERTY Class="Matrix3" Name="Rotation">
                <ROW>1.0000000000000000, 0.0000000000000000, 0.0000000000000000</ROW>
                <ROW>0.0000000000000000, 1.0000000000000000, 0.0000000000000000</ROW>
                <ROW>0.0000000000000000, 0.0000000000000000, 1.0000000000000000</ROW>
            </PROPERTY>
            <PROPERTY Class="Float" Name="Scale">1.0000000000000000</PROPERTY>
        </COMPONENT>
        <COMPONENT LinkID="47" Class="NiSceneGraphComponent" Name="Scene Graph">
            <PROPERTY Class="String" Name="NIF File Path" Asset="TRUE">.\..\..\00_Object\Furniture\Art_DragonTowerTable2001_01.nif</PROPERTY>
        </COMPONENT>
        <COMPONENT LinkID="48" Class="NiTransformationComponent" Name="Transformation">
            <PROPERTY Class="Point3" Name="Translation">-247.1425781250000000, 1576.5756835937500000, 197.2546234130859400</PROPERTY>
            <PROPERTY Class="Matrix3" Name="Rotation">
                <ROW>0.9988509416580200, -0.0479248389601707, 0.0000000000000000</ROW>
                <ROW>0.0479248389601707, 0.9988509416580200, 0.0000000000000000</ROW>
                <ROW>0.0000000000000000, 0.0000000000000000, 1.0000000000000000</ROW>
            </PROPERTY>
            <PROPERTY Class="Float" Name="Scale">1.0000000000000000</PROPERTY>
        </COMPONENT>
        <COMPONENT LinkID="49" Class="NiSceneGraphComponent" Name="Scene Graph" MasterLinkID="47" />
        <ENTITY LinkID="50" Class="NiGeneralEntity" Name="Art_SmallBook1001_01 06" Type="Object" UsePhysX="FALSE" PostfixTexture="" Optimization="0" AlphaGroup="1" RandomAni="FALSE" TemplateID="a1,59,c5,71,4a,82,b2,44,ab,cb,10,ce,da,9,fa,d6" MasterLinkID="51">
            <COMPONENT RefLinkID="54" />
            <COMPONENT RefLinkID="55" />
        </ENTITY>
        <ENTITY LinkID="51" Class="NiGeneralEntity" Name="[Object]props.Art_SmallBook1001_01" TemplateID="a1,59,c5,71,4a,82,b2,44,ab,cb,10,ce,da,9,fa,d6">
            <COMPONENT RefLinkID="52" />
            <COMPONENT RefLinkID="53" />
        </ENTITY>
        <COMPONENT LinkID="52" Class="NiTransformationComponent" Name="Transformation">
            <PROPERTY Class="Point3" Name="Translation">0.0000000000000000, 0.0000000000000000, 0.0000000000000000</PROPERTY>
            <PROPERTY Class="Matrix3" Name="Rotation">
                <ROW>1.0000000000000000, 0.0000000000000000, 0.0000000000000000</ROW>
                <ROW>0.0000000000000000, 1.0000000000000000, 0.0000000000000000</ROW>
                <ROW>0.0000000000000000, 0.0000000000000000, 1.0000000000000000</ROW>
            </PROPERTY>
            <PROPERTY Class="Float" Name="Scale">1.0000000000000000</PROPERTY>
        </COMPONENT>
        <COMPONENT LinkID="53" Class="NiSceneGraphComponent" Name="Scene Graph">
            <PROPERTY Class="String" Name="NIF File Path" Asset="TRUE">.\..\..\00_Object\props\Art_SmallBook1001_01.nif</PROPERTY>
        </COMPONENT>
        <COMPONENT LinkID="54" Class="NiTransformationComponent" Name="Transformation">
            <PROPERTY Class="Point3" Name="Translation">-233.8958129882812500, 1576.3419189453125000, 220.7852325439453100</PROPERTY>
            <PROPERTY Class="Matrix3" Name="Rotation">
                <ROW>-0.8854978084564209, -0.4646435379981995, 0.0000000000000000</ROW>
                <ROW>0.4646435379981995, -0.8854978084564209, 0.0000000000000000</ROW>
                <ROW>0.0000000000000000, 0.0000000000000000, 1.0000000000000000</ROW>
            </PROPERTY>
            <PROPERTY Class="Float" Name="Scale">1.4725377559661865</PROPERTY>
        </COMPONENT>
        <COMPONENT LinkID="55" Class="NiSceneGraphComponent" Name="Scene Graph" MasterLinkID="53" />
        <ENTITY LinkID="56" Class="NiGeneralEntity" Name="Art_Wine1001_01 09" Type="Object" UsePhysX="FALSE" PostfixTexture="" Optimization="0" AlphaGroup="1" RandomAni="FALSE" TemplateID="1,d7,ca,d5,20,79,f8,40,a6,1e,62,6a,f7,2,ca,aa" MasterLinkID="57">
            <COMPONENT RefLinkID="60" />
            <COMPONENT RefLinkID="61" />
        </ENTITY>
        <ENTITY LinkID="57" Class="NiGeneralEntity" Name="[Object]props.Art_Wine1001_01" TemplateID="1,d7,ca,d5,20,79,f8,40,a6,1e,62,6a,f7,2,ca,aa">
            <COMPONENT RefLinkID="58" />
            <COMPONENT RefLinkID="59" />
        </ENTITY>
        <COMPONENT LinkID="58" Class="NiTransformationComponent" Name="Transformation">
            <PROPERTY Class="Point3" Name="Translation">0.0000000000000000, 0.0000000000000000, 0.0000000000000000</PROPERTY>
            <PROPERTY Class="Matrix3" Name="Rotation">
                <ROW>1.0000000000000000, 0.0000000000000000, 0.0000000000000000</ROW>
                <ROW>0.0000000000000000, 1.0000000000000000, 0.0000000000000000</ROW>
                <ROW>0.0000000000000000, 0.0000000000000000, 1.0000000000000000</ROW>
            </PROPERTY>
            <PROPERTY Class="Float" Name="Scale">1.0000000000000000</PROPERTY>
        </COMPONENT>
        <COMPONENT LinkID="59" Class="NiSceneGraphComponent" Name="Scene Graph">
            <PROPERTY Class="String" Name="NIF File Path" Asset="TRUE">.\..\..\00_Object\props\Art_Wine1001_01.nif</PROPERTY>
        </COMPONENT>
        <COMPONENT LinkID="60" Class="NiTransformationComponent" Name="Transformation">
            <PROPERTY Class="Point3" Name="Translation">-249.3200836181640600, 1574.6707763671875000, 224.0442352294921900</PROPERTY>
            <PROPERTY Class="Matrix3" Name="Rotation">
                <ROW>0.0092227635905147, 0.5177482366561890, -0.8554831743240356</ROW>
                <ROW>-0.0055813966318965, 0.8555331230163574, 0.5177180767059326</ROW>
                <ROW>0.9999418854713440, 0.0000000000000000, 0.0107801379635930</ROW>
            </PROPERTY>
            <PROPERTY Class="Float" Name="Scale">1.0000000000000000</PROPERTY>
        </COMPONENT>
        <COMPONENT LinkID="61" Class="NiSceneGraphComponent" Name="Scene Graph" MasterLinkID="59" />
        <ENTITY LinkID="62" Class="NiGeneralEntity" Name="Art_Wine1001_01 08" Type="Object" UsePhysX="FALSE" PostfixTexture="" Optimization="0" AlphaGroup="1" RandomAni="FALSE" TemplateID="1,d7,ca,d5,20,79,f8,40,a6,1e,62,6a,f7,2,ca,aa" MasterLinkID="57">
            <COMPONENT RefLinkID="63" />
            <COMPONENT RefLinkID="64" />
        </ENTITY>
        <COMPONENT LinkID="63" Class="NiTransformationComponent" Name="Transformation">
            <PROPERTY Class="Point3" Name="Translation">-257.7214965820312500, 1588.1300048828125000, 218.9842681884765600</PROPERTY>
            <PROPERTY Class="Matrix3" Name="Rotation">
                <ROW>0.5295130014419556, 0.8483017683029175, 0.0000000000000000</ROW>
                <ROW>-0.8483017683029175, 0.5295130014419556, 0.0000000000000000</ROW>
                <ROW>0.0000000000000000, 0.0000000000000000, 1.0000000000000000</ROW>
            </PROPERTY>
            <PROPERTY Class="Float" Name="Scale">1.0000000000000000</PROPERTY>
        </COMPONENT>
        <COMPONENT LinkID="64" Class="NiSceneGraphComponent" Name="Scene Graph" MasterLinkID="59" />
        <ENTITY LinkID="65" Class="NiGeneralEntity" Name="Art_Wine1001_01 07" Type="Object" UsePhysX="FALSE" PostfixTexture="" Optimization="0" AlphaGroup="1" RandomAni="FALSE" TemplateID="1,d7,ca,d5,20,79,f8,40,a6,1e,62,6a,f7,2,ca,aa" MasterLinkID="57">
            <COMPONENT RefLinkID="66" />
            <COMPONENT RefLinkID="67" />
        </ENTITY>
        <COMPONENT LinkID="66" Class="NiTransformationComponent" Name="Transformation">
            <PROPERTY Class="Point3" Name="Translation">-248.9363250732421900, 1588.1885986328125000, 218.9839019775390600</PROPERTY>
            <PROPERTY Class="Matrix3" Name="Rotation">
                <ROW>0.5295130014419556, 0.8483017683029175, 0.0000000000000000</ROW>
                <ROW>-0.8483017683029175, 0.5295130014419556, 0.0000000000000000</ROW>
                <ROW>0.0000000000000000, 0.0000000000000000, 1.0000000000000000</ROW>
            </PROPERTY>
            <PROPERTY Class="Float" Name="Scale">1.0000000000000000</PROPERTY>
        </COMPONENT>
        <COMPONENT LinkID="67" Class="NiSceneGraphComponent" Name="Scene Graph" MasterLinkID="59" />
        <ENTITY LinkID="68" Class="NiGeneralEntity" Name="Art_BookStand1001_01 03" Type="Object" UsePhysX="FALSE" PostfixTexture="" Optimization="0" AlphaGroup="1" RandomAni="FALSE" TemplateID="7e,6a,6b,ae,82,e,69,4e,a9,34,cb,e3,8,65,a4,2a" MasterLinkID="69">
            <COMPONENT RefLinkID="72" />
            <COMPONENT RefLinkID="73" />
        </ENTITY>
        <ENTITY LinkID="69" Class="NiGeneralEntity" Name="[Object]Furniture.Art_BookStand1001_01" TemplateID="7e,6a,6b,ae,82,e,69,4e,a9,34,cb,e3,8,65,a4,2a">
            <COMPONENT RefLinkID="70" />
            <COMPONENT RefLinkID="71" />
        </ENTITY>
        <COMPONENT LinkID="70" Class="NiTransformationComponent" Name="Transformation">
            <PROPERTY Class="Point3" Name="Translation">0.0000000000000000, 0.0000000000000000, 0.0000000000000000</PROPERTY>
            <PROPERTY Class="Matrix3" Name="Rotation">
                <ROW>1.0000000000000000, 0.0000000000000000, 0.0000000000000000</ROW>
                <ROW>0.0000000000000000, 1.0000000000000000, 0.0000000000000000</ROW>
                <ROW>0.0000000000000000, 0.0000000000000000, 1.0000000000000000</ROW>
            </PROPERTY>
            <PROPERTY Class="Float" Name="Scale">1.0000000000000000</PROPERTY>
        </COMPONENT>
        <COMPONENT LinkID="71" Class="NiSceneGraphComponent" Name="Scene Graph">
            <PROPERTY Class="String" Name="NIF File Path" Asset="TRUE">.\..\..\00_Object\Furniture\Art_BookStand1001_01.nif</PROPERTY>
        </COMPONENT>
        <COMPONENT LinkID="72" Class="NiTransformationComponent" Name="Transformation">
            <PROPERTY Class="Point3" Name="Translation">-207.9325561523437500, 1659.6662597656250000, 195.2034454345703100</PROPERTY>
            <PROPERTY Class="Matrix3" Name="Rotation">
                <ROW>0.9409895539283752, 0.3384357988834381, 0.0000000000000000</ROW>
                <ROW>-0.3384357988834381, 0.9409895539283752, 0.0000000000000000</ROW>
                <ROW>0.0000000000000000, 0.0000000000000000, 1.0000000000000000</ROW>
            </PROPERTY>
            <PROPERTY Class="Float" Name="Scale">0.8000000119209290</PROPERTY>
        </COMPONENT>
        <COMPONENT LinkID="73" Class="NiSceneGraphComponent" Name="Scene Graph" MasterLinkID="71" />
        <ENTITY LinkID="74" Class="NiGeneralEntity" Name="Art_BookStand1001_01 04" Type="Object" UsePhysX="FALSE" PostfixTexture="" Optimization="0" AlphaGroup="1" RandomAni="FALSE" TemplateID="7e,6a,6b,ae,82,e,69,4e,a9,34,cb,e3,8,65,a4,2a" MasterLinkID="69">
            <COMPONENT RefLinkID="75" />
            <COMPONENT RefLinkID="76" />
        </ENTITY>
        <COMPONENT LinkID="75" Class="NiTransformationComponent" Name="Transformation">
            <PROPERTY Class="Point3" Name="Translation">-274.3409729003906200, 1668.8227539062500000, 195.2034454345703100</PROPERTY>
            <PROPERTY Class="Matrix3" Name="Rotation">
                <ROW>0.9978706240653992, -0.0652271956205368, 0.0000000000000000</ROW>
                <ROW>0.0652271956205368, 0.9978706240653992, 0.0000000000000000</ROW>
                <ROW>0.0000000000000000, 0.0000000000000000, 1.0000000000000000</ROW>
            </PROPERTY>
            <PROPERTY Class="Float" Name="Scale">0.8000000119209290</PROPERTY>
        </COMPONENT>
        <COMPONENT LinkID="76" Class="NiSceneGraphComponent" Name="Scene Graph" MasterLinkID="71" />
        <ENTITY LinkID="77" Class="NiGeneralEntity" Name="Art_DragonTowerChair1001_01 03" Type="Object" UsePhysX="FALSE" PostfixTexture="" Optimization="0" AlphaGroup="1" RandomAni="FALSE" TemplateID="6a,ab,70,3f,99,32,b8,4a,87,4c,ba,e2,8d,81,eb,24" MasterLinkID="33">
            <COMPONENT RefLinkID="78" />
            <COMPONENT RefLinkID="79" />
        </ENTITY>
        <COMPONENT LinkID="78" Class="NiTransformationComponent" Name="Transformation">
            <PROPERTY Class="Point3" Name="Translation">-206.5156555175781200, 1577.8084716796875000, 197.0503387451171900</PROPERTY>
            <PROPERTY Class="Matrix3" Name="Rotation">
                <ROW>0.9988509416580200, -0.0479248389601707, 0.0000000000000000</ROW>
                <ROW>0.0479248389601707, 0.9988509416580200, 0.0000000000000000</ROW>
                <ROW>0.0000000000000000, 0.0000000000000000, 1.0000000000000000</ROW>
            </PROPERTY>
            <PROPERTY Class="Float" Name="Scale">1.0000000000000000</PROPERTY>
        </COMPONENT>
        <COMPONENT LinkID="79" Class="NiSceneGraphComponent" Name="Scene Graph" MasterLinkID="35" />
        <ENTITY LinkID="80" Class="NiGeneralEntity" Name="Art_SmallBook1001_01 07" Type="Object" UsePhysX="FALSE" PostfixTexture="" Optimization="0" AlphaGroup="1" RandomAni="FALSE" TemplateID="a1,59,c5,71,4a,82,b2,44,ab,cb,10,ce,da,9,fa,d6" MasterLinkID="51">
            <COMPONENT RefLinkID="81" />
            <COMPONENT RefLinkID="82" />
        </ENTITY>
        <COMPONENT LinkID="81" Class="NiTransformationComponent" Name="Transformation">
            <PROPERTY Class="Point3" Name="Translation">-140.9085388183593700, 1616.8668212890625000, 229.8717651367187500</PROPERTY>
            <PROPERTY Class="Matrix3" Name="Rotation">
                <ROW>0.7146354913711548, 0.6994971036911011, 0.0000000000000000</ROW>
                <ROW>-0.6994971036911011, 0.7146354913711548, 0.0000000000000000</ROW>
                <ROW>0.0000000000000000, 0.0000000000000000, 1.0000000000000000</ROW>
            </PROPERTY>
            <PROPERTY Class="Float" Name="Scale">1.4725377559661865</PROPERTY>
        </COMPONENT>
        <COMPONENT LinkID="82" Class="NiSceneGraphComponent" Name="Scene Graph" MasterLinkID="53" />
        <ENTITY LinkID="83" Class="NiGeneralEntity" Name="Art_MagicSak1001_01 07" Type="Object" UsePhysX="FALSE" PostfixTexture="" Optimization="0" AlphaGroup="1" RandomAni="FALSE" TemplateID="f7,2a,8a,71,58,d3,d5,4f,b6,42,ac,a,a4,ff,d4,bf" MasterLinkID="84">
            <COMPONENT RefLinkID="87" />
            <COMPONENT RefLinkID="88" />
        </ENTITY>
        <ENTITY LinkID="84" Class="NiGeneralEntity" Name="[Object]props.Art_MagicSak1001_01" TemplateID="f7,2a,8a,71,58,d3,d5,4f,b6,42,ac,a,a4,ff,d4,bf">
            <COMPONENT RefLinkID="85" />
            <COMPONENT RefLinkID="86" />
        </ENTITY>
        <COMPONENT LinkID="85" Class="NiTransformationComponent" Name="Transformation">
            <PROPERTY Class="Point3" Name="Translation">0.0000000000000000, 0.0000000000000000, 0.0000000000000000</PROPERTY>
            <PROPERTY Class="Matrix3" Name="Rotation">
                <ROW>1.0000000000000000, 0.0000000000000000, 0.0000000000000000</ROW>
                <ROW>0.0000000000000000, 1.0000000000000000, 0.0000000000000000</ROW>
                <ROW>0.0000000000000000, 0.0000000000000000, 1.0000000000000000</ROW>
            </PROPERTY>
            <PROPERTY Class="Float" Name="Scale">1.0000000000000000</PROPERTY>
        </COMPONENT>
        <COMPONENT LinkID="86" Class="NiSceneGraphComponent" Name="Scene Graph">
            <PROPERTY Class="String" Name="NIF File Path" Asset="TRUE">.\..\..\00_Object\props\Art_MagicSak1001_01.nif</PROPERTY>
        </COMPONENT>
        <COMPONENT LinkID="87" Class="NiTransformationComponent" Name="Transformation">
            <PROPERTY Class="Point3" Name="Translation">-151.8224639892578100, 1641.6361083984375000, 229.2806396484375000</PROPERTY>
            <PROPERTY Class="Matrix3" Name="Rotation">
                <ROW>0.9355117082595825, 0.3532960116863251, 0.0000000000000000</ROW>
                <ROW>-0.3532960116863251, 0.9355117082595825, 0.0000000000000000</ROW>
                <ROW>0.0000000000000000, 0.0000000000000000, 1.0000000000000000</ROW>
            </PROPERTY>
            <PROPERTY Class="Float" Name="Scale">0.5949640870094299</PROPERTY>
        </COMPONENT>
        <COMPONENT LinkID="88" Class="NiSceneGraphComponent" Name="Scene Graph" MasterLinkID="86" />
        <ENTITY LinkID="89" Class="NiGeneralEntity" Name="Art_MagicSak1001_01 08" Type="Object" UsePhysX="FALSE" PostfixTexture="" Optimization="0" AlphaGroup="1" RandomAni="FALSE" TemplateID="f7,2a,8a,71,58,d3,d5,4f,b6,42,ac,a,a4,ff,d4,bf" MasterLinkID="84">
            <COMPONENT RefLinkID="90" />
            <COMPONENT RefLinkID="91" />
        </ENTITY>
        <COMPONENT LinkID="90" Class="NiTransformationComponent" Name="Transformation">
            <PROPERTY Class="Point3" Name="Translation">-141.0014495849609400, 1646.1420898437500000, 232.3627014160156200</PROPERTY>
            <PROPERTY Class="Matrix3" Name="Rotation">
                <ROW>0.0800095647573471, -0.9900602698326111, 0.1156679838895798</ROW>
                <ROW>0.4082895517349243, -0.0733084455132484, -0.9099041819572449</ROW>
                <ROW>0.9093393683433533, 0.1200271248817444, 0.3983658850193024</ROW>
            </PROPERTY>
            <PROPERTY Class="Float" Name="Scale">0.5949640870094299</PROPERTY>
        </COMPONENT>
        <COMPONENT LinkID="91" Class="NiSceneGraphComponent" Name="Scene Graph" MasterLinkID="86" />
        <ENTITY LinkID="92" Class="NiGeneralEntity" Name="Art_GoldCoin1001_01 04" Type="Object" UsePhysX="FALSE" PostfixTexture="" Optimization="0" AlphaGroup="1" RandomAni="FALSE" TemplateID="a0,1,78,ca,b6,ff,28,4b,97,6a,cf,71,12,3a,a0,0" MasterLinkID="93">
            <COMPONENT RefLinkID="96" />
            <COMPONENT RefLinkID="97" />
        </ENTITY>
        <ENTITY LinkID="93" Class="NiGeneralEntity" Name="[Object]props.Art_GoldCoin1001_01" TemplateID="a0,1,78,ca,b6,ff,28,4b,97,6a,cf,71,12,3a,a0,0">
            <COMPONENT RefLinkID="94" />
            <COMPONENT RefLinkID="95" />
        </ENTITY>
        <COMPONENT LinkID="94" Class="NiTransformationComponent" Name="Transformation">
            <PROPERTY Class="Point3" Name="Translation">0.0000000000000000, 0.0000000000000000, 0.0000000000000000</PROPERTY>
            <PROPERTY Class="Matrix3" Name="Rotation">
                <ROW>1.0000000000000000, 0.0000000000000000, 0.0000000000000000</ROW>
                <ROW>0.0000000000000000, 1.0000000000000000, 0.0000000000000000</ROW>
                <ROW>0.0000000000000000, 0.0000000000000000, 1.0000000000000000</ROW>
            </PROPERTY>
            <PROPERTY Class="Float" Name="Scale">1.0000000000000000</PROPERTY>
        </COMPONENT>
        <COMPONENT LinkID="95" Class="NiSceneGraphComponent" Name="Scene Graph">
            <PROPERTY Class="String" Name="NIF File Path" Asset="TRUE">.\..\..\00_Object\props\Art_GoldCoin1001_01.nif</PROPERTY>
        </COMPONENT>
        <COMPONENT LinkID="96" Class="NiTransformationComponent" Name="Transformation">
            <PROPERTY Class="Point3" Name="Translation">-146.0431518554687500, 1632.9604492187500000, 230.2159118652343700</PROPERTY>
            <PROPERTY Class="Matrix3" Name="Rotation">
                <ROW>0.9355117082595825, 0.3526125252246857, 0.0219670906662941</ROW>
                <ROW>-0.3532960116863251, 0.9337015151977539, 0.0581678412854671</ROW>
                <ROW>0.0000000000000000, -0.0621775798499584, 0.9980651140213013</ROW>
            </PROPERTY>
            <PROPERTY Class="Float" Name="Scale">0.3408159017562866</PROPERTY>
        </COMPONENT>
        <COMPONENT LinkID="97" Class="NiSceneGraphComponent" Name="Scene Graph" MasterLinkID="95" />
        <ENTITY LinkID="98" Class="NiGeneralEntity" Name="Art_MagicScroll1001_01 04" Type="Object" UsePhysX="FALSE" PostfixTexture="" Optimization="0" AlphaGroup="1" RandomAni="FALSE" TemplateID="ee,55,f3,f1,d9,28,ff,48,b8,5b,d8,8,59,1e,6c,dd" MasterLinkID="99">
            <COMPONENT RefLinkID="102" />
            <COMPONENT RefLinkID="103" />
        </ENTITY>
        <ENTITY LinkID="99" Class="NiGeneralEntity" Name="[Object]props.Art_MagicScroll1001_01" TemplateID="ee,55,f3,f1,d9,28,ff,48,b8,5b,d8,8,59,1e,6c,dd">
            <COMPONENT RefLinkID="100" />
            <COMPONENT RefLinkID="101" />
        </ENTITY>
        <COMPONENT LinkID="100" Class="NiTransformationComponent" Name="Transformation">
            <PROPERTY Class="Point3" Name="Translation">0.0000000000000000, 0.0000000000000000, 0.0000000000000000</PROPERTY>
            <PROPERTY Class="Matrix3" Name="Rotation">
                <ROW>1.0000000000000000, 0.0000000000000000, 0.0000000000000000</ROW>
                <ROW>0.0000000000000000, 1.0000000000000000, 0.0000000000000000</ROW>
                <ROW>0.0000000000000000, 0.0000000000000000, 1.0000000000000000</ROW>
            </PROPERTY>
            <PROPERTY Class="Float" Name="Scale">1.0000000000000000</PROPERTY>
        </COMPONENT>
        <COMPONENT LinkID="101" Class="NiSceneGraphComponent" Name="Scene Graph">
            <PROPERTY Class="String" Name="NIF File Path" Asset="TRUE">.\..\..\00_Object\props\Art_MagicScroll1001_01.nif</PROPERTY>
        </COMPONENT>
        <COMPONENT LinkID="102" Class="NiTransformationComponent" Name="Transformation">
            <PROPERTY Class="Point3" Name="Translation">-154.9352874755859400, 1664.1870117187500000, 231.3522338867187500</PROPERTY>
            <PROPERTY Class="Matrix3" Name="Rotation">
                <ROW>0.9355117082595825, 0.3532960116863251, 0.0000000000000000</ROW>
                <ROW>-0.3532960116863251, 0.9355117082595825, 0.0000000000000000</ROW>
                <ROW>0.0000000000000000, 0.0000000000000000, 1.0000000000000000</ROW>
            </PROPERTY>
            <PROPERTY Class="Float" Name="Scale">1.0000000000000000</PROPERTY>
        </COMPONENT>
        <COMPONENT LinkID="103" Class="NiSceneGraphComponent" Name="Scene Graph" MasterLinkID="101" />
        <ENTITY LinkID="104" Class="NiGeneralEntity" Name="Art_Tablewood2001_01 04" Type="Object" UsePhysX="FALSE" PostfixTexture="" Optimization="0" AlphaGroup="1" RandomAni="FALSE" TemplateID="c0,e3,95,44,96,6a,34,40,be,31,bf,95,30,71,8b,b" MasterLinkID="105">
            <COMPONENT RefLinkID="109" />
            <COMPONENT RefLinkID="110" />
            <COMPONENT RefLinkID="111" />
        </ENTITY>
