<?xml version="1.0" ?>
<GSA Major="1" Minor="0" Patch="0">
    <PALETTES_DIRECTORY>
        <PALETTE_DIR IDX="0" DIRECTORY=".\..\..\95_Dungeon\400_InDun\..\..\..\..\..\ToolBin\SceneDesigner\Release\Data\" />
        <PALETTE_DIR IDX="1" DIRECTORY=".\..\..\95_Dungeon\400_InDun\..\..\01_Ingrid\01_Level\..\..\Palettes\" />
        <PALETTE_DIR IDX="2" DIRECTORY=".\..\..\95_Dungeon\400_InDun\..\..\Palettes\" />
        <PALETTE_DIR IDX="3" DIRECTORY=".\..\..\Palettes\" />
    </PALETTES_DIRECTORY>
    <PALETTES>
        <PALETTE NAME="Default" DIR_IDX="0" />
        <PALETTE NAME="General" DIR_IDX="1" />
        <PALETTE NAME="Block" DIR_IDX="1" />
        <PALETTE NAME="Object" DIR_IDX="1" />
        <PALETTE NAME="Effect" DIR_IDX="1" />
        <PALETTE NAME="Monster" DIR_IDX="2" />
        <PALETTE NAME="Event" DIR_IDX="2" />
        <PALETTE NAME="KFM_Trap" DIR_IDX="2" />
        <PALETTE NAME="Felloruss" DIR_IDX="3" />
        <PALETTE NAME="Lavita" DIR_IDX="3" />
    </PALETTES>
    <OBJECTS>
        <ENTITY LinkID="0" Class="NiGeneralEntity" Name="Rag_DarkTong1001_01 01" Type="Object" UsePhysX="FALSE" PostfixTexture="" Optimization="0" AlphaGroup="5" RandomAni="FALSE" TemplateID="10,33,44,ac,a1,f8,6,4a,a4,fa,af,e7,c5,b0,49,18" MasterLinkID="1">
            <COMPONENT RefLinkID="5" />
            <COMPONENT RefLinkID="6" />
            <COMPONENT RefLinkID="7" />
        </ENTITY>
        <ENTITY LinkID="1" Class="NiGeneralEntity" Name="[Event]015600.Rag_DarkTong1001_01" TemplateID="10,33,44,ac,a1,f8,6,4a,a4,fa,af,e7,c5,b0,49,18">
            <COMPONENT RefLinkID="2" />
            <COMPONENT RefLinkID="3" />
            <COMPONENT RefLinkID="4" />
        </ENTITY>
        <COMPONENT LinkID="2" Class="NiTransformationComponent" Name="Transformation">
            <PROPERTY Class="Point3" Name="Translation">0.0000000000000000, 0.0000000000000000, 0.0000000000000000</PROPERTY>
            <PROPERTY Class="Matrix3" Name="Rotation">
                <ROW>1.0000000000000000, 0.0000000000000000, 0.0000000000000000</ROW>
                <ROW>0.0000000000000000, 1.0000000000000000, 0.0000000000000000</ROW>
                <ROW>0.0000000000000000, 0.0000000000000000, 1.0000000000000000</ROW>
            </PROPERTY>
            <PROPERTY Class="Float" Name="Scale">1.0000000000000000</PROPERTY>
        </COMPONENT>
        <COMPONENT LinkID="3" Class="NiSceneGraphComponent" Name="Scene Graph">
            <PROPERTY Class="String" Name="NIF File Path" Asset="TRUE">.\..\02_Modeling\Block\015600\block\015602\Rag_DarkTong1001_01.nif</PROPERTY>
        </COMPONENT>
        <COMPONENT LinkID="4" Class="NiGeneralComponent" Name="Hide Object" TemplateID="f6,46,16,db,61,92,23,47,b5,4a,da,2d,42,d7,85,b9">
            <PROPERTY Class="Float" Name="Alpha Value" SemanticType="Float" DisplayName="Alpha Value" Description="">0.4000000059604645</PROPERTY>
            <PROPERTY Class="Boolean" Name="Alpha Enable" SemanticType="Boolean" DisplayName="Alpha Enable" Description="">FALSE</PROPERTY>
            <PROPERTY Class="Boolean" Name="Hide Object" SemanticType="Boolean" DisplayName="Hide Object" Description="">FALSE</PROPERTY>
        </COMPONENT>
        <COMPONENT LinkID="5" Class="NiTransformationComponent" Name="Transformation">
            <PROPERTY Class="Point3" Name="Translation">-17817.6601562500000000, 3894.8515625000000000, -566.9511108398437500</PROPERTY>
            <PROPERTY Class="Matrix3" Name="Rotation">
                <ROW>1.0000000000000000, 0.0000000000000000, 0.0000000000000000</ROW>
                <ROW>0.0000000000000000, 1.0000000000000000, 0.0000000000000000</ROW>
                <ROW>0.0000000000000000, 0.0000000000000000, 1.0000000000000000</ROW>
            </PROPERTY>
            <PROPERTY Class="Float" Name="Scale">1.4477037191390991</PROPERTY>
        </COMPONENT>
        <COMPONENT LinkID="6" Class="NiSceneGraphComponent" Name="Scene Graph" MasterLinkID="3" />
        <COMPONENT LinkID="7" Class="NiGeneralComponent" Name="Hide Object" TemplateID="f6,46,16,db,61,92,23,47,b5,4a,da,2d,42,d7,85,b9" MasterLinkID="4" />
        <ENTITY LinkID="8" Class="NiGeneralEntity" Name="Rag_DarkTong1001_03 01" Type="Object" UsePhysX="FALSE" PostfixTexture="" Optimization="0" AlphaGroup="5" RandomAni="FALSE" TemplateID="6f,bd,ce,77,c9,39,24,41,b3,fc,99,f9,8c,76,34,72" MasterLinkID="9">
            <COMPONENT RefLinkID="12" />
            <COMPONENT RefLinkID="13" />
            <COMPONENT RefLinkID="14" />
        </ENTITY>
        <ENTITY LinkID="9" Class="NiGeneralEntity" Name="[Event]015600.Rag_DarkTong1001_03" TemplateID="6f,bd,ce,77,c9,39,24,41,b3,fc,99,f9,8c,76,34,72">
            <COMPONENT RefLinkID="10" />
            <COMPONENT RefLinkID="11" />
            <COMPONENT RefLinkID="4" />
        </ENTITY>
        <COMPONENT LinkID="10" Class="NiTransformationComponent" Name="Transformation">
            <PROPERTY Class="Point3" Name="Translation">0.0000000000000000, 0.0000000000000000, 0.0000000000000000</PROPERTY>
            <PROPERTY Class="Matrix3" Name="Rotation">
                <ROW>1.0000000000000000, 0.0000000000000000, 0.0000000000000000</ROW>
                <ROW>0.0000000000000000, 1.0000000000000000, 0.0000000000000000</ROW>
                <ROW>0.0000000000000000, 0.0000000000000000, 1.0000000000000000</ROW>
            </PROPERTY>
            <PROPERTY Class="Float" Name="Scale">1.0000000000000000</PROPERTY>
        </COMPONENT>
        <COMPONENT LinkID="11" Class="NiSceneGraphComponent" Name="Scene Graph">
            <PROPERTY Class="String" Name="NIF File Path" Asset="TRUE">.\..\02_Modeling\Block\015600\block\015602\Rag_DarkTong1001_03.nif</PROPERTY>
        </COMPONENT>
        <COMPONENT LinkID="12" Class="NiTransformationComponent" Name="Transformation">
            <PROPERTY Class="Point3" Name="Translation">-17833.6230468750000000, 3845.2875976562500000, -564.5643310546875000</PROPERTY>
            <PROPERTY Class="Matrix3" Name="Rotation">
                <ROW>1.0000000000000000, 0.0000000000000000, 0.0000000000000000</ROW>
                <ROW>0.0000000000000000, 0.9940703511238098, -0.1087389886379242</ROW>
                <ROW>0.0000000000000000, 0.1087389886379242, 0.9940703511238098</ROW>
            </PROPERTY>
            <PROPERTY Class="Float" Name="Scale">1.1521294116973877</PROPERTY>
        </COMPONENT>
        <COMPONENT LinkID="13" Class="NiSceneGraphComponent" Name="Scene Graph" MasterLinkID="11" />
        <COMPONENT LinkID="14" Class="NiGeneralComponent" Name="Hide Object" TemplateID="f6,46,16,db,61,92,23,47,b5,4a,da,2d,42,d7,85,b9" MasterLinkID="4" />
        <ENTITY LinkID="15" Class="NiGeneralEntity" Name="CA_FALLlDOWNTREE_Log1001 58" Type="Object" UsePhysX="FALSE" PostfixTexture="" Optimization="0" AlphaGroup="1" RandomAni="TRUE" TemplateID="36,74,93,cb,e9,bd,d6,48,b3,54,52,5e,16,84,b9,ef" MasterLinkID="16">
            <COMPONENT RefLinkID="20" />
            <COMPONENT RefLinkID="21" />
            <COMPONENT RefLinkID="22" />
        </ENTITY>
        <ENTITY LinkID="16" Class="NiGeneralEntity" Name="[Object]Tree.CA_FALLlDOWNTREE_Log1001" TemplateID="36,74,93,cb,e9,bd,d6,48,b3,54,52,5e,16,84,b9,ef">
            <COMPONENT RefLinkID="17" />
            <COMPONENT RefLinkID="18" />
            <COMPONENT RefLinkID="19" />
        </ENTITY>
        <COMPONENT LinkID="17" Class="NiTransformationComponent" Name="Transformation">
            <PROPERTY Class="Point3" Name="Translation">0.0000000000000000, 0.0000000000000000, 0.0000000000000000</PROPERTY>
            <PROPERTY Class="Matrix3" Name="Rotation">
                <ROW>1.0000000000000000, 0.0000000000000000, 0.0000000000000000</ROW>
                <ROW>0.0000000000000000, 1.0000000000000000, 0.0000000000000000</ROW>
                <ROW>0.0000000000000000, 0.0000000000000000, 1.0000000000000000</ROW>
            </PROPERTY>
            <PROPERTY Class="Float" Name="Scale">1.0000000000000000</PROPERTY>
        </COMPONENT>
        <COMPONENT LinkID="18" Class="NiSceneGraphComponent" Name="Scene Graph">
            <PROPERTY Class="String" Name="NIF File Path" Asset="TRUE">.\..\..\00_Object\Tree\CA_FALLlDOWNTREE_Log1001.nif</PROPERTY>
        </COMPONENT>
        <COMPONENT LinkID="19" Class="NiGeneralComponent" Name="Hide Object" TemplateID="f6,46,16,db,61,92,23,47,b5,4a,da,2d,42,d7,85,b9">
            <PROPERTY Class="Float" Name="Alpha Value" SemanticType="Float" DisplayName="Alpha Value" Description="">0.4000000059604645</PROPERTY>
            <PROPERTY Class="Boolean" Name="Alpha Enable" SemanticType="Boolean" DisplayName="Alpha Enable" Description="">FALSE</PROPERTY>
            <PROPERTY Class="Boolean" Name="Hide Object" SemanticType="Boolean" DisplayName="Hide Object" Description="">FALSE</PROPERTY>
        </COMPONENT>
        <COMPONENT LinkID="20" Class="NiTransformationComponent" Name="Transformation">
            <PROPERTY Class="Point3" Name="Translation">-7967.7978515625000000, 643.2731933593750000, -453.7406921386718700</PROPERTY>
            <PROPERTY Class="Matrix3" Name="Rotation">
                <ROW>0.2072327435016632, 0.1908663362264633, 0.9594917297363281</ROW>
                <ROW>-0.0799273997545242, -0.9742007255554199, 0.2110550105571747</ROW>
                <ROW>0.9750213623046875, -0.1204272583127022, -0.1866307705640793</ROW>
            </PROPERTY>
            <PROPERTY Class="Float" Name="Scale">0.3999306857585907</PROPERTY>
        </COMPONENT>
        <COMPONENT LinkID="21" Class="NiSceneGraphComponent" Name="Scene Graph" MasterLinkID="18" />
        <COMPONENT LinkID="22" Class="NiGeneralComponent" Name="Hide Object" TemplateID="f6,46,16,db,61,92,23,47,b5,4a,da,2d,42,d7,85,b9" MasterLinkID="19" />
        <ENTITY LinkID="23" Class="NiGeneralEntity" Name="CA_FALLlDOWNTREE_Log1001 17" Type="Object" UsePhysX="FALSE" PostfixTexture="" Optimization="0" AlphaGroup="1" RandomAni="TRUE" TemplateID="36,74,93,cb,e9,bd,d6,48,b3,54,52,5e,16,84,b9,ef" MasterLinkID="16">
            <COMPONENT RefLinkID="24" />
            <COMPONENT RefLinkID="25" />
            <COMPONENT RefLinkID="26" />
        </ENTITY>
        <COMPONENT LinkID="24" Class="NiTransformationComponent" Name="Transformation">
            <PROPERTY Class="Point3" Name="Translation">-8166.3056640625000000, 686.6408081054687500, -487.7238159179687500</PROPERTY>
            <PROPERTY Class="Matrix3" Name="Rotation">
                <ROW>0.1812268346548080, -0.9188117384910584, -0.3506301641464233</ROW>
                <ROW>-0.0602633804082870, 0.3454883694648743, -0.9364857673645020</ROW>
                <ROW>0.9815932512283325, 0.1908464729785919, 0.0072412043809891</ROW>
            </PROPERTY>
            <PROPERTY Class="Float" Name="Scale">0.3470463454723358</PROPERTY>
        </COMPONENT>
        <COMPONENT LinkID="25" Class="NiSceneGraphComponent" Name="Scene Graph" MasterLinkID="18" />
        <COMPONENT LinkID="26" Class="NiGeneralComponent" Name="Hide Object" TemplateID="f6,46,16,db,61,92,23,47,b5,4a,da,2d,42,d7,85,b9" MasterLinkID="19" />
        <ENTITY LinkID="27" Class="NiGeneralEntity" Name="CA_FALLlDOWNTREE_Log1001 22" Type="Object" UsePhysX="FALSE" PostfixTexture="" Optimization="0" AlphaGroup="1" RandomAni="TRUE" TemplateID="36,74,93,cb,e9,bd,d6,48,b3,54,52,5e,16,84,b9,ef" MasterLinkID="16">
            <COMPONENT RefLinkID="28" />
            <COMPONENT RefLinkID="29" />
            <COMPONENT RefLinkID="30" />
        </ENTITY>
        <COMPONENT LinkID="28" Class="NiTransformationComponent" Name="Transformation">
            <PROPERTY Class="Point3" Name="Translation">-8006.9663085937500000, 619.5111083984375000, -454.2234191894531200</PROPERTY>
            <PROPERTY Class="Matrix3" Name="Rotation">
                <ROW>-0.0435929782688618, 0.5820937752723694, 0.8119521737098694</ROW>
                <ROW>-0.2910221517086029, -0.7848773002624512, 0.5470587611198425</ROW>
                <ROW>0.9557228088378906, -0.2124481499195099, 0.2036172449588776</ROW>
            </PROPERTY>
            <PROPERTY Class="Float" Name="Scale">0.3999306857585907</PROPERTY>
        </COMPONENT>
        <COMPONENT LinkID="29" Class="NiSceneGraphComponent" Name="Scene Graph" MasterLinkID="18" />
        <COMPONENT LinkID="30" Class="NiGeneralComponent" Name="Hide Object" TemplateID="f6,46,16,db,61,92,23,47,b5,4a,da,2d,42,d7,85,b9" MasterLinkID="19" />
        <ENTITY LinkID="31" Class="NiGeneralEntity" Name="CA_FALLlDOWNTREE_Log1001 18" Type="Object" UsePhysX="FALSE" PostfixTexture="" Optimization="0" AlphaGroup="1" RandomAni="TRUE" TemplateID="36,74,93,cb,e9,bd,d6,48,b3,54,52,5e,16,84,b9,ef" MasterLinkID="16">
            <COMPONENT RefLinkID="32" />
            <COMPONENT RefLinkID="33" />
            <COMPONENT RefLinkID="34" />
        </ENTITY>
        <COMPONENT LinkID="32" Class="NiTransformationComponent" Name="Transformation">
            <PROPERTY Class="Point3" Name="Translation">-8087.5551757812500000, 684.2734985351562500, -486.9288635253906200</PROPERTY>
            <PROPERTY Class="Matrix3" Name="Rotation">
                <ROW>0.1637401431798935, -0.1445415019989014, -0.9758568406105042</ROW>
                <ROW>-0.1142048686742783, 0.9797792434692383, -0.1642849445343018</ROW>
                <ROW>0.9798707365989685, 0.1383476108312607, 0.1439219713211060</ROW>
            </PROPERTY>
            <PROPERTY Class="Float" Name="Scale">0.6193284988403320</PROPERTY>
        </COMPONENT>
        <COMPONENT LinkID="33" Class="NiSceneGraphComponent" Name="Scene Graph" MasterLinkID="18" />
        <COMPONENT LinkID="34" Class="NiGeneralComponent" Name="Hide Object" TemplateID="f6,46,16,db,61,92,23,47,b5,4a,da,2d,42,d7,85,b9" MasterLinkID="19" />
        <ENTITY LinkID="35" Class="NiGeneralEntity" Name="CA_FALLlDOWNTREE_Log1001 21" Type="Object" UsePhysX="FALSE" PostfixTexture="" Optimization="0" AlphaGroup="1" RandomAni="TRUE" TemplateID="36,74,93,cb,e9,bd,d6,48,b3,54,52,5e,16,84,b9,ef" MasterLinkID="16">
            <COMPONENT RefLinkID="36" />
            <COMPONENT RefLinkID="37" />
            <COMPONENT RefLinkID="38" />
        </ENTITY>
        <COMPONENT LinkID="36" Class="NiTransformationComponent" Name="Transformation">
            <PROPERTY Class="Point3" Name="Translation">-8069.9174804687500000, 660.2772216796875000, -466.1728210449218700</PROPERTY>
            <PROPERTY Class="Matrix3" Name="Rotation">
                <ROW>-0.0874195322394371, -0.3029448390007019, 0.9489898085594177</ROW>
                <ROW>-0.1778835505247116, -0.9325786828994751, -0.3140923976898193</ROW>
                <ROW>0.9801610112190247, -0.1962675303220749, 0.0276366472244263</ROW>
            </PROPERTY>
            <PROPERTY Class="Float" Name="Scale">0.6193284988403320</PROPERTY>
        </COMPONENT>
        <COMPONENT LinkID="37" Class="NiSceneGraphComponent" Name="Scene Graph" MasterLinkID="18" />
        <COMPONENT LinkID="38" Class="NiGeneralComponent" Name="Hide Object" TemplateID="f6,46,16,db,61,92,23,47,b5,4a,da,2d,42,d7,85,b9" MasterLinkID="19" />
        <ENTITY LinkID="39" Class="NiGeneralEntity" Name="CA_FALLlDOWNTREE_Log1001 16" Type="Object" UsePhysX="FALSE" PostfixTexture="" Optimization="0" AlphaGroup="1" RandomAni="TRUE" TemplateID="36,74,93,cb,e9,bd,d6,48,b3,54,52,5e,16,84,b9,ef" MasterLinkID="16">
            <COMPONENT RefLinkID="40" />
            <COMPONENT RefLinkID="41" />
            <COMPONENT RefLinkID="42" />
        </ENTITY>
        <COMPONENT LinkID="40" Class="NiTransformationComponent" Name="Transformation">
            <PROPERTY Class="Point3" Name="Translation">-8220.1386718750000000, 688.9833984375000000, -469.9273376464843700</PROPERTY>
            <PROPERTY Class="Matrix3" Name="Rotation">
                <ROW>0.1497317403554916, -0.8748641610145569, 0.4606437683105469</ROW>
                <ROW>-0.1772791445255280, -0.4821010828018189, -0.8579919934272766</ROW>
                <ROW>0.9727038145065308, 0.0468060597777367, -0.2272808402776718</ROW>
            </PROPERTY>
            <PROPERTY Class="Float" Name="Scale">0.3470463454723358</PROPERTY>
        </COMPONENT>
        <COMPONENT LinkID="41" Class="NiSceneGraphComponent" Name="Scene Graph" MasterLinkID="18" />
        <COMPONENT LinkID="42" Class="NiGeneralComponent" Name="Hide Object" TemplateID="f6,46,16,db,61,92,23,47,b5,4a,da,2d,42,d7,85,b9" MasterLinkID="19" />
        <ENTITY LinkID="43" Class="NiGeneralEntity" Name="Rag_OrcGround6002_02 04" Type="Object" UsePhysX="TRUE" PostfixTexture="" Optimization="0" AlphaGroup="5" RandomAni="FALSE" TemplateID="5e,91,ac,42,d0,34,1e,47,a0,f2,fb,8b,77,d,6,32" MasterLinkID="44">
            <COMPONENT RefLinkID="48" />
            <COMPONENT RefLinkID="49" />
            <COMPONENT RefLinkID="50" />
        </ENTITY>
        <ENTITY LinkID="44" Class="NiGeneralEntity" Name="[Event]015600.Rag_OrcGround6002_02" TemplateID="5e,91,ac,42,d0,34,1e,47,a0,f2,fb,8b,77,d,6,32">
            <COMPONENT RefLinkID="45" />
            <COMPONENT RefLinkID="46" />
            <COMPONENT RefLinkID="47" />
        </ENTITY>
        <COMPONENT LinkID="45" Class="NiTransformationComponent" Name="Transformation">
            <PROPERTY Class="Point3" Name="Translation">0.0000000000000000, 0.0000000000000000, 0.0000000000000000</PROPERTY>
            <PROPERTY Class="Matrix3" Name="Rotation">
                <ROW>1.0000000000000000, 0.0000000000000000, 0.0000000000000000</ROW>
                <ROW>0.0000000000000000, 1.0000000000000000, 0.0000000000000000</ROW>
                <ROW>0.0000000000000000, 0.0000000000000000, 1.0000000000000000</ROW>
            </PROPERTY>
            <PROPERTY Class="Float" Name="Scale">1.0000000000000000</PROPERTY>
        </COMPONENT>
        <COMPONENT LinkID="46" Class="NiSceneGraphComponent" Name="Scene Graph">
            <PROPERTY Class="String" Name="NIF File Path" Asset="TRUE">.\..\02_Modeling\Block\015600\block\015601\Rag_OrcGround6002_02.nif</PROPERTY>
        </COMPONENT>
        <COMPONENT LinkID="47" Class="NiGeneralComponent" Name="Hide Object" TemplateID="f6,46,16,db,61,92,23,47,b5,4a,da,2d,42,d7,85,b9">
            <PROPERTY Class="Float" Name="Alpha Value" SemanticType="Float" DisplayName="Alpha Value" Description="">0.4000000059604645</PROPERTY>
            <PROPERTY Class="Boolean" Name="Alpha Enable" SemanticType="Boolean" DisplayName="Alpha Enable" Description="">FALSE</PROPERTY>
            <PROPERTY Class="Boolean" Name="Hide Object" SemanticType="Boolean" DisplayName="Hide Object" Description="">FALSE</PROPERTY>
        </COMPONENT>
        <COMPONENT LinkID="48" Class="NiTransformationComponent" Name="Transformation">
            <PROPERTY Class="Point3" Name="Translation">-17333.5703125000000000, 3998.0048828125000000, -837.9909057617187500</PROPERTY>
            <PROPERTY Class="Matrix3" Name="Rotation">
                <ROW>1.0000000000000000, 0.0000000000000000, 0.0000000000000000</ROW>
                <ROW>0.0000000000000000, 1.0000000000000000, 0.0000000000000000</ROW>
                <ROW>0.0000000000000000, 0.0000000000000000, 1.0000000000000000</ROW>
            </PROPERTY>
            <PROPERTY Class="Float" Name="Scale">1.0000000000000000</PROPERTY>
        </COMPONENT>
        <COMPONENT LinkID="49" Class="NiSceneGraphComponent" Name="Scene Graph" MasterLinkID="46" />
        <COMPONENT LinkID="50" Class="NiGeneralComponent" Name="Hide Object" TemplateID="f6,46,16,db,61,92,23,47,b5,4a,da,2d,42,d7,85,b9" MasterLinkID="47" />
        <ENTITY LinkID="51" Class="NiGeneralEntity" Name="Art_WoodPole2002_01 27" Type="Object" UsePhysX="FALSE" PostfixTexture="" Optimization="0" AlphaGroup="1" RandomAni="FALSE" TemplateID="ec,96,9c,3b,e9,72,37,44,ae,4b,ce,e6,a9,14,8c,81" MasterLinkID="52">
            <COMPONENT RefLinkID="56" />
            <COMPONENT RefLinkID="57" />
            <COMPONENT RefLinkID="58" />
        </ENTITY>
        <ENTITY LinkID="52" Class="NiGeneralEntity" Name="[Object]Fance.Art_WoodPole2002_01" TemplateID="ec,96,9c,3b,e9,72,37,44,ae,4b,ce,e6,a9,14,8c,81">
            <COMPONENT RefLinkID="53" />
            <COMPONENT RefLinkID="54" />
            <COMPONENT RefLinkID="55" />
        </ENTITY>
        <COMPONENT LinkID="53" Class="NiTransformationComponent" Name="Transformation">
            <PROPERTY Class="Point3" Name="Translation">0.0000000000000000, 0.0000000000000000, 0.0000000000000000</PROPERTY>
            <PROPERTY Class="Matrix3" Name="Rotation">
                <ROW>1.0000000000000000, 0.0000000000000000, 0.0000000000000000</ROW>
                <ROW>0.0000000000000000, 1.0000000000000000, 0.0000000000000000</ROW>
                <ROW>0.0000000000000000, 0.0000000000000000, 1.0000000000000000</ROW>
            </PROPERTY>
            <PROPERTY Class="Float" Name="Scale">1.0000000000000000</PROPERTY>
        </COMPONENT>
        <COMPONENT LinkID="54" Class="NiSceneGraphComponent" Name="Scene Graph">
            <PROPERTY Class="String" Name="NIF File Path" Asset="TRUE">.\..\..\00_Object\Fance\Art_WoodPole2002_01.nif</PROPERTY>
        </COMPONENT>
        <COMPONENT LinkID="55" Class="NiGeneralComponent" Name="Hide Object" TemplateID="f6,46,16,db,61,92,23,47,b5,4a,da,2d,42,d7,85,b9">
            <PROPERTY Class="Float" Name="Alpha Value" SemanticType="Float" DisplayName="Alpha Value" Description="">0.4000000059604645</PROPERTY>
            <PROPERTY Class="Boolean" Name="Alpha Enable" SemanticType="Boolean" DisplayName="Alpha Enable" Description="">FALSE</PROPERTY>
            <PROPERTY Class="Boolean" Name="Hide Object" SemanticType="Boolean" DisplayName="Hide Object" Description="">FALSE</PROPERTY>
        </COMPONENT>
        <COMPONENT LinkID="56" Class="NiTransformationComponent" Name="Transformation">
            <PROPERTY Class="Point3" Name="Translation">-14833.7441406250000000, 4799.7480468750000000, -420.0549011230468700</PROPERTY>
            <PROPERTY Class="Matrix3" Name="Rotation">
                <ROW>-0.1725602447986603, 0.7918193936347961, -0.5858708620071411</ROW>
                <ROW>-0.9849988818168640, -0.1387174427509308, 0.1026377081871033</ROW>
                <ROW>0.0000000259992454, 0.5947934389114380, 0.8038784861564636</ROW>
            </PROPERTY>
            <PROPERTY Class="Float" Name="Scale">3.2553849220275879</PROPERTY>
        </COMPONENT>
        <COMPONENT LinkID="57" Class="NiSceneGraphComponent" Name="Scene Graph" MasterLinkID="54" />
        <COMPONENT LinkID="58" Class="NiGeneralComponent" Name="Hide Object" TemplateID="f6,46,16,db,61,92,23,47,b5,4a,da,2d,42,d7,85,b9" MasterLinkID="55" />
        <ENTITY LinkID="59" Class="NiGeneralEntity" Name="Rag_OrcGrass1001_01 187" Type="Object" UsePhysX="FALSE" PostfixTexture="_T01" Optimization="0" AlphaGroup="5" RandomAni="FALSE" TemplateID="7b,5e,2,8b,38,6f,e7,4b,91,9d,f7,8d,1e,b3,ad,6f" MasterLinkID="60">
            <COMPONENT RefLinkID="64" />
            <COMPONENT RefLinkID="65" />
            <COMPONENT RefLinkID="66" />
        </ENTITY>
        <ENTITY LinkID="60" Class="NiGeneralEntity" Name="[Event]015600.Rag_OrcGrass1001_01" TemplateID="7b,5e,2,8b,38,6f,e7,4b,91,9d,f7,8d,1e,b3,ad,6f">
            <COMPONENT RefLinkID="61" />
            <COMPONENT RefLinkID="62" />
            <COMPONENT RefLinkID="63" />
        </ENTITY>
        <COMPONENT LinkID="61" Class="NiTransformationComponent" Name="Transformation">
            <PROPERTY Class="Point3" Name="Translation">0.0000000000000000, 0.0000000000000000, 0.0000000000000000</PROPERTY>
            <PROPERTY Class="Matrix3" Name="Rotation">
                <ROW>1.0000000000000000, 0.0000000000000000, 0.0000000000000000</ROW>
                <ROW>0.0000000000000000, 1.0000000000000000, 0.0000000000000000</ROW>
                <ROW>0.0000000000000000, 0.0000000000000000, 1.0000000000000000</ROW>
            </PROPERTY>
            <PROPERTY Class="Float" Name="Scale">1.0000000000000000</PROPERTY>
        </COMPONENT>
        <COMPONENT LinkID="62" Class="NiSceneGraphComponent" Name="Scene Graph">
            <PROPERTY Class="String" Name="NIF File Path" Asset="TRUE">.\..\02_Modeling\Block\015600\block\015601\Rag_OrcGrass1001_01.nif</PROPERTY>
        </COMPONENT>
        <COMPONENT LinkID="63" Class="NiGeneralComponent" Name="Hide Object" TemplateID="f6,46,16,db,61,92,23,47,b5,4a,da,2d,42,d7,85,b9">
            <PROPERTY Class="Float" Name="Alpha Value" SemanticType="Float" DisplayName="Alpha Value" Description="">0.4000000059604645</PROPERTY>
            <PROPERTY Class="Boolean" Name="Alpha Enable" SemanticType="Boolean" DisplayName="Alpha Enable" Description="">FALSE</PROPERTY>
            <PROPERTY Class="Boolean" Name="Hide Object" SemanticType="Boolean" DisplayName="Hide Object" Description="">FALSE</PROPERTY>
        </COMPONENT>
        <COMPONENT LinkID="64" Class="NiTransformationComponent" Name="Transformation">
            <PROPERTY Class="Point3" Name="Translation">-13726.8408203125000000, 3801.5244140625000000, -583.6679077148437500</PROPERTY>
            <PROPERTY Class="Matrix3" Name="Rotation">
                <ROW>-0.1160901337862015, 0.9702945947647095, 0.2122535109519959</ROW>
                <ROW>-0.9927831888198853, -0.1068853735923767, -0.0543776638805866</ROW>
                <ROW>-0.0300755482167006, -0.2170344889163971, 0.9757004380226135</ROW>
            </PROPERTY>
            <PROPERTY Class="Float" Name="Scale">0.9864396452903748</PROPERTY>
        </COMPONENT>
        <COMPONENT LinkID="65" Class="NiSceneGraphComponent" Name="Scene Graph" MasterLinkID="62" />
        <COMPONENT LinkID="66" Class="NiGeneralComponent" Name="Hide Object" TemplateID="f6,46,16,db,61,92,23,47,b5,4a,da,2d,42,d7,85,b9" MasterLinkID="63" />
        <ENTITY LinkID="67" Class="NiGeneralEntity" Name="Art_WoodPole2002_01 16" Type="Object" UsePhysX="FALSE" PostfixTexture="" Optimization="0" AlphaGroup="1" RandomAni="FALSE" TemplateID="ec,96,9c,3b,e9,72,37,44,ae,4b,ce,e6,a9,14,8c,81" MasterLinkID="52">
            <COMPONENT RefLinkID="68" />
            <COMPONENT RefLinkID="69" />
            <COMPONENT RefLinkID="70" />
        </ENTITY>
        <COMPONENT LinkID="68" Class="NiTransformationComponent" Name="Transformation">
            <PROPERTY Class="Point3" Name="Translation">-17293.4062500000000000, 4189.3125000000000000, -568.8328857421875000</PROPERTY>
            <PROPERTY Class="Matrix3" Name="Rotation">
                <ROW>-0.0000000351386475, -0.8038784861564636, 0.5947934389114380</ROW>
                <ROW>1.0000000000000000, -0.0000000437113883, 0.0000000000000000</ROW>
                <ROW>0.0000000259992454, 0.5947934389114380, 0.8038784861564636</ROW>
            </PROPERTY>
            <PROPERTY Class="Float" Name="Scale">1.5000000000000000</PROPERTY>
        </COMPONENT>
        <COMPONENT LinkID="69" Class="NiSceneGraphComponent" Name="Scene Graph" MasterLinkID="54" />
        <COMPONENT LinkID="70" Class="NiGeneralComponent" Name="Hide Object" TemplateID="f6,46,16,db,61,92,23,47,b5,4a,da,2d,42,d7,85,b9" MasterLinkID="55" />
        <ENTITY LinkID="71" Class="NiGeneralEntity" Name="Art_WoodPole2002_01 17" Type="Object" UsePhysX="FALSE" PostfixTexture="" Optimization="0" AlphaGroup="1" RandomAni="FALSE" TemplateID="ec,96,9c,3b,e9,72,37,44,ae,4b,ce,e6,a9,14,8c,81" MasterLinkID="52">
            <COMPONENT RefLinkID="72" />
            <COMPONENT RefLinkID="73" />
            <COMPONENT RefLinkID="74" />
        </ENTITY>
        <COMPONENT LinkID="72" Class="NiTransformationComponent" Name="Transformation">
            <PROPERTY Class="Point3" Name="Translation">-17220.7050781250000000, 4194.4746093750000000, -562.3343505859375000</PROPERTY>
            <PROPERTY Class="Matrix3" Name="Rotation">
                <ROW>-0.0000000350235965, -0.8012465834617615, -0.5983342528343201</ROW>
                <ROW>1.0000000000000000, -0.0000000437113883, 0.0000000000000000</ROW>
                <ROW>-0.0000000261540212, -0.5983342528343201, 0.8012465834617615</ROW>
            </PROPERTY>
            <PROPERTY Class="Float" Name="Scale">1.5000000000000000</PROPERTY>
        </COMPONENT>
        <COMPONENT LinkID="73" Class="NiSceneGraphComponent" Name="Scene Graph" MasterLinkID="54" />
        <COMPONENT LinkID="74" Class="NiGeneralComponent" Name="Hide Object" TemplateID="f6,46,16,db,61,92,23,47,b5,4a,da,2d,42,d7,85,b9" MasterLinkID="55" />
        <ENTITY LinkID="75" Class="NiGeneralEntity" Name="Art_WoodPole2002_01 19" Type="Object" UsePhysX="FALSE" PostfixTexture="" Optimization="0" AlphaGroup="1" RandomAni="FALSE" TemplateID="ec,96,9c,3b,e9,72,37,44,ae,4b,ce,e6,a9,14,8c,81" MasterLinkID="52">
            <COMPONENT RefLinkID="76" />
            <COMPONENT RefLinkID="77" />
            <COMPONENT RefLinkID="78" />
        </ENTITY>
        <COMPONENT LinkID="76" Class="NiTransformationComponent" Name="Transformation">
            <PROPERTY Class="Point3" Name="Translation">-17218.9824218750000000, 3838.2314453125000000, -569.6643066406250000</PROPERTY>
            <PROPERTY Class="Matrix3" Name="Rotation">
                <ROW>-0.0000000350235965, -0.8012465834617615, -0.5983342528343201</ROW>
                <ROW>1.0000000000000000, -0.0000000437113883, 0.0000000000000000</ROW>
                <ROW>-0.0000000261540212, -0.5983342528343201, 0.8012465834617615</ROW>
            </PROPERTY>
            <PROPERTY Class="Float" Name="Scale">1.5000000000000000</PROPERTY>
        </COMPONENT>
        <COMPONENT LinkID="77" Class="NiSceneGraphComponent" Name="Scene Graph" MasterLinkID="54" />
        <COMPONENT LinkID="78" Class="NiGeneralComponent" Name="Hide Object" TemplateID="f6,46,16,db,61,92,23,47,b5,4a,da,2d,42,d7,85,b9" MasterLinkID="55">
            <PROPERTY Class="Boolean" Name="Alpha Enable" SemanticType="Boolean" DisplayName="Alpha Enable" Description="">TRUE</PROPERTY>
            <PROPERTY Class="Boolean" Name="Hide Object" SemanticType="Boolean" DisplayName="Hide Object" Description="">TRUE</PROPERTY>
        </COMPONENT>
        <ENTITY LinkID="79" Class="NiGeneralEntity" Name="Art_WoodPole2002_01 18" Type="Object" UsePhysX="FALSE" PostfixTexture="" Optimization="0" AlphaGroup="1" RandomAni="FALSE" TemplateID="ec,96,9c,3b,e9,72,37,44,ae,4b,ce,e6,a9,14,8c,81" MasterLinkID="52">
            <COMPONENT RefLinkID="80" />
            <COMPONENT RefLinkID="81" />
            <COMPONENT RefLinkID="82" />
        </ENTITY>
        <COMPONENT LinkID="80" Class="NiTransformationComponent" Name="Transformation">
            <PROPERTY Class="Point3" Name="Translation">-17291.4804687500000000, 3833.3291015625000000, -569.6643066406250000</PROPERTY>
            <PROPERTY Class="Matrix3" Name="Rotation">
                <ROW>-0.0000000351386475, -0.8038784861564636, 0.5947934389114380</ROW>
                <ROW>1.0000000000000000, -0.0000000437113883, 0.0000000000000000</ROW>
                <ROW>0.0000000259992454, 0.5947934389114380, 0.8038784861564636</ROW>
            </PROPERTY>
            <PROPERTY Class="Float" Name="Scale">1.5000000000000000</PROPERTY>
        </COMPONENT>
        <COMPONENT LinkID="81" Class="NiSceneGraphComponent" Name="Scene Graph" MasterLinkID="54" />
        <COMPONENT LinkID="82" Class="NiGeneralComponent" Name="Hide Object" TemplateID="f6,46,16,db,61,92,23,47,b5,4a,da,2d,42,d7,85,b9" MasterLinkID="55">
            <PROPERTY Class="Boolean" Name="Alpha Enable" SemanticType="Boolean" DisplayName="Alpha Enable" Description="">TRUE</PROPERTY>
            <PROPERTY Class="Boolean" Name="Hide Object" SemanticType="Boolean" DisplayName="Hide Object" Description="">TRUE</PROPERTY>
        </COMPONENT>
        <ENTITY LinkID="83" Class="NiGeneralEntity" Name="Rag_OrcGround7001_01 25" Type="Object" UsePhysX="FALSE" PostfixTexture="" Optimization="0" AlphaGroup="5" RandomAni="FALSE" TemplateID="7,3,f4,a,59,ba,92,45,96,a6,86,21,8c,ac,3a,4e" MasterLinkID="84">
            <COMPONENT RefLinkID="88" />
            <COMPONENT RefLinkID="89" />
            <COMPONENT RefLinkID="90" />
        </ENTITY>
        <ENTITY LinkID="84" Class="NiGeneralEntity" Name="[Event]015600.Rag_OrcGround7001_01" TemplateID="7,3,f4,a,59,ba,92,45,96,a6,86,21,8c,ac,3a,4e">
            <COMPONENT RefLinkID="85" />
            <COMPONENT RefLinkID="86" />
            <COMPONENT RefLinkID="87" />
        </ENTITY>
        <COMPONENT LinkID="85" Class="NiTransformationComponent" Name="Transformation">
            <PROPERTY Class="Point3" Name="Translation">0.0000000000000000, 0.0000000000000000, 0.0000000000000000</PROPERTY>
            <PROPERTY Class="Matrix3" Name="Rotation">
                <ROW>1.0000000000000000, 0.0000000000000000, 0.0000000000000000</ROW>
                <ROW>0.0000000000000000, 1.0000000000000000, 0.0000000000000000</ROW>
                <ROW>0.0000000000000000, 0.0000000000000000, 1.0000000000000000</ROW>
            </PROPERTY>
            <PROPERTY Class="Float" Name="Scale">1.0000000000000000</PROPERTY>
        </COMPONENT>
        <COMPONENT LinkID="86" Class="NiSceneGraphComponent" Name="Scene Graph">
            <PROPERTY Class="String" Name="NIF File Path" Asset="TRUE">.\..\02_Modeling\Block\015600\block\015601\Rag_OrcGround7001_01.nif</PROPERTY>
        </COMPONENT>
        <COMPONENT LinkID="87" Class="NiGeneralComponent" Name="Hide Object" TemplateID="f6,46,16,db,61,92,23,47,b5,4a,da,2d,42,d7,85,b9">
            <PROPERTY Class="Float" Name="Alpha Value" SemanticType="Float" DisplayName="Alpha Value" Description="">0.4000000059604645</PROPERTY>
            <PROPERTY Class="Boolean" Name="Alpha Enable" SemanticType="Boolean" DisplayName="Alpha Enable" Description="">FALSE</PROPERTY>
            <PROPERTY Class="Boolean" Name="Hide Object" SemanticType="Boolean" DisplayName="Hide Object" Description="">FALSE</PROPERTY>
        </COMPONENT>
        <COMPONENT LinkID="88" Class="NiTransformationComponent" Name="Transformation">
            <PROPERTY Class="Point3" Name="Translation">-14067.9130859375000000, 3379.4133300781250000, -1256.8496093750000000</PROPERTY>
            <PROPERTY Class="Matrix3" Name="Rotation">
                <ROW>0.9959092140197754, -0.0825648084282875, 0.0367140658199787</ROW>
                <ROW>0.0825616270303726, 0.9965845942497253, 0.0016008859965950</ROW>
                <ROW>-0.0367208532989025, 0.0014368394622579, 0.9993245005607605</ROW>
            </PROPERTY>
            <PROPERTY Class="Float" Name="Scale">0.5928386449813843</PROPERTY>
        </COMPONENT>
        <COMPONENT LinkID="89" Class="NiSceneGraphComponent" Name="Scene Graph" MasterLinkID="86" />
        <COMPONENT LinkID="90" Class="NiGeneralComponent" Name="Hide Object" TemplateID="f6,46,16,db,61,92,23,47,b5,4a,da,2d,42,d7,85,b9" MasterLinkID="87" />
        <ENTITY LinkID="91" Class="NiGeneralEntity" Name="Nature_Stone3001_01 70" Type="Object" UsePhysX="FALSE" PostfixTexture="" Optimization="0" AlphaGroup="1" RandomAni="FALSE" TemplateID="62,e,a2,71,eb,90,ec,4b,82,10,4e,2,39,b4,2c,94" MasterLinkID="92">
            <COMPONENT RefLinkID="95" />
            <COMPONENT RefLinkID="96" />
        </ENTITY>
        <ENTITY LinkID="92" Class="NiGeneralEntity" Name="[Object]Stone.Nature_Stone3001_01" TemplateID="62,e,a2,71,eb,90,ec,4b,82,10,4e,2,39,b4,2c,94">
            <COMPONENT RefLinkID="93" />
            <COMPONENT RefLinkID="94" />
        </ENTITY>
        <COMPONENT LinkID="93" Class="NiTransformationComponent" Name="Transformation">
            <PROPERTY Class="Point3" Name="Translation">0.0000000000000000, 0.0000000000000000, 0.0000000000000000</PROPERTY>
            <PROPERTY Class="Matrix3" Name="Rotation">
                <ROW>1.0000000000000000, 0.0000000000000000, 0.0000000000000000</ROW>
                <ROW>0.0000000000000000, 1.0000000000000000, 0.0000000000000000</ROW>
                <ROW>0.0000000000000000, 0.0000000000000000, 1.0000000000000000</ROW>
            </PROPERTY>
            <PROPERTY Class="Float" Name="Scale">1.0000000000000000</PROPERTY>
        </COMPONENT>
        <COMPONENT LinkID="94" Class="NiSceneGraphComponent" Name="Scene Graph">
            <PROPERTY Class="String" Name="NIF File Path" Asset="TRUE">.\..\..\00_Object\Stone\Nature_Stone3001_01.nif</PROPERTY>
        </COMPONENT>
        <COMPONENT LinkID="95" Class="NiTransformationComponent" Name="Transformation">
            <PROPERTY Class="Point3" Name="Translation">-17280.2753906250000000, 3807.2207031250000000, -566.3585205078125000</PROPERTY>
            <PROPERTY Class="Matrix3" Name="Rotation">
                <ROW>1.0000000000000000, 0.0000000000000000, 0.0000000000000000</ROW>
                <ROW>0.0000000000000000, 1.0000000000000000, 0.0000000000000000</ROW>
                <ROW>0.0000000000000000, 0.0000000000000000, 1.0000000000000000</ROW>
            </PROPERTY>
            <PROPERTY Class="Float" Name="Scale">0.3387702703475952</PROPERTY>
        </COMPONENT>
        <COMPONENT LinkID="96" Class="NiSceneGraphComponent" Name="Scene Graph" MasterLinkID="94" />
        <ENTITY LinkID="97" Class="NiGeneralEntity" Name="Rag_OrcFlag1001_01 08" Type="Object" UsePhysX="FALSE" PostfixTexture="" Optimization="0" AlphaGroup="5" RandomAni="FALSE" TemplateID="47,0,a2,8,11,d0,1,4a,99,a7,7,64,2d,fa,c7,b7" MasterLinkID="98">
            <COMPONENT RefLinkID="102" />
            <COMPONENT RefLinkID="103" />
            <COMPONENT RefLinkID="104" />
        </ENTITY>
        <ENTITY LinkID="98" Class="NiGeneralEntity" Name="[Event]015600.Rag_OrcFlag1001_01" TemplateID="47,0,a2,8,11,d0,1,4a,99,a7,7,64,2d,fa,c7,b7">
            <COMPONENT RefLinkID="99" />
            <COMPONENT RefLinkID="100" />
            <COMPONENT RefLinkID="101" />
        </ENTITY>
        <COMPONENT LinkID="99" Class="NiTransformationComponent" Name="Transformation">
            <PROPERTY Class="Point3" Name="Translation">0.0000000000000000, 0.0000000000000000, 0.0000000000000000</PROPERTY>
            <PROPERTY Class="Matrix3" Name="Rotation">
                <ROW>1.0000000000000000, 0.0000000000000000, 0.0000000000000000</ROW>
                <ROW>0.0000000000000000, 1.0000000000000000, 0.0000000000000000</ROW>
                <ROW>0.0000000000000000, 0.0000000000000000, 1.0000000000000000</ROW>
            </PROPERTY>
            <PROPERTY Class="Float" Name="Scale">1.0000000000000000</PROPERTY>
        </COMPONENT>
        <COMPONENT LinkID="100" Class="NiSceneGraphComponent" Name="Scene Graph">
            <PROPERTY Class="String" Name="NIF File Path" Asset="TRUE">.\..\02_Modeling\Block\015600\block\015601\Rag_OrcFlag1001_01.nif</PROPERTY>
        </COMPONENT>
        <COMPONENT LinkID="101" Class="NiGeneralComponent" Name="Hide Object" TemplateID="f6,46,16,db,61,92,23,47,b5,4a,da,2d,42,d7,85,b9">
            <PROPERTY Class="Float" Name="Alpha Value" SemanticType="Float" DisplayName="Alpha Value" Description="">0.4000000059604645</PROPERTY>
            <PROPERTY Class="Boolean" Name="Alpha Enable" SemanticType="Boolean" DisplayName="Alpha Enable" Description="">FALSE</PROPERTY>
            <PROPERTY Class="Boolean" Name="Hide Object" SemanticType="Boolean" DisplayName="Hide Object" Description="">FALSE</PROPERTY>
        </COMPONENT>
        <COMPONENT LinkID="102" Class="NiTransformationComponent" Name="Transformation">
            <PROPERTY Class="Point3" Name="Translation">-17170.4140625000000000, 3818.8056640625000000, -565.7815551757812500</PROPERTY>
            <PROPERTY Class="Matrix3" Name="Rotation">
                <ROW>-0.1510383039712906, -0.9819865822792053, 0.1135335937142372</ROW>
                <ROW>0.9782917499542236, -0.1649705171585083, -0.1254193037748337</ROW>
                <ROW>0.1418897509574890, 0.0921258553862572, 0.9855862259864807</ROW>
            </PROPERTY>
            <PROPERTY Class="Float" Name="Scale">1.5281325578689575</PROPERTY>
        </COMPONENT>
        <COMPONENT LinkID="103" Class="NiSceneGraphComponent" Name="Scene Graph" MasterLinkID="100" />
