<?xml version="1.0" ?>
<GSA Major="1" Minor="0" Patch="0">
    <PALETTES_DIRECTORY>
        <PALETTE_DIR IDX="0" DIRECTORY=".\..\..\..\01_Ingrid\01_Level\..\..\..\..\..\ToolBin\SceneDesigner\Release\Data\" />
        <PALETTE_DIR IDX="1" DIRECTORY=".\..\..\..\01_Ingrid\01_Level\..\..\Palettes\" />
        <PALETTE_DIR IDX="2" DIRECTORY=".\..\..\..\Palettes\" />
    </PALETTES_DIRECTORY>
    <PALETTES>
        <PALETTE NAME="Default" DIR_IDX="0" />
        <PALETTE NAME="General" DIR_IDX="1" />
        <PALETTE NAME="Block" DIR_IDX="1" />
        <PALETTE NAME="Object" DIR_IDX="1" />
        <PALETTE NAME="Effect" DIR_IDX="1" />
        <PALETTE NAME="PVP" DIR_IDX="2" />
        <PALETTE NAME="Event" DIR_IDX="2" />
    </PALETTES>
    <OBJECTS>
        <ENTITY LinkID="0" Class="NiGeneralEntity" Name="Art_Wine1001_01 08" Type="Object" UsePhysX="FALSE" PostfixTexture="" Optimization="0" AlphaGroup="1" RandomAni="FALSE" TemplateID="1,d7,ca,d5,20,79,f8,40,a6,1e,62,6a,f7,2,ca,aa" MasterLinkID="1">
            <COMPONENT RefLinkID="4" />
            <COMPONENT RefLinkID="5" />
        </ENTITY>
        <ENTITY LinkID="1" Class="NiGeneralEntity" Name="[Object]props.Art_Wine1001_01" TemplateID="1,d7,ca,d5,20,79,f8,40,a6,1e,62,6a,f7,2,ca,aa">
            <COMPONENT RefLinkID="2" />
            <COMPONENT RefLinkID="3" />
        </ENTITY>
        <COMPONENT LinkID="2" Class="NiTransformationComponent" Name="Transformation">
            <PROPERTY Class="Point3" Name="Translation">0.0000000000000000, 0.0000000000000000, 0.0000000000000000</PROPERTY>
            <PROPERTY Class="Matrix3" Name="Rotation">
                <ROW>1.0000000000000000, 0.0000000000000000, 0.0000000000000000</ROW>
                <ROW>0.0000000000000000, 1.0000000000000000, 0.0000000000000000</ROW>
                <ROW>0.0000000000000000, 0.0000000000000000, 1.0000000000000000</ROW>
            </PROPERTY>
            <PROPERTY Class="Float" Name="Scale">1.0000000000000000</PROPERTY>
        </COMPONENT>
        <COMPONENT LinkID="3" Class="NiSceneGraphComponent" Name="Scene Graph">
            <PROPERTY Class="String" Name="NIF File Path" Asset="TRUE">.\..\..\..\00_Object\props\Art_Wine1001_01.nif</PROPERTY>
        </COMPONENT>
        <COMPONENT LinkID="4" Class="NiTransformationComponent" Name="Transformation">
            <PROPERTY Class="Point3" Name="Translation">-4203.9477539062500000, 674.5972900390625000, 1180.3276367187500000</PROPERTY>
            <PROPERTY Class="Matrix3" Name="Rotation">
                <ROW>0.9033977985382080, 0.4288034439086914, 0.0000000000000000</ROW>
                <ROW>-0.4288034439086914, 0.9033977985382080, 0.0000000000000000</ROW>
                <ROW>0.0000000000000000, 0.0000000000000000, 1.0000000000000000</ROW>
            </PROPERTY>
            <PROPERTY Class="Float" Name="Scale">0.9890586733818054</PROPERTY>
        </COMPONENT>
        <COMPONENT LinkID="5" Class="NiSceneGraphComponent" Name="Scene Graph" MasterLinkID="3" />
        <ENTITY LinkID="6" Class="NiGeneralEntity" Name="Art_Wine1001_01 07" Type="Object" UsePhysX="FALSE" PostfixTexture="" Optimization="0" AlphaGroup="1" RandomAni="FALSE" TemplateID="1,d7,ca,d5,20,79,f8,40,a6,1e,62,6a,f7,2,ca,aa" MasterLinkID="1">
            <COMPONENT RefLinkID="7" />
            <COMPONENT RefLinkID="8" />
        </ENTITY>
        <COMPONENT LinkID="7" Class="NiTransformationComponent" Name="Transformation">
            <PROPERTY Class="Point3" Name="Translation">-4196.6616210937500000, 679.3319702148437500, 1180.3273925781250000</PROPERTY>
            <PROPERTY Class="Matrix3" Name="Rotation">
                <ROW>0.9033977985382080, 0.4288034439086914, 0.0000000000000000</ROW>
                <ROW>-0.4288034439086914, 0.9033977985382080, 0.0000000000000000</ROW>
                <ROW>0.0000000000000000, 0.0000000000000000, 1.0000000000000000</ROW>
            </PROPERTY>
            <PROPERTY Class="Float" Name="Scale">0.9890586733818054</PROPERTY>
        </COMPONENT>
        <COMPONENT LinkID="8" Class="NiSceneGraphComponent" Name="Scene Graph" MasterLinkID="3" />
        <ENTITY LinkID="9" Class="NiGeneralEntity" Name="Art_SmallBook1001_01 06" Type="Object" UsePhysX="FALSE" PostfixTexture="" Optimization="0" AlphaGroup="1" RandomAni="FALSE" TemplateID="a1,59,c5,71,4a,82,b2,44,ab,cb,10,ce,da,9,fa,d6" MasterLinkID="10">
            <COMPONENT RefLinkID="13" />
            <COMPONENT RefLinkID="14" />
        </ENTITY>
        <ENTITY LinkID="10" Class="NiGeneralEntity" Name="[Object]props.Art_SmallBook1001_01" TemplateID="a1,59,c5,71,4a,82,b2,44,ab,cb,10,ce,da,9,fa,d6">
            <COMPONENT RefLinkID="11" />
            <COMPONENT RefLinkID="12" />
        </ENTITY>
        <COMPONENT LinkID="11" Class="NiTransformationComponent" Name="Transformation">
            <PROPERTY Class="Point3" Name="Translation">0.0000000000000000, 0.0000000000000000, 0.0000000000000000</PROPERTY>
            <PROPERTY Class="Matrix3" Name="Rotation">
                <ROW>1.0000000000000000, 0.0000000000000000, 0.0000000000000000</ROW>
                <ROW>0.0000000000000000, 1.0000000000000000, 0.0000000000000000</ROW>
                <ROW>0.0000000000000000, 0.0000000000000000, 1.0000000000000000</ROW>
            </PROPERTY>
            <PROPERTY Class="Float" Name="Scale">1.0000000000000000</PROPERTY>
        </COMPONENT>
        <COMPONENT LinkID="12" Class="NiSceneGraphComponent" Name="Scene Graph">
            <PROPERTY Class="String" Name="NIF File Path" Asset="TRUE">.\..\..\..\00_Object\props\Art_SmallBook1001_01.nif</PROPERTY>
        </COMPONENT>
        <COMPONENT LinkID="13" Class="NiTransformationComponent" Name="Transformation">
            <PROPERTY Class="Point3" Name="Translation">-4177.8154296875000000, 677.4872436523437500, 1182.1088867187500000</PROPERTY>
            <PROPERTY Class="Matrix3" Name="Rotation">
                <ROW>-0.9962722659111023, 0.0862626880407333, 0.0000000000000000</ROW>
                <ROW>-0.0862626880407333, -0.9962722659111023, 0.0000000000000000</ROW>
                <ROW>0.0000000000000000, 0.0000000000000000, 1.0000000000000000</ROW>
            </PROPERTY>
            <PROPERTY Class="Float" Name="Scale">1.4564261436462402</PROPERTY>
        </COMPONENT>
        <COMPONENT LinkID="14" Class="NiSceneGraphComponent" Name="Scene Graph" MasterLinkID="12" />
        <ENTITY LinkID="15" Class="NiGeneralEntity" Name="Art_Wine1001_01 09" Type="Object" UsePhysX="FALSE" PostfixTexture="" Optimization="0" AlphaGroup="1" RandomAni="FALSE" TemplateID="1,d7,ca,d5,20,79,f8,40,a6,1e,62,6a,f7,2,ca,aa" MasterLinkID="1">
            <COMPONENT RefLinkID="16" />
            <COMPONENT RefLinkID="17" />
        </ENTITY>
        <COMPONENT LinkID="16" Class="NiTransformationComponent" Name="Transformation">
            <PROPERTY Class="Point3" Name="Translation">-4189.7709960937500000, 667.8683471679687500, 1185.3321533203125000</PROPERTY>
            <PROPERTY Class="Matrix3" Name="Rotation">
                <ROW>0.0107766631990671, -0.0253826379776001, -0.9996195435523987</ROW>
                <ROW>0.0002736267924774, 0.9996778964996338, -0.0253809876739979</ROW>
                <ROW>0.9999418854713440, 0.0000000000000000, 0.0107801379635930</ROW>
            </PROPERTY>
            <PROPERTY Class="Float" Name="Scale">0.9890586733818054</PROPERTY>
        </COMPONENT>
        <COMPONENT LinkID="17" Class="NiSceneGraphComponent" Name="Scene Graph" MasterLinkID="3" />
        <ENTITY LinkID="18" Class="NiGeneralEntity" Name="Art_DragonTowerTable2001_01 02" Type="Object" UsePhysX="FALSE" PostfixTexture="" Optimization="0" AlphaGroup="1" RandomAni="FALSE" TemplateID="2f,cd,da,8b,cc,8f,67,4c,a2,54,3c,7,40,c4,9,f3" MasterLinkID="19">
            <COMPONENT RefLinkID="22" />
            <COMPONENT RefLinkID="23" />
        </ENTITY>
        <ENTITY LinkID="19" Class="NiGeneralEntity" Name="[Object]Furniture.Art_DragonTowerTable2001_01" TemplateID="2f,cd,da,8b,cc,8f,67,4c,a2,54,3c,7,40,c4,9,f3">
            <COMPONENT RefLinkID="20" />
            <COMPONENT RefLinkID="21" />
        </ENTITY>
        <COMPONENT LinkID="20" Class="NiTransformationComponent" Name="Transformation">
            <PROPERTY Class="Point3" Name="Translation">0.0000000000000000, 0.0000000000000000, 0.0000000000000000</PROPERTY>
            <PROPERTY Class="Matrix3" Name="Rotation">
                <ROW>1.0000000000000000, 0.0000000000000000, 0.0000000000000000</ROW>
                <ROW>0.0000000000000000, 1.0000000000000000, 0.0000000000000000</ROW>
                <ROW>0.0000000000000000, 0.0000000000000000, 1.0000000000000000</ROW>
            </PROPERTY>
            <PROPERTY Class="Float" Name="Scale">1.0000000000000000</PROPERTY>
        </COMPONENT>
        <COMPONENT LinkID="21" Class="NiSceneGraphComponent" Name="Scene Graph">
            <PROPERTY Class="String" Name="NIF File Path" Asset="TRUE">.\..\..\..\00_Object\Furniture\Art_DragonTowerTable2001_01.nif</PROPERTY>
        </COMPONENT>
        <COMPONENT LinkID="22" Class="NiTransformationComponent" Name="Transformation">
            <PROPERTY Class="Point3" Name="Translation">-4188.9731445312500000, 670.6164550781250000, 1158.8358154296875000</PROPERTY>
            <PROPERTY Class="Matrix3" Name="Rotation">
                <ROW>0.8153023123741150, -0.5790355205535889, 0.0000000000000000</ROW>
                <ROW>0.5790355205535889, 0.8153023123741150, 0.0000000000000000</ROW>
                <ROW>0.0000000000000000, 0.0000000000000000, 1.0000000000000000</ROW>
            </PROPERTY>
            <PROPERTY Class="Float" Name="Scale">0.9890586733818054</PROPERTY>
        </COMPONENT>
        <COMPONENT LinkID="23" Class="NiSceneGraphComponent" Name="Scene Graph" MasterLinkID="21" />
        <ENTITY LinkID="24" Class="NiGeneralEntity" Name="Art_DragonTowerChair2001_01 02" Type="Object" UsePhysX="FALSE" PostfixTexture="" Optimization="0" AlphaGroup="1" RandomAni="FALSE" TemplateID="e7,51,1a,6,aa,a2,6,4d,b5,9b,4c,1e,16,b7,1d,2c" MasterLinkID="25">
            <COMPONENT RefLinkID="28" />
            <COMPONENT RefLinkID="29" />
        </ENTITY>
        <ENTITY LinkID="25" Class="NiGeneralEntity" Name="[Object]Furniture.Art_DragonTowerChair2001_01" TemplateID="e7,51,1a,6,aa,a2,6,4d,b5,9b,4c,1e,16,b7,1d,2c">
            <COMPONENT RefLinkID="26" />
            <COMPONENT RefLinkID="27" />
        </ENTITY>
        <COMPONENT LinkID="26" Class="NiTransformationComponent" Name="Transformation">
            <PROPERTY Class="Point3" Name="Translation">0.0000000000000000, 0.0000000000000000, 0.0000000000000000</PROPERTY>
            <PROPERTY Class="Matrix3" Name="Rotation">
                <ROW>1.0000000000000000, 0.0000000000000000, 0.0000000000000000</ROW>
                <ROW>0.0000000000000000, 1.0000000000000000, 0.0000000000000000</ROW>
                <ROW>0.0000000000000000, 0.0000000000000000, 1.0000000000000000</ROW>
            </PROPERTY>
            <PROPERTY Class="Float" Name="Scale">1.0000000000000000</PROPERTY>
        </COMPONENT>
        <COMPONENT LinkID="27" Class="NiSceneGraphComponent" Name="Scene Graph">
            <PROPERTY Class="String" Name="NIF File Path" Asset="TRUE">.\..\..\..\00_Object\Furniture\Art_DragonTowerChair2001_01.nif</PROPERTY>
        </COMPONENT>
        <COMPONENT LinkID="28" Class="NiTransformationComponent" Name="Transformation">
            <PROPERTY Class="Point3" Name="Translation">-4219.4780273437500000, 707.1607055664062500, 1157.7159423828125000</PROPERTY>
            <PROPERTY Class="Matrix3" Name="Rotation">
                <ROW>0.8153023123741150, -0.5790355205535889, 0.0000000000000000</ROW>
                <ROW>0.5790355205535889, 0.8153023123741150, 0.0000000000000000</ROW>
                <ROW>0.0000000000000000, 0.0000000000000000, 1.0000000000000000</ROW>
            </PROPERTY>
            <PROPERTY Class="Float" Name="Scale">0.9890586733818054</PROPERTY>
        </COMPONENT>
        <COMPONENT LinkID="29" Class="NiSceneGraphComponent" Name="Scene Graph" MasterLinkID="27" />
        <ENTITY LinkID="30" Class="NiGeneralEntity" Name="Art_DragonTowerChair1001_01 04" Type="Object" UsePhysX="FALSE" PostfixTexture="" Optimization="0" AlphaGroup="1" RandomAni="FALSE" TemplateID="6a,ab,70,3f,99,32,b8,4a,87,4c,ba,e2,8d,81,eb,24" MasterLinkID="31">
            <COMPONENT RefLinkID="34" />
            <COMPONENT RefLinkID="35" />
        </ENTITY>
        <ENTITY LinkID="31" Class="NiGeneralEntity" Name="[Object]Furniture.Art_DragonTowerChair1001_01" TemplateID="6a,ab,70,3f,99,32,b8,4a,87,4c,ba,e2,8d,81,eb,24">
            <COMPONENT RefLinkID="32" />
            <COMPONENT RefLinkID="33" />
        </ENTITY>
        <COMPONENT LinkID="32" Class="NiTransformationComponent" Name="Transformation">
            <PROPERTY Class="Point3" Name="Translation">0.0000000000000000, 0.0000000000000000, 0.0000000000000000</PROPERTY>
            <PROPERTY Class="Matrix3" Name="Rotation">
                <ROW>1.0000000000000000, 0.0000000000000000, 0.0000000000000000</ROW>
                <ROW>0.0000000000000000, 1.0000000000000000, 0.0000000000000000</ROW>
                <ROW>0.0000000000000000, 0.0000000000000000, 1.0000000000000000</ROW>
            </PROPERTY>
            <PROPERTY Class="Float" Name="Scale">1.0000000000000000</PROPERTY>
        </COMPONENT>
        <COMPONENT LinkID="33" Class="NiSceneGraphComponent" Name="Scene Graph">
            <PROPERTY Class="String" Name="NIF File Path" Asset="TRUE">.\..\..\..\00_Object\Furniture\Art_DragonTowerChair1001_01.nif</PROPERTY>
        </COMPONENT>
        <COMPONENT LinkID="34" Class="NiTransformationComponent" Name="Transformation">
            <PROPERTY Class="Point3" Name="Translation">-4230.6621093750000000, 647.8613891601562500, 1158.8548583984375000</PROPERTY>
            <PROPERTY Class="Matrix3" Name="Rotation">
                <ROW>-0.9989668130874634, -0.0454463660717011, 0.0000000000000000</ROW>
                <ROW>0.0454463660717011, -0.9989668130874634, 0.0000000000000000</ROW>
                <ROW>0.0000000000000000, 0.0000000000000000, 1.0000000000000000</ROW>
            </PROPERTY>
            <PROPERTY Class="Float" Name="Scale">0.9890586733818054</PROPERTY>
        </COMPONENT>
        <COMPONENT LinkID="35" Class="NiSceneGraphComponent" Name="Scene Graph" MasterLinkID="33" />
        <ENTITY LinkID="36" Class="NiGeneralEntity" Name="Art_DragonTowerChair1001_01 03" Type="Object" UsePhysX="FALSE" PostfixTexture="" Optimization="0" AlphaGroup="1" RandomAni="FALSE" TemplateID="6a,ab,70,3f,99,32,b8,4a,87,4c,ba,e2,8d,81,eb,24" MasterLinkID="31">
            <COMPONENT RefLinkID="37" />
            <COMPONENT RefLinkID="38" />
        </ENTITY>
        <COMPONENT LinkID="37" Class="NiTransformationComponent" Name="Transformation">
            <PROPERTY Class="Point3" Name="Translation">-4155.7924804687500000, 693.3133544921875000, 1158.6337890625000000</PROPERTY>
            <PROPERTY Class="Matrix3" Name="Rotation">
                <ROW>0.8153023123741150, -0.5790355205535889, 0.0000000000000000</ROW>
                <ROW>0.5790355205535889, 0.8153023123741150, 0.0000000000000000</ROW>
                <ROW>0.0000000000000000, 0.0000000000000000, 1.0000000000000000</ROW>
            </PROPERTY>
            <PROPERTY Class="Float" Name="Scale">0.9890586733818054</PROPERTY>
        </COMPONENT>
        <COMPONENT LinkID="38" Class="NiSceneGraphComponent" Name="Scene Graph" MasterLinkID="33" />
        <ENTITY LinkID="39" Class="NiGeneralEntity" Name="Art_BookStand1001_01 03" Type="Object" UsePhysX="FALSE" PostfixTexture="" Optimization="0" AlphaGroup="1" RandomAni="FALSE" TemplateID="7e,6a,6b,ae,82,e,69,4e,a9,34,cb,e3,8,65,a4,2a" MasterLinkID="40">
            <COMPONENT RefLinkID="43" />
            <COMPONENT RefLinkID="44" />
        </ENTITY>
        <ENTITY LinkID="40" Class="NiGeneralEntity" Name="[Object]Furniture.Art_BookStand1001_01" TemplateID="7e,6a,6b,ae,82,e,69,4e,a9,34,cb,e3,8,65,a4,2a">
            <COMPONENT RefLinkID="41" />
            <COMPONENT RefLinkID="42" />
        </ENTITY>
        <COMPONENT LinkID="41" Class="NiTransformationComponent" Name="Transformation">
            <PROPERTY Class="Point3" Name="Translation">0.0000000000000000, 0.0000000000000000, 0.0000000000000000</PROPERTY>
            <PROPERTY Class="Matrix3" Name="Rotation">
                <ROW>1.0000000000000000, 0.0000000000000000, 0.0000000000000000</ROW>
                <ROW>0.0000000000000000, 1.0000000000000000, 0.0000000000000000</ROW>
                <ROW>0.0000000000000000, 0.0000000000000000, 1.0000000000000000</ROW>
            </PROPERTY>
            <PROPERTY Class="Float" Name="Scale">1.0000000000000000</PROPERTY>
        </COMPONENT>
        <COMPONENT LinkID="42" Class="NiSceneGraphComponent" Name="Scene Graph">
            <PROPERTY Class="String" Name="NIF File Path" Asset="TRUE">.\..\..\..\00_Object\Furniture\Art_BookStand1001_01.nif</PROPERTY>
        </COMPONENT>
        <COMPONENT LinkID="43" Class="NiTransformationComponent" Name="Transformation">
            <PROPERTY Class="Point3" Name="Translation">-4200.6352539062500000, 760.7372436523437500, 1156.8070068359375000</PROPERTY>
            <PROPERTY Class="Matrix3" Name="Rotation">
                <ROW>0.9749394059181213, -0.2224707007408142, 0.0000000000000000</ROW>
                <ROW>0.2224707007408142, 0.9749394059181213, 0.0000000000000000</ROW>
                <ROW>0.0000000000000000, 0.0000000000000000, 1.0000000000000000</ROW>
            </PROPERTY>
            <PROPERTY Class="Float" Name="Scale">0.7912469506263733</PROPERTY>
        </COMPONENT>
        <COMPONENT LinkID="44" Class="NiSceneGraphComponent" Name="Scene Graph" MasterLinkID="42" />
        <ENTITY LinkID="45" Class="NiGeneralEntity" Name="Art_BookStand1001_01 04" Type="Object" UsePhysX="FALSE" PostfixTexture="" Optimization="0" AlphaGroup="1" RandomAni="FALSE" TemplateID="7e,6a,6b,ae,82,e,69,4e,a9,34,cb,e3,8,65,a4,2a" MasterLinkID="40">
            <COMPONENT RefLinkID="46" />
            <COMPONENT RefLinkID="47" />
        </ENTITY>
        <COMPONENT LinkID="46" Class="NiTransformationComponent" Name="Transformation">
            <PROPERTY Class="Point3" Name="Translation">-4260.8305664062500000, 732.9414672851562500, 1156.8070068359375000</PROPERTY>
            <PROPERTY Class="Matrix3" Name="Rotation">
                <ROW>0.8051455616950989, -0.5930773615837097, 0.0000000000000000</ROW>
                <ROW>0.5930773615837097, 0.8051455616950989, 0.0000000000000000</ROW>
                <ROW>0.0000000000000000, 0.0000000000000000, 1.0000000000000000</ROW>
            </PROPERTY>
            <PROPERTY Class="Float" Name="Scale">0.7912469506263733</PROPERTY>
        </COMPONENT>
        <COMPONENT LinkID="47" Class="NiSceneGraphComponent" Name="Scene Graph" MasterLinkID="42" />
        <ENTITY LinkID="48" Class="NiGeneralEntity" Name="Art_Tablewood2001_01 04" Type="Object" UsePhysX="FALSE" PostfixTexture="" Optimization="0" AlphaGroup="1" RandomAni="FALSE" TemplateID="c0,e3,95,44,96,6a,34,40,be,31,bf,95,30,71,8b,b" MasterLinkID="49">
            <COMPONENT RefLinkID="53" />
            <COMPONENT RefLinkID="54" />
            <COMPONENT RefLinkID="55" />
        </ENTITY>
        <ENTITY LinkID="49" Class="NiGeneralEntity" Name="[Object]Furniture.Art_Tablewood2001_01" TemplateID="c0,e3,95,44,96,6a,34,40,be,31,bf,95,30,71,8b,b">
            <COMPONENT RefLinkID="50" />
            <COMPONENT RefLinkID="51" />
            <COMPONENT RefLinkID="52" />
        </ENTITY>
        <COMPONENT LinkID="50" Class="NiTransformationComponent" Name="Transformation">
            <PROPERTY Class="Point3" Name="Translation">0.0000000000000000, 0.0000000000000000, 0.0000000000000000</PROPERTY>
            <PROPERTY Class="Matrix3" Name="Rotation">
                <ROW>1.0000000000000000, 0.0000000000000000, 0.0000000000000000</ROW>
                <ROW>0.0000000000000000, 1.0000000000000000, 0.0000000000000000</ROW>
                <ROW>0.0000000000000000, 0.0000000000000000, 1.0000000000000000</ROW>
            </PROPERTY>
            <PROPERTY Class="Float" Name="Scale">1.0000000000000000</PROPERTY>
        </COMPONENT>
        <COMPONENT LinkID="51" Class="NiSceneGraphComponent" Name="Scene Graph">
            <PROPERTY Class="String" Name="NIF File Path" Asset="TRUE">.\..\..\..\00_Object\Furniture\Art_Tablewood2001_01.nif</PROPERTY>
        </COMPONENT>
        <COMPONENT LinkID="52" Class="NiGeneralComponent" Name="Hide Object" TemplateID="f6,46,16,db,61,92,23,47,b5,4a,da,2d,42,d7,85,b9">
            <PROPERTY Class="Float" Name="Alpha Value" SemanticType="Float" DisplayName="Alpha Value" Description="">0.4000000059604645</PROPERTY>
            <PROPERTY Class="Boolean" Name="Alpha Enable" SemanticType="Boolean" DisplayName="Alpha Enable" Description="">FALSE</PROPERTY>
            <PROPERTY Class="Boolean" Name="Hide Object" SemanticType="Boolean" DisplayName="Hide Object" Description="">FALSE</PROPERTY>
        </COMPONENT>
        <COMPONENT LinkID="53" Class="NiTransformationComponent" Name="Transformation">
            <PROPERTY Class="Point3" Name="Translation">-4145.2514648437500000, 771.8880004882812500, 1165.5799560546875000</PROPERTY>
            <PROPERTY Class="Matrix3" Name="Rotation">
                <ROW>0.3554457128047943, 0.9346969127655029, 0.0000000000000000</ROW>
                <ROW>-0.9346969127655029, 0.3554457128047943, 0.0000000000000000</ROW>
                <ROW>0.0000000000000000, 0.0000000000000000, 1.0000000000000000</ROW>
            </PROPERTY>
            <PROPERTY Class="Float" Name="Scale">1.2612922191619873</PROPERTY>
        </COMPONENT>
        <COMPONENT LinkID="54" Class="NiSceneGraphComponent" Name="Scene Graph" MasterLinkID="51" />
        <COMPONENT LinkID="55" Class="NiGeneralComponent" Name="Hide Object" TemplateID="f6,46,16,db,61,92,23,47,b5,4a,da,2d,42,d7,85,b9" MasterLinkID="52" />
        <ENTITY LinkID="56" Class="NiGeneralEntity" Name="Art_SmallBook1001_01 07" Type="Object" UsePhysX="FALSE" PostfixTexture="" Optimization="0" AlphaGroup="1" RandomAni="FALSE" TemplateID="a1,59,c5,71,4a,82,b2,44,ab,cb,10,ce,da,9,fa,d6" MasterLinkID="10">
            <COMPONENT RefLinkID="57" />
            <COMPONENT RefLinkID="58" />
        </ENTITY>
        <COMPONENT LinkID="57" Class="NiTransformationComponent" Name="Transformation">
            <PROPERTY Class="Point3" Name="Translation">-4121.9819335937500000, 760.8394165039062500, 1191.0959472656250000</PROPERTY>
            <PROPERTY Class="Matrix3" Name="Rotation">
                <ROW>0.9790424704551697, 0.2036565989255905, 0.0000000000000000</ROW>
                <ROW>-0.2036565989255905, 0.9790424704551697, 0.0000000000000000</ROW>
                <ROW>0.0000000000000000, 0.0000000000000000, 1.0000000000000000</ROW>
            </PROPERTY>
            <PROPERTY Class="Float" Name="Scale">1.4564261436462402</PROPERTY>
        </COMPONENT>
        <COMPONENT LinkID="58" Class="NiSceneGraphComponent" Name="Scene Graph" MasterLinkID="12" />
        <ENTITY LinkID="59" Class="NiGeneralEntity" Name="Art_MagicSak1001_01 08" Type="Object" UsePhysX="FALSE" PostfixTexture="" Optimization="0" AlphaGroup="1" RandomAni="FALSE" TemplateID="f7,2a,8a,71,58,d3,d5,4f,b6,42,ac,a,a4,ff,d4,bf" MasterLinkID="60">
            <COMPONENT RefLinkID="63" />
            <COMPONENT RefLinkID="64" />
        </ENTITY>
        <ENTITY LinkID="60" Class="NiGeneralEntity" Name="[Object]props.Art_MagicSak1001_01" TemplateID="f7,2a,8a,71,58,d3,d5,4f,b6,42,ac,a,a4,ff,d4,bf">
            <COMPONENT RefLinkID="61" />
            <COMPONENT RefLinkID="62" />
        </ENTITY>
        <COMPONENT LinkID="61" Class="NiTransformationComponent" Name="Transformation">
            <PROPERTY Class="Point3" Name="Translation">0.0000000000000000, 0.0000000000000000, 0.0000000000000000</PROPERTY>
            <PROPERTY Class="Matrix3" Name="Rotation">
                <ROW>1.0000000000000000, 0.0000000000000000, 0.0000000000000000</ROW>
                <ROW>0.0000000000000000, 1.0000000000000000, 0.0000000000000000</ROW>
                <ROW>0.0000000000000000, 0.0000000000000000, 1.0000000000000000</ROW>
            </PROPERTY>
            <PROPERTY Class="Float" Name="Scale">1.0000000000000000</PROPERTY>
        </COMPONENT>
        <COMPONENT LinkID="62" Class="NiSceneGraphComponent" Name="Scene Graph">
            <PROPERTY Class="String" Name="NIF File Path" Asset="TRUE">.\..\..\..\00_Object\props\Art_MagicSak1001_01.nif</PROPERTY>
        </COMPONENT>
        <COMPONENT LinkID="63" Class="NiTransformationComponent" Name="Transformation">
            <PROPERTY Class="Point3" Name="Translation">-4137.6743164062500000, 785.1736450195312500, 1193.5598144531250000</PROPERTY>
            <PROPERTY Class="Matrix3" Name="Rotation">
                <ROW>-0.1528120189905167, -0.7942102551460266, 0.5881143808364868</ROW>
                <ROW>0.3869759738445282, -0.5956707000732422, -0.7038651108741760</ROW>
                <ROW>0.9093393683433533, 0.1200271248817444, 0.3983658850193024</ROW>
            </PROPERTY>
            <PROPERTY Class="Float" Name="Scale">0.5884543657302856</PROPERTY>
        </COMPONENT>
        <COMPONENT LinkID="64" Class="NiSceneGraphComponent" Name="Scene Graph" MasterLinkID="62" />
        <ENTITY LinkID="65" Class="NiGeneralEntity" Name="Art_MagicSak1001_01 07" Type="Object" UsePhysX="FALSE" PostfixTexture="" Optimization="0" AlphaGroup="1" RandomAni="FALSE" TemplateID="f7,2a,8a,71,58,d3,d5,4f,b6,42,ac,a,a4,ff,d4,bf" MasterLinkID="60">
            <COMPONENT RefLinkID="66" />
            <COMPONENT RefLinkID="67" />
        </ENTITY>
        <COMPONENT LinkID="66" Class="NiTransformationComponent" Name="Transformation">
            <PROPERTY Class="Point3" Name="Translation">-4144.2836914062500000, 775.6486206054687500, 1190.5113525390625000</PROPERTY>
            <PROPERTY Class="Matrix3" Name="Rotation">
                <ROW>0.9783405661582947, -0.2070024758577347, 0.0000000000000000</ROW>
                <ROW>0.2070024758577347, 0.9783405661582947, 0.0000000000000000</ROW>
                <ROW>0.0000000000000000, 0.0000000000000000, 1.0000000000000000</ROW>
            </PROPERTY>
            <PROPERTY Class="Float" Name="Scale">0.5884543657302856</PROPERTY>
        </COMPONENT>
        <COMPONENT LinkID="67" Class="NiSceneGraphComponent" Name="Scene Graph" MasterLinkID="62" />
        <ENTITY LinkID="68" Class="NiGeneralEntity" Name="Art_MagicScroll1001_01 04" Type="Object" UsePhysX="FALSE" PostfixTexture="" Optimization="0" AlphaGroup="1" RandomAni="FALSE" TemplateID="ee,55,f3,f1,d9,28,ff,48,b8,5b,d8,8,59,1e,6c,dd" MasterLinkID="69">
            <COMPONENT RefLinkID="72" />
            <COMPONENT RefLinkID="73" />
        </ENTITY>
        <ENTITY LinkID="69" Class="NiGeneralEntity" Name="[Object]props.Art_MagicScroll1001_01" TemplateID="ee,55,f3,f1,d9,28,ff,48,b8,5b,d8,8,59,1e,6c,dd">
            <COMPONENT RefLinkID="70" />
            <COMPONENT RefLinkID="71" />
        </ENTITY>
        <COMPONENT LinkID="70" Class="NiTransformationComponent" Name="Transformation">
            <PROPERTY Class="Point3" Name="Translation">0.0000000000000000, 0.0000000000000000, 0.0000000000000000</PROPERTY>
            <PROPERTY Class="Matrix3" Name="Rotation">
                <ROW>1.0000000000000000, 0.0000000000000000, 0.0000000000000000</ROW>
                <ROW>0.0000000000000000, 1.0000000000000000, 0.0000000000000000</ROW>
                <ROW>0.0000000000000000, 0.0000000000000000, 1.0000000000000000</ROW>
            </PROPERTY>
            <PROPERTY Class="Float" Name="Scale">1.0000000000000000</PROPERTY>
        </COMPONENT>
        <COMPONENT LinkID="71" Class="NiSceneGraphComponent" Name="Scene Graph">
            <PROPERTY Class="String" Name="NIF File Path" Asset="TRUE">.\..\..\..\00_Object\props\Art_MagicScroll1001_01.nif</PROPERTY>
        </COMPONENT>
        <COMPONENT LinkID="72" Class="NiTransformationComponent" Name="Transformation">
            <PROPERTY Class="Point3" Name="Translation">-4158.9047851562500000, 792.7709350585937500, 1192.5603027343750000</PROPERTY>
            <PROPERTY Class="Matrix3" Name="Rotation">
                <ROW>0.9783405661582947, -0.2070024758577347, 0.0000000000000000</ROW>
                <ROW>0.2070024758577347, 0.9783405661582947, 0.0000000000000000</ROW>
                <ROW>0.0000000000000000, 0.0000000000000000, 1.0000000000000000</ROW>
            </PROPERTY>
            <PROPERTY Class="Float" Name="Scale">0.9890586733818054</PROPERTY>
        </COMPONENT>
        <COMPONENT LinkID="73" Class="NiSceneGraphComponent" Name="Scene Graph" MasterLinkID="71" />
        <ENTITY LinkID="74" Class="NiGeneralEntity" Name="Art_GoldCoin1001_01 04" Type="Object" UsePhysX="FALSE" PostfixTexture="" Optimization="0" AlphaGroup="1" RandomAni="FALSE" TemplateID="a0,1,78,ca,b6,ff,28,4b,97,6a,cf,71,12,3a,a0,0" MasterLinkID="75">
            <COMPONENT RefLinkID="78" />
            <COMPONENT RefLinkID="79" />
        </ENTITY>
        <ENTITY LinkID="75" Class="NiGeneralEntity" Name="[Object]props.Art_GoldCoin1001_01" TemplateID="a0,1,78,ca,b6,ff,28,4b,97,6a,cf,71,12,3a,a0,0">
            <COMPONENT RefLinkID="76" />
            <COMPONENT RefLinkID="77" />
        </ENTITY>
        <COMPONENT LinkID="76" Class="NiTransformationComponent" Name="Transformation">
            <PROPERTY Class="Point3" Name="Translation">0.0000000000000000, 0.0000000000000000, 0.0000000000000000</PROPERTY>
            <PROPERTY Class="Matrix3" Name="Rotation">
                <ROW>1.0000000000000000, 0.0000000000000000, 0.0000000000000000</ROW>
                <ROW>0.0000000000000000, 1.0000000000000000, 0.0000000000000000</ROW>
                <ROW>0.0000000000000000, 0.0000000000000000, 1.0000000000000000</ROW>
            </PROPERTY>
            <PROPERTY Class="Float" Name="Scale">1.0000000000000000</PROPERTY>
        </COMPONENT>
        <COMPONENT LinkID="77" Class="NiSceneGraphComponent" Name="Scene Graph">
            <PROPERTY Class="String" Name="NIF File Path" Asset="TRUE">.\..\..\..\00_Object\props\Art_GoldCoin1001_01.nif</PROPERTY>
        </COMPONENT>
        <COMPONENT LinkID="78" Class="NiTransformationComponent" Name="Transformation">
            <PROPERTY Class="Point3" Name="Translation">-4134.8427734375000000, 771.5051879882812500, 1191.4362792968750000</PROPERTY>
            <PROPERTY Class="Matrix3" Name="Rotation">
                <ROW>0.9783405661582947, -0.2066018432378769, -0.0128709096461535</ROW>
                <ROW>0.2070024758577347, 0.9764474630355835, 0.0608308315277100</ROW>
                <ROW>0.0000000000000000, -0.0621775798499584, 0.9980651140213013</ROW>
            </PROPERTY>
            <PROPERTY Class="Float" Name="Scale">0.3370869159698486</PROPERTY>
        </COMPONENT>
        <COMPONENT LinkID="79" Class="NiSceneGraphComponent" Name="Scene Graph" MasterLinkID="77" />
        <ENTITY LinkID="80" Class="NiGeneralEntity" Name="Art_BoxWood5001_01 04" Type="Object" UsePhysX="FALSE" PostfixTexture="" Optimization="0" AlphaGroup="1" RandomAni="FALSE" TemplateID="f8,9a,bc,8f,b4,45,84,40,a6,7d,a7,4,a1,28,89,a8" MasterLinkID="81">
            <COMPONENT RefLinkID="85" />
            <COMPONENT RefLinkID="86" />
            <COMPONENT RefLinkID="87" />
        </ENTITY>
        <ENTITY LinkID="81" Class="NiGeneralEntity" Name="[Object]Box.Art_BoxWood5001_01" TemplateID="f8,9a,bc,8f,b4,45,84,40,a6,7d,a7,4,a1,28,89,a8">
            <COMPONENT RefLinkID="82" />
            <COMPONENT RefLinkID="83" />
            <COMPONENT RefLinkID="84" />
        </ENTITY>
        <COMPONENT LinkID="82" Class="NiTransformationComponent" Name="Transformation">
            <PROPERTY Class="Point3" Name="Translation">0.0000000000000000, 0.0000000000000000, 0.0000000000000000</PROPERTY>
            <PROPERTY Class="Matrix3" Name="Rotation">
                <ROW>1.0000000000000000, 0.0000000000000000, 0.0000000000000000</ROW>
                <ROW>0.0000000000000000, 1.0000000000000000, 0.0000000000000000</ROW>
                <ROW>0.0000000000000000, 0.0000000000000000, 1.0000000000000000</ROW>
            </PROPERTY>
            <PROPERTY Class="Float" Name="Scale">1.0000000000000000</PROPERTY>
        </COMPONENT>
        <COMPONENT LinkID="83" Class="NiSceneGraphComponent" Name="Scene Graph">
            <PROPERTY Class="String" Name="NIF File Path" Asset="TRUE">.\..\..\..\00_Object\Box\Art_BoxWood5001_01.nif</PROPERTY>
        </COMPONENT>
        <COMPONENT LinkID="84" Class="NiGeneralComponent" Name="Hide Object" TemplateID="f6,46,16,db,61,92,23,47,b5,4a,da,2d,42,d7,85,b9">
            <PROPERTY Class="Float" Name="Alpha Value" SemanticType="Float" DisplayName="Alpha Value" Description="">0.4000000059604645</PROPERTY>
            <PROPERTY Class="Boolean" Name="Alpha Enable" SemanticType="Boolean" DisplayName="Alpha Enable" Description="">FALSE</PROPERTY>
            <PROPERTY Class="Boolean" Name="Hide Object" SemanticType="Boolean" DisplayName="Hide Object" Description="">FALSE</PROPERTY>
        </COMPONENT>
        <COMPONENT LinkID="85" Class="NiTransformationComponent" Name="Transformation">
            <PROPERTY Class="Point3" Name="Translation">-4245.0600585937500000, 579.0274047851562500, 1162.9210205078125000</PROPERTY>
            <PROPERTY Class="Matrix3" Name="Rotation">
                <ROW>0.4643004834651947, -0.8856775164604187, 0.0000000000000000</ROW>
                <ROW>0.8856775164604187, 0.4643004834651947, 0.0000000000000000</ROW>
                <ROW>0.0000000000000000, 0.0000000000000000, 1.0000000000000000</ROW>
            </PROPERTY>
            <PROPERTY Class="Float" Name="Scale">0.8931065797805786</PROPERTY>
        </COMPONENT>
        <COMPONENT LinkID="86" Class="NiSceneGraphComponent" Name="Scene Graph" MasterLinkID="83" />
        <COMPONENT LinkID="87" Class="NiGeneralComponent" Name="Hide Object" TemplateID="f6,46,16,db,61,92,23,47,b5,4a,da,2d,42,d7,85,b9" MasterLinkID="84" />
        <ENTITY LinkID="88" Class="NiGeneralEntity" Name="Art_Drum1001_02 08" Type="Object" UsePhysX="FALSE" PostfixTexture="" Optimization="0" AlphaGroup="1" RandomAni="FALSE" TemplateID="36,f9,16,c,6,c7,1b,4a,88,54,c9,fa,c5,4a,a3,ff" MasterLinkID="89">
            <COMPONENT RefLinkID="93" />
            <COMPONENT RefLinkID="94" />
            <COMPONENT RefLinkID="95" />
        </ENTITY>
        <ENTITY LinkID="89" Class="NiGeneralEntity" Name="[Object]Box.Art_Drum1001_02" TemplateID="36,f9,16,c,6,c7,1b,4a,88,54,c9,fa,c5,4a,a3,ff">
            <COMPONENT RefLinkID="90" />
            <COMPONENT RefLinkID="91" />
            <COMPONENT RefLinkID="92" />
        </ENTITY>
        <COMPONENT LinkID="90" Class="NiTransformationComponent" Name="Transformation">
            <PROPERTY Class="Point3" Name="Translation">0.0000000000000000, 0.0000000000000000, 0.0000000000000000</PROPERTY>
            <PROPERTY Class="Matrix3" Name="Rotation">
                <ROW>1.0000000000000000, 0.0000000000000000, 0.0000000000000000</ROW>
                <ROW>0.0000000000000000, 1.0000000000000000, 0.0000000000000000</ROW>
                <ROW>0.0000000000000000, 0.0000000000000000, 1.0000000000000000</ROW>
            </PROPERTY>
            <PROPERTY Class="Float" Name="Scale">1.0000000000000000</PROPERTY>
        </COMPONENT>
        <COMPONENT LinkID="91" Class="NiSceneGraphComponent" Name="Scene Graph">
            <PROPERTY Class="String" Name="NIF File Path" Asset="TRUE">.\..\..\..\00_Object\Box\Art_Drum1001_02.nif</PROPERTY>
        </COMPONENT>
        <COMPONENT LinkID="92" Class="NiGeneralComponent" Name="Hide Object" TemplateID="f6,46,16,db,61,92,23,47,b5,4a,da,2d,42,d7,85,b9">
            <PROPERTY Class="Float" Name="Alpha Value" SemanticType="Float" DisplayName="Alpha Value" Description="">0.4000000059604645</PROPERTY>
            <PROPERTY Class="Boolean" Name="Alpha Enable" SemanticType="Boolean" DisplayName="Alpha Enable" Description="">FALSE</PROPERTY>
            <PROPERTY Class="Boolean" Name="Hide Object" SemanticType="Boolean" DisplayName="Hide Object" Description="">FALSE</PROPERTY>
        </COMPONENT>
        <COMPONENT LinkID="93" Class="NiTransformationComponent" Name="Transformation">
            <PROPERTY Class="Point3" Name="Translation">-4277.1821289062500000, 591.3418579101562500, 1182.2999267578125000</PROPERTY>
            <PROPERTY Class="Matrix3" Name="Rotation">
                <ROW>-0.0000000424732960, -0.2363183051347733, 0.9716757535934448</ROW>
                <ROW>-0.0000000103298010, 0.9716757535934448, 0.2363183051347733</ROW>
                <ROW>-1.0000000000000000, 0.0000000000000000, -0.0000000437113883</ROW>
            </PROPERTY>
            <PROPERTY Class="Float" Name="Scale">0.6521867513656616</PROPERTY>
        </COMPONENT>
        <COMPONENT LinkID="94" Class="NiSceneGraphComponent" Name="Scene Graph" MasterLinkID="91" />
        <COMPONENT LinkID="95" Class="NiGeneralComponent" Name="Hide Object" TemplateID="f6,46,16,db,61,92,23,47,b5,4a,da,2d,42,d7,85,b9" MasterLinkID="92" />
        <ENTITY LinkID="96" Class="NiGeneralEntity" Name="Art_Drum1001_02 09" Type="Object" UsePhysX="FALSE" PostfixTexture="" Optimization="0" AlphaGroup="1" RandomAni="FALSE" TemplateID="36,f9,16,c,6,c7,1b,4a,88,54,c9,fa,c5,4a,a3,ff" MasterLinkID="89">
            <COMPONENT RefLinkID="97" />
            <COMPONENT RefLinkID="98" />
            <COMPONENT RefLinkID="99" />
        </ENTITY>
        <COMPONENT LinkID="97" Class="NiTransformationComponent" Name="Transformation">
            <PROPERTY Class="Point3" Name="Translation">-4303.2729492187500000, 630.5014648437500000, 1183.1433105468750000</PROPERTY>
            <PROPERTY Class="Matrix3" Name="Rotation">
                <ROW>-0.0000000424732960, -0.2363183051347733, 0.9716757535934448</ROW>
                <ROW>-0.0000000103298010, 0.9716757535934448, 0.2363183051347733</ROW>
                <ROW>-1.0000000000000000, 0.0000000000000000, -0.0000000437113883</ROW>
            </PROPERTY>
            <PROPERTY Class="Float" Name="Scale">0.8931065797805786</PROPERTY>
        </COMPONENT>
        <COMPONENT LinkID="98" Class="NiSceneGraphComponent" Name="Scene Graph" MasterLinkID="91" />
        <COMPONENT LinkID="99" Class="NiGeneralComponent" Name="Hide Object" TemplateID="f6,46,16,db,61,92,23,47,b5,4a,da,2d,42,d7,85,b9" MasterLinkID="92" />
        <ENTITY LinkID="100" Class="NiGeneralEntity" Name="Art_BoxSteel2002_01 03" Type="Object" UsePhysX="FALSE" PostfixTexture="" Optimization="0" AlphaGroup="1" RandomAni="FALSE" TemplateID="bb,f9,7f,b6,9a,43,d0,47,b6,57,d9,b,42,25,10,66" MasterLinkID="101">
            <COMPONENT RefLinkID="105" />
            <COMPONENT RefLinkID="106" />
            <COMPONENT RefLinkID="107" />
        </ENTITY>
        <ENTITY LinkID="101" Class="NiGeneralEntity" Name="[Object]Box.Art_BoxSteel2002_01" TemplateID="bb,f9,7f,b6,9a,43,d0,47,b6,57,d9,b,42,25,10,66">
            <COMPONENT RefLinkID="102" />
            <COMPONENT RefLinkID="103" />
            <COMPONENT RefLinkID="104" />
        </ENTITY>
        <COMPONENT LinkID="102" Class="NiTransformationComponent" Name="Transformation">
            <PROPERTY Class="Point3" Name="Translation">0.0000000000000000, 0.0000000000000000, 0.0000000000000000</PROPERTY>
            <PROPERTY Class="Matrix3" Name="Rotation">
                <ROW>1.0000000000000000, 0.0000000000000000, 0.0000000000000000</ROW>
                <ROW>0.0000000000000000, 1.0000000000000000, 0.0000000000000000</ROW>
                <ROW>0.0000000000000000, 0.0000000000000000, 1.0000000000000000</ROW>
            </PROPERTY>
            <PROPERTY Class="Float" Name="Scale">1.0000000000000000</PROPERTY>
        </COMPONENT>
        <COMPONENT LinkID="103" Class="NiSceneGraphComponent" Name="Scene Graph">
