<?xml version="1.0" ?>
<GSA Major="1" Minor="0" Patch="0">
    <PALETTES_DIRECTORY>
        <PALETTE_DIR IDX="0" DIRECTORY=".\..\..\03_Solaiden\200_Hidden\..\..\Palettes\" />
    </PALETTES_DIRECTORY>
    <PALETTES>
        <PALETTE NAME="Block" DIR_IDX="0" />
        <PALETTE NAME="Effect" DIR_IDX="0" />
        <PALETTE NAME="General" DIR_IDX="0" />
        <PALETTE NAME="Object" DIR_IDX="0" />
    </PALETTES>
    <OBJECTS>
        <ENTITY LinkID="0" Class="NiGeneralEntity" Name="MissionPortal_910600 01" Type="Object" UsePhysX="FALSE" PostfixTexture="" Optimization="0" AlphaGroup="1" RandomAni="FALSE" TemplateID="7f,94,9a,df,90,5d,e1,41,a4,54,21,4f,38,3d,f2,9d" MasterLinkID="1">
            <COMPONENT RefLinkID="5" />
            <COMPONENT RefLinkID="6" />
            <COMPONENT RefLinkID="7" />
        </ENTITY>
        <ENTITY LinkID="1" Class="NiGeneralEntity" Name="[Object]Portal.MissionPortal_910600" TemplateID="7f,94,9a,df,90,5d,e1,41,a4,54,21,4f,38,3d,f2,9d">
            <COMPONENT RefLinkID="2" />
            <COMPONENT RefLinkID="3" />
            <COMPONENT RefLinkID="4" />
        </ENTITY>
        <COMPONENT LinkID="2" Class="NiTransformationComponent" Name="Transformation">
            <PROPERTY Class="Point3" Name="Translation">0.0000000000000000, 0.0000000000000000, 0.0000000000000000</PROPERTY>
            <PROPERTY Class="Matrix3" Name="Rotation">
                <ROW>1.0000000000000000, 0.0000000000000000, 0.0000000000000000</ROW>
                <ROW>0.0000000000000000, 1.0000000000000000, 0.0000000000000000</ROW>
                <ROW>0.0000000000000000, 0.0000000000000000, 1.0000000000000000</ROW>
            </PROPERTY>
            <PROPERTY Class="Float" Name="Scale">1.0000000000000000</PROPERTY>
        </COMPONENT>
        <COMPONENT LinkID="3" Class="NiSceneGraphComponent" Name="Scene Graph">
            <PROPERTY Class="String" Name="NIF File Path" Asset="TRUE">.\..\..\00_Object\Portal\MissionPortal_910600.nif</PROPERTY>
        </COMPONENT>
        <COMPONENT LinkID="4" Class="NiGeneralComponent" Name="Hidden_Portal" TemplateID="cc,e4,5f,f3,22,31,a8,41,92,3,93,9b,58,89,a9,14">
            <PROPERTY Class="Integer" Name="Level" SemanticType="Integer" DisplayName="Level" Description="">0</PROPERTY>
        </COMPONENT>
        <COMPONENT LinkID="5" Class="NiTransformationComponent" Name="Transformation">
            <PROPERTY Class="Point3" Name="Translation">-1347.6623535156250000, 1048.5949707031250000, -69.9943389892578130</PROPERTY>
            <PROPERTY Class="Matrix3" Name="Rotation">
                <ROW>0.6073526144027710, -0.7944324016571045, 0.0000000000000000</ROW>
                <ROW>0.7944324016571045, 0.6073526144027710, 0.0000000000000000</ROW>
                <ROW>0.0000000000000000, 0.0000000000000000, 1.0000000000000000</ROW>
            </PROPERTY>
            <PROPERTY Class="Float" Name="Scale">1.0000000000000000</PROPERTY>
        </COMPONENT>
        <COMPONENT LinkID="6" Class="NiSceneGraphComponent" Name="Scene Graph" MasterLinkID="3" />
        <COMPONENT LinkID="7" Class="NiGeneralComponent" Name="Hidden_Portal" TemplateID="cc,e4,5f,f3,22,31,a8,41,92,3,93,9b,58,89,a9,14" MasterLinkID="4" />
        <ENTITY LinkID="8" Class="NiGeneralEntity" Name="Art_GodBridge1001_01 02" Type="Object" UsePhysX="TRUE" PostfixTexture="" Optimization="0" AlphaGroup="3" RandomAni="FALSE" TemplateID="5d,61,bc,69,8a,8a,84,42,b4,b9,4f,99,37,ea,f0,bf" MasterLinkID="9">
            <COMPONENT RefLinkID="12" />
            <COMPONENT RefLinkID="13" />
        </ENTITY>
        <ENTITY LinkID="9" Class="NiGeneralEntity" Name="[Object]Bridge.Art_GodBridge1001_01" TemplateID="5d,61,bc,69,8a,8a,84,42,b4,b9,4f,99,37,ea,f0,bf">
            <COMPONENT RefLinkID="10" />
            <COMPONENT RefLinkID="11" />
        </ENTITY>
        <COMPONENT LinkID="10" Class="NiTransformationComponent" Name="Transformation">
            <PROPERTY Class="Point3" Name="Translation">0.0000000000000000, 0.0000000000000000, 0.0000000000000000</PROPERTY>
            <PROPERTY Class="Matrix3" Name="Rotation">
                <ROW>1.0000000000000000, 0.0000000000000000, 0.0000000000000000</ROW>
                <ROW>0.0000000000000000, 1.0000000000000000, 0.0000000000000000</ROW>
                <ROW>0.0000000000000000, 0.0000000000000000, 1.0000000000000000</ROW>
            </PROPERTY>
            <PROPERTY Class="Float" Name="Scale">1.0000000000000000</PROPERTY>
        </COMPONENT>
        <COMPONENT LinkID="11" Class="NiSceneGraphComponent" Name="Scene Graph">
            <PROPERTY Class="String" Name="NIF File Path" Asset="TRUE">.\..\..\00_Object\Bridge\Art_GodBridge1001_01.nif</PROPERTY>
        </COMPONENT>
        <COMPONENT LinkID="12" Class="NiTransformationComponent" Name="Transformation">
            <PROPERTY Class="Point3" Name="Translation">444.7277832031250000, 997.7854003906250000, -187.7111968994140600</PROPERTY>
            <PROPERTY Class="Matrix3" Name="Rotation">
                <ROW>0.9951691031455994, 0.0000000000000000, 0.0981756895780563</ROW>
                <ROW>0.0000000000000000, 1.0000000000000000, 0.0000000000000000</ROW>
                <ROW>-0.0981756895780563, 0.0000000000000000, 0.9951691031455994</ROW>
            </PROPERTY>
            <PROPERTY Class="Float" Name="Scale">1.0000000000000000</PROPERTY>
        </COMPONENT>
        <COMPONENT LinkID="13" Class="NiSceneGraphComponent" Name="Scene Graph" MasterLinkID="11" />
        <ENTITY LinkID="14" Class="NiGeneralEntity" Name="Dc_Bloc1022_01 30" Type="Object" UsePhysX="FALSE" PostfixTexture="" Optimization="0" AlphaGroup="3" RandomAni="FALSE" TemplateID="ae,9b,33,89,9c,f8,a9,4f,b7,54,ad,7c,8,99,6d,52" MasterLinkID="15">
            <COMPONENT RefLinkID="18" />
            <COMPONENT RefLinkID="19" />
        </ENTITY>
        <ENTITY LinkID="15" Class="NiGeneralEntity" Name="[Block]010600.Dc_Bloc1022_01" TemplateID="ae,9b,33,89,9c,f8,a9,4f,b7,54,ad,7c,8,99,6d,52">
            <COMPONENT RefLinkID="16" />
            <COMPONENT RefLinkID="17" />
        </ENTITY>
        <COMPONENT LinkID="16" Class="NiTransformationComponent" Name="Transformation">
            <PROPERTY Class="Point3" Name="Translation">0.0000000000000000, 0.0000000000000000, 0.0000000000000000</PROPERTY>
            <PROPERTY Class="Matrix3" Name="Rotation">
                <ROW>1.0000000000000000, 0.0000000000000000, 0.0000000000000000</ROW>
                <ROW>0.0000000000000000, 1.0000000000000000, 0.0000000000000000</ROW>
                <ROW>0.0000000000000000, 0.0000000000000000, 1.0000000000000000</ROW>
            </PROPERTY>
            <PROPERTY Class="Float" Name="Scale">1.0000000000000000</PROPERTY>
        </COMPONENT>
        <COMPONENT LinkID="17" Class="NiSceneGraphComponent" Name="Scene Graph">
            <PROPERTY Class="String" Name="NIF File Path" Asset="TRUE">.\..\..\01_Ingrid\02_Modeling\Block\010600\Dc_Bloc1022_01.nif</PROPERTY>
        </COMPONENT>
        <COMPONENT LinkID="18" Class="NiTransformationComponent" Name="Transformation">
            <PROPERTY Class="Point3" Name="Translation">-1382.4219970703125000, 1360.5207519531250000, 288.9213562011718700</PROPERTY>
            <PROPERTY Class="Matrix3" Name="Rotation">
                <ROW>0.9941494464874268, -0.1080122292041779, -0.0007062122458592</ROW>
                <ROW>-0.1080145537853241, -0.9941242933273315, -0.0070595736615360</ROW>
                <ROW>0.0000604575725447, 0.0070945518091321, -0.9999748468399048</ROW>
            </PROPERTY>
            <PROPERTY Class="Float" Name="Scale">1.3602247238159180</PROPERTY>
        </COMPONENT>
        <COMPONENT LinkID="19" Class="NiSceneGraphComponent" Name="Scene Graph" MasterLinkID="17" />
        <ENTITY LinkID="20" Class="NiGeneralEntity" Name="Nature_StonePillar1001_01 07" Type="Object" UsePhysX="FALSE" PostfixTexture="" Optimization="0" AlphaGroup="1" RandomAni="FALSE" TemplateID="ab,2f,4c,e7,dc,df,ca,46,b9,30,3f,4e,43,a3,2a,af" MasterLinkID="21">
            <COMPONENT RefLinkID="24" />
            <COMPONENT RefLinkID="25" />
        </ENTITY>
        <ENTITY LinkID="21" Class="NiGeneralEntity" Name="[Object]Ground.Nature_StonePillar1001_01" TemplateID="ab,2f,4c,e7,dc,df,ca,46,b9,30,3f,4e,43,a3,2a,af">
            <COMPONENT RefLinkID="22" />
            <COMPONENT RefLinkID="23" />
        </ENTITY>
        <COMPONENT LinkID="22" Class="NiTransformationComponent" Name="Transformation">
            <PROPERTY Class="Point3" Name="Translation">0.0000000000000000, 0.0000000000000000, 0.0000000000000000</PROPERTY>
            <PROPERTY Class="Matrix3" Name="Rotation">
                <ROW>1.0000000000000000, 0.0000000000000000, 0.0000000000000000</ROW>
                <ROW>0.0000000000000000, 1.0000000000000000, 0.0000000000000000</ROW>
                <ROW>0.0000000000000000, 0.0000000000000000, 1.0000000000000000</ROW>
            </PROPERTY>
            <PROPERTY Class="Float" Name="Scale">1.0000000000000000</PROPERTY>
        </COMPONENT>
        <COMPONENT LinkID="23" Class="NiSceneGraphComponent" Name="Scene Graph">
            <PROPERTY Class="String" Name="NIF File Path" Asset="TRUE">.\..\..\00_Object\Ground\Nature_StonePillar1001_01.nif</PROPERTY>
        </COMPONENT>
        <COMPONENT LinkID="24" Class="NiTransformationComponent" Name="Transformation">
            <PROPERTY Class="Point3" Name="Translation">-1327.1958007812500000, 1036.7287597656250000, -80.8627471923828120</PROPERTY>
            <PROPERTY Class="Matrix3" Name="Rotation">
                <ROW>0.8080301284790039, -0.5891411304473877, 0.0000000000000000</ROW>
                <ROW>0.5891411304473877, 0.8080301284790039, 0.0000000000000000</ROW>
                <ROW>0.0000000000000000, 0.0000000000000000, 1.0000000000000000</ROW>
            </PROPERTY>
            <PROPERTY Class="Float" Name="Scale">0.8486921191215515</PROPERTY>
        </COMPONENT>
        <COMPONENT LinkID="25" Class="NiSceneGraphComponent" Name="Scene Graph" MasterLinkID="23" />
        <ENTITY LinkID="26" Class="NiGeneralEntity" Name="Nature_FireCrystal1001_01 02" Type="Object" UsePhysX="FALSE" PostfixTexture="" Optimization="0" AlphaGroup="1" RandomAni="FALSE" TemplateID="86,4,2c,2c,52,69,18,45,b2,6,ef,ad,be,67,99,cb" MasterLinkID="27">
            <COMPONENT RefLinkID="30" />
            <COMPONENT RefLinkID="31" />
        </ENTITY>
        <ENTITY LinkID="27" Class="NiGeneralEntity" Name="[Object]Ground.Nature_FireCrystal1001_01" TemplateID="86,4,2c,2c,52,69,18,45,b2,6,ef,ad,be,67,99,cb">
            <COMPONENT RefLinkID="28" />
            <COMPONENT RefLinkID="29" />
        </ENTITY>
        <COMPONENT LinkID="28" Class="NiTransformationComponent" Name="Transformation">
            <PROPERTY Class="Point3" Name="Translation">0.0000000000000000, 0.0000000000000000, 0.0000000000000000</PROPERTY>
            <PROPERTY Class="Matrix3" Name="Rotation">
                <ROW>1.0000000000000000, 0.0000000000000000, 0.0000000000000000</ROW>
                <ROW>0.0000000000000000, 1.0000000000000000, 0.0000000000000000</ROW>
                <ROW>0.0000000000000000, 0.0000000000000000, 1.0000000000000000</ROW>
            </PROPERTY>
            <PROPERTY Class="Float" Name="Scale">1.0000000000000000</PROPERTY>
        </COMPONENT>
        <COMPONENT LinkID="29" Class="NiSceneGraphComponent" Name="Scene Graph">
            <PROPERTY Class="String" Name="NIF File Path" Asset="TRUE">.\..\..\00_Object\Ground\Nature_FireCrystal1001_01.nif</PROPERTY>
        </COMPONENT>
        <COMPONENT LinkID="30" Class="NiTransformationComponent" Name="Transformation">
            <PROPERTY Class="Point3" Name="Translation">-1166.0424804687500000, 1241.7856445312500000, -159.3064422607421900</PROPERTY>
            <PROPERTY Class="Matrix3" Name="Rotation">
                <ROW>0.8837127089500427, -0.2399825602769852, 0.4018212556838989</ROW>
                <ROW>0.2969385981559753, 0.9511048197746277, -0.0850125327706337</ROW>
                <ROW>-0.3617725968360901, 0.1944428980350494, 0.9117634296417236</ROW>
            </PROPERTY>
            <PROPERTY Class="Float" Name="Scale">2.3362083435058594</PROPERTY>
        </COMPONENT>
        <COMPONENT LinkID="31" Class="NiSceneGraphComponent" Name="Scene Graph" MasterLinkID="29" />
        <ENTITY LinkID="32" Class="NiGeneralEntity" Name="ChaosArea_Cliffs2003_01 02" Type="Object" UsePhysX="FALSE" PostfixTexture="" Optimization="0" AlphaGroup="1" RandomAni="FALSE" TemplateID="f4,d2,d,66,a2,e2,dd,47,9f,ad,98,fa,37,d,c,af" MasterLinkID="33">
            <COMPONENT RefLinkID="36" />
            <COMPONENT RefLinkID="37" />
        </ENTITY>
        <ENTITY LinkID="33" Class="NiGeneralEntity" Name="[Object]Ground.ChaosArea_Cliffs2003_01" TemplateID="f4,d2,d,66,a2,e2,dd,47,9f,ad,98,fa,37,d,c,af">
            <COMPONENT RefLinkID="34" />
            <COMPONENT RefLinkID="35" />
        </ENTITY>
        <COMPONENT LinkID="34" Class="NiTransformationComponent" Name="Transformation">
            <PROPERTY Class="Point3" Name="Translation">0.0000000000000000, 0.0000000000000000, 0.0000000000000000</PROPERTY>
            <PROPERTY Class="Matrix3" Name="Rotation">
                <ROW>1.0000000000000000, 0.0000000000000000, 0.0000000000000000</ROW>
                <ROW>0.0000000000000000, 1.0000000000000000, 0.0000000000000000</ROW>
                <ROW>0.0000000000000000, 0.0000000000000000, 1.0000000000000000</ROW>
            </PROPERTY>
            <PROPERTY Class="Float" Name="Scale">1.0000000000000000</PROPERTY>
        </COMPONENT>
        <COMPONENT LinkID="35" Class="NiSceneGraphComponent" Name="Scene Graph">
            <PROPERTY Class="String" Name="NIF File Path" Asset="TRUE">.\..\..\00_Object\Ground\ChaosArea_Cliffs2003_01.nif</PROPERTY>
        </COMPONENT>
        <COMPONENT LinkID="36" Class="NiTransformationComponent" Name="Transformation">
            <PROPERTY Class="Point3" Name="Translation">3475.0764160156250000, 1640.2586669921875000, -237.6119384765625000</PROPERTY>
            <PROPERTY Class="Matrix3" Name="Rotation">
                <ROW>0.1736487150192261, -0.9848076701164246, 0.0000000000000000</ROW>
                <ROW>0.9848076701164246, 0.1736487150192261, 0.0000000000000000</ROW>
                <ROW>0.0000000000000000, 0.0000000000000000, 1.0000000000000000</ROW>
            </PROPERTY>
            <PROPERTY Class="Float" Name="Scale">0.6208458542823792</PROPERTY>
        </COMPONENT>
        <COMPONENT LinkID="37" Class="NiSceneGraphComponent" Name="Scene Graph" MasterLinkID="35" />
        <ENTITY LinkID="38" Class="NiGeneralEntity" Name="Nature_FireCrystal1001_01 38" Type="Object" UsePhysX="FALSE" PostfixTexture="" Optimization="0" AlphaGroup="1" RandomAni="FALSE" TemplateID="86,4,2c,2c,52,69,18,45,b2,6,ef,ad,be,67,99,cb" MasterLinkID="27">
            <COMPONENT RefLinkID="39" />
            <COMPONENT RefLinkID="40" />
        </ENTITY>
        <COMPONENT LinkID="39" Class="NiTransformationComponent" Name="Transformation">
            <PROPERTY Class="Point3" Name="Translation">-1102.2487792968750000, 4890.7363281250000000, -843.6630249023437500</PROPERTY>
            <PROPERTY Class="Matrix3" Name="Rotation">
                <ROW>-0.9086026549339294, -0.4111548364162445, 0.0734363049268723</ROW>
                <ROW>0.4169665277004242, -0.9030982851982117, 0.1027252078056335</ROW>
                <ROW>0.0240843202918768, 0.1239568293094635, 0.9919952750205994</ROW>
            </PROPERTY>
            <PROPERTY Class="Float" Name="Scale">15.5134325027465820</PROPERTY>
        </COMPONENT>
        <COMPONENT LinkID="40" Class="NiSceneGraphComponent" Name="Scene Graph" MasterLinkID="29" />
        <ENTITY LinkID="41" Class="NiGeneralEntity" Name="Nature_StonePillar1001_01 05" Type="Object" UsePhysX="FALSE" PostfixTexture="" Optimization="0" AlphaGroup="1" RandomAni="FALSE" TemplateID="ab,2f,4c,e7,dc,df,ca,46,b9,30,3f,4e,43,a3,2a,af" MasterLinkID="21">
            <COMPONENT RefLinkID="42" />
            <COMPONENT RefLinkID="43" />
        </ENTITY>
        <COMPONENT LinkID="42" Class="NiTransformationComponent" Name="Transformation">
            <PROPERTY Class="Point3" Name="Translation">2971.2404785156250000, 2334.3195800781250000, -335.3474121093750000</PROPERTY>
            <PROPERTY Class="Matrix3" Name="Rotation">
                <ROW>0.9063078165054321, 0.4226182699203491, 0.0000000000000000</ROW>
                <ROW>-0.4226182699203491, 0.9063078165054321, 0.0000000000000000</ROW>
                <ROW>0.0000000000000000, 0.0000000000000000, 1.0000000000000000</ROW>
            </PROPERTY>
            <PROPERTY Class="Float" Name="Scale">2.3399324417114258</PROPERTY>
        </COMPONENT>
        <COMPONENT LinkID="43" Class="NiSceneGraphComponent" Name="Scene Graph" MasterLinkID="23" />
        <ENTITY LinkID="44" Class="NiGeneralEntity" Name="Nature_FireCrystal1001_01 19" Type="Object" UsePhysX="FALSE" PostfixTexture="" Optimization="0" AlphaGroup="1" RandomAni="FALSE" TemplateID="86,4,2c,2c,52,69,18,45,b2,6,ef,ad,be,67,99,cb" MasterLinkID="27">
            <COMPONENT RefLinkID="45" />
            <COMPONENT RefLinkID="46" />
        </ENTITY>
        <COMPONENT LinkID="45" Class="NiTransformationComponent" Name="Transformation">
            <PROPERTY Class="Point3" Name="Translation">-530.5950317382812500, 871.5129394531250000, -205.4095611572265600</PROPERTY>
            <PROPERTY Class="Matrix3" Name="Rotation">
                <ROW>0.5809425115585327, 0.7212868928909302, 0.3771617114543915</ROW>
                <ROW>-0.5388904809951782, 0.6881129741668701, -0.4858988225460053</ROW>
                <ROW>-0.6100022792816162, 0.0790304541587830, 0.7884488105773926</ROW>
            </PROPERTY>
            <PROPERTY Class="Float" Name="Scale">2.4149024486541748</PROPERTY>
        </COMPONENT>
        <COMPONENT LinkID="46" Class="NiSceneGraphComponent" Name="Scene Graph" MasterLinkID="29" />
        <ENTITY LinkID="47" Class="NiGeneralEntity" Name="Art_BigMazewall5001_01 53" Type="Object" UsePhysX="FALSE" PostfixTexture="" Optimization="0" AlphaGroup="3" RandomAni="FALSE" TemplateID="5f,b1,a3,41,dc,42,b1,4d,a8,f7,2e,71,ee,4d,2e,10" MasterLinkID="48">
            <COMPONENT RefLinkID="52" />
            <COMPONENT RefLinkID="53" />
            <COMPONENT RefLinkID="54" />
        </ENTITY>
        <ENTITY LinkID="48" Class="NiGeneralEntity" Name="[Block]030300.Art_BigMazewall5001_01" TemplateID="5f,b1,a3,41,dc,42,b1,4d,a8,f7,2e,71,ee,4d,2e,10">
            <COMPONENT RefLinkID="49" />
            <COMPONENT RefLinkID="50" />
            <COMPONENT RefLinkID="51" />
        </ENTITY>
        <COMPONENT LinkID="49" Class="NiTransformationComponent" Name="Transformation">
            <PROPERTY Class="Point3" Name="Translation">0.0000000000000000, 0.0000000000000000, 0.0000000000000000</PROPERTY>
            <PROPERTY Class="Matrix3" Name="Rotation">
                <ROW>1.0000000000000000, 0.0000000000000000, 0.0000000000000000</ROW>
                <ROW>0.0000000000000000, 1.0000000000000000, 0.0000000000000000</ROW>
                <ROW>0.0000000000000000, 0.0000000000000000, 1.0000000000000000</ROW>
            </PROPERTY>
            <PROPERTY Class="Float" Name="Scale">1.0000000000000000</PROPERTY>
        </COMPONENT>
        <COMPONENT LinkID="50" Class="NiSceneGraphComponent" Name="Scene Graph">
            <PROPERTY Class="String" Name="NIF File Path" Asset="TRUE">.\..\..\03_Solaiden\02_Modeling\Block\030300\Art_BigMazewall5001_01.nif</PROPERTY>
        </COMPONENT>
        <COMPONENT LinkID="51" Class="NiGeneralComponent" Name="OcclusionCulling" TemplateID="4a,97,ee,2c,30,56,e8,4e,90,c3,51,35,a7,aa,fc,f3">
            <PROPERTY Class="Integer" Name="GroupNumber" SemanticType="Integer" DisplayName="GroupNumber" Description="">0</PROPERTY>
        </COMPONENT>
        <COMPONENT LinkID="52" Class="NiTransformationComponent" Name="Transformation">
            <PROPERTY Class="Point3" Name="Translation">6036.6416015625000000, 2411.3806152343750000, -27.1824474334716800</PROPERTY>
            <PROPERTY Class="Matrix3" Name="Rotation">
                <ROW>0.7071067094802856, -0.7071068286895752, 0.0000000000000000</ROW>
                <ROW>0.7071068286895752, 0.7071067094802856, 0.0000000000000000</ROW>
                <ROW>0.0000000000000000, 0.0000000000000000, 1.0000000000000000</ROW>
            </PROPERTY>
            <PROPERTY Class="Float" Name="Scale">1.0000000000000000</PROPERTY>
        </COMPONENT>
        <COMPONENT LinkID="53" Class="NiSceneGraphComponent" Name="Scene Graph" MasterLinkID="50" />
        <COMPONENT LinkID="54" Class="NiGeneralComponent" Name="OcclusionCulling" TemplateID="4a,97,ee,2c,30,56,e8,4e,90,c3,51,35,a7,aa,fc,f3" MasterLinkID="51" />
        <ENTITY LinkID="55" Class="NiGeneralEntity" Name="Art_JumpAllquarters1001_01 02" Type="Object" UsePhysX="FALSE" PostfixTexture="" Optimization="0" AlphaGroup="1" RandomAni="FALSE" TemplateID="4d,d0,14,a,9b,81,40,41,b9,2d,25,ae,b1,30,38,93" MasterLinkID="56">
            <COMPONENT RefLinkID="61" />
            <COMPONENT RefLinkID="62" />
            <COMPONENT RefLinkID="63" />
            <COMPONENT RefLinkID="64" />
        </ENTITY>
        <ENTITY LinkID="56" Class="NiGeneralEntity" Name="[Object]Ladder Jump.Art_JumpAllquarters1001_01" TemplateID="4d,d0,14,a,9b,81,40,41,b9,2d,25,ae,b1,30,38,93">
            <COMPONENT RefLinkID="57" />
            <COMPONENT RefLinkID="58" />
            <COMPONENT RefLinkID="59" />
            <COMPONENT RefLinkID="60" />
        </ENTITY>
        <COMPONENT LinkID="57" Class="NiTransformationComponent" Name="Transformation">
            <PROPERTY Class="Point3" Name="Translation">0.0000000000000000, 0.0000000000000000, 0.0000000000000000</PROPERTY>
            <PROPERTY Class="Matrix3" Name="Rotation">
                <ROW>1.0000000000000000, 0.0000000000000000, 0.0000000000000000</ROW>
                <ROW>0.0000000000000000, 1.0000000000000000, 0.0000000000000000</ROW>
                <ROW>0.0000000000000000, 0.0000000000000000, 1.0000000000000000</ROW>
            </PROPERTY>
            <PROPERTY Class="Float" Name="Scale">1.0000000000000000</PROPERTY>
        </COMPONENT>
        <COMPONENT LinkID="58" Class="NiSceneGraphComponent" Name="Scene Graph">
            <PROPERTY Class="String" Name="NIF File Path" Asset="TRUE">.\..\..\00_Object\Ladder Jump\Art_JumpAllquarters1001_01.nif</PROPERTY>
        </COMPONENT>
        <COMPONENT LinkID="59" Class="NiGeneralComponent" Name="Animation Object" TemplateID="c5,83,7b,6f,ea,53,7d,45,95,5a,2e,ab,38,28,a5,76">
            <PROPERTY Class="Float" Name="Phase" SemanticType="Float" DisplayName="Phase" Description="">-1000.0000000000000000</PROPERTY>
        </COMPONENT>
        <COMPONENT LinkID="60" Class="NiGeneralComponent" Name="GlowMap" TemplateID="c,37,ef,c9,e6,13,8,4b,86,49,c3,29,48,1b,b2,c8">
            <PROPERTY Class="Boolean" Name="Enable" SemanticType="Boolean" DisplayName="Enable" Description="">FALSE</PROPERTY>
        </COMPONENT>
        <COMPONENT LinkID="61" Class="NiTransformationComponent" Name="Transformation">
            <PROPERTY Class="Point3" Name="Translation">2013.8107910156250000, 2085.3383789062500000, -104.7783813476562500</PROPERTY>
            <PROPERTY Class="Matrix3" Name="Rotation">
                <ROW>-0.9940210580825806, -0.1091888174414635, 0.0000000000000000</ROW>
                <ROW>0.1091888174414635, -0.9940210580825806, 0.0000000000000000</ROW>
                <ROW>0.0000000000000000, 0.0000000000000000, 1.0000000000000000</ROW>
            </PROPERTY>
            <PROPERTY Class="Float" Name="Scale">1.0000000000000000</PROPERTY>
        </COMPONENT>
        <COMPONENT LinkID="62" Class="NiSceneGraphComponent" Name="Scene Graph" MasterLinkID="58">
            <PROPERTY Class="String" Name="NIF File Path" Asset="TRUE">.\..\..\00_Object\Ladder Jump\Art_Jump_Magma1001_01.nif</PROPERTY>
        </COMPONENT>
        <COMPONENT LinkID="63" Class="NiGeneralComponent" Name="Animation Object" TemplateID="c5,83,7b,6f,ea,53,7d,45,95,5a,2e,ab,38,28,a5,76" MasterLinkID="59" />
        <COMPONENT LinkID="64" Class="NiGeneralComponent" Name="GlowMap" TemplateID="c,37,ef,c9,e6,13,8,4b,86,49,c3,29,48,1b,b2,c8" MasterLinkID="60" />
        <ENTITY LinkID="65" Class="NiGeneralEntity" Name="ChaosArea_Cliffs1001_01 01" Type="Object" UsePhysX="TRUE" PostfixTexture="" Optimization="0" AlphaGroup="3" RandomAni="FALSE" TemplateID="c4,58,c7,36,2a,62,10,46,82,77,4e,b3,3b,b7,84,ad" MasterLinkID="66">
            <COMPONENT RefLinkID="69" />
            <COMPONENT RefLinkID="70" />
        </ENTITY>
        <ENTITY LinkID="66" Class="NiGeneralEntity" Name="[Block]020100.ChaosArea_Cliffs1001_01" TemplateID="c4,58,c7,36,2a,62,10,46,82,77,4e,b3,3b,b7,84,ad">
            <COMPONENT RefLinkID="67" />
            <COMPONENT RefLinkID="68" />
        </ENTITY>
        <COMPONENT LinkID="67" Class="NiTransformationComponent" Name="Transformation">
            <PROPERTY Class="Point3" Name="Translation">0.0000000000000000, 0.0000000000000000, 0.0000000000000000</PROPERTY>
            <PROPERTY Class="Matrix3" Name="Rotation">
                <ROW>1.0000000000000000, 0.0000000000000000, 0.0000000000000000</ROW>
                <ROW>0.0000000000000000, 1.0000000000000000, 0.0000000000000000</ROW>
                <ROW>0.0000000000000000, 0.0000000000000000, 1.0000000000000000</ROW>
            </PROPERTY>
            <PROPERTY Class="Float" Name="Scale">1.0000000000000000</PROPERTY>
        </COMPONENT>
        <COMPONENT LinkID="68" Class="NiSceneGraphComponent" Name="Scene Graph">
            <PROPERTY Class="String" Name="NIF File Path" Asset="TRUE">.\..\02_Modeling\Block\020100\ChaosArea_Cliffs1001_01.nif</PROPERTY>
        </COMPONENT>
        <COMPONENT LinkID="69" Class="NiTransformationComponent" Name="Transformation">
            <PROPERTY Class="Point3" Name="Translation">626.7005615234375000, 2379.0756835937500000, -260.4227905273437500</PROPERTY>
            <PROPERTY Class="Matrix3" Name="Rotation">
                <ROW>1.0000000000000000, 0.0000000000000000, 0.0000000000000000</ROW>
                <ROW>0.0000000000000000, 1.0000000000000000, 0.0000000000000000</ROW>
                <ROW>0.0000000000000000, 0.0000000000000000, 1.0000000000000000</ROW>
            </PROPERTY>
            <PROPERTY Class="Float" Name="Scale">1.2000000476837158</PROPERTY>
        </COMPONENT>
        <COMPONENT LinkID="70" Class="NiSceneGraphComponent" Name="Scene Graph" MasterLinkID="68" />
        <ENTITY LinkID="71" Class="NiGeneralEntity" Name="EF_Smoke1002_Solod_R 07" Type="Object" UsePhysX="FALSE" PostfixTexture="" Optimization="0" AlphaGroup="1" RandomAni="FALSE" TemplateID="8e,7f,29,6e,e4,5,b3,42,a8,98,9b,62,83,6d,81,e2" MasterLinkID="72">
            <COMPONENT RefLinkID="76" />
            <COMPONENT RefLinkID="77" />
            <COMPONENT RefLinkID="78" />
        </ENTITY>
        <ENTITY LinkID="72" Class="NiGeneralEntity" Name="[Effect]EF_Smoke1002_Solod_R" TemplateID="8e,7f,29,6e,e4,5,b3,42,a8,98,9b,62,83,6d,81,e2">
            <COMPONENT RefLinkID="73" />
            <COMPONENT RefLinkID="74" />
            <COMPONENT RefLinkID="75" />
        </ENTITY>
        <COMPONENT LinkID="73" Class="NiTransformationComponent" Name="Transformation">
            <PROPERTY Class="Point3" Name="Translation">0.0000000000000000, 0.0000000000000000, 0.0000000000000000</PROPERTY>
            <PROPERTY Class="Matrix3" Name="Rotation">
                <ROW>1.0000000000000000, 0.0000000000000000, 0.0000000000000000</ROW>
                <ROW>0.0000000000000000, 1.0000000000000000, 0.0000000000000000</ROW>
                <ROW>0.0000000000000000, 0.0000000000000000, 1.0000000000000000</ROW>
            </PROPERTY>
            <PROPERTY Class="Float" Name="Scale">1.0000000000000000</PROPERTY>
        </COMPONENT>
        <COMPONENT LinkID="74" Class="NiSceneGraphComponent" Name="Scene Graph">
            <PROPERTY Class="String" Name="NIF File Path" Asset="TRUE">.\..\..\..\5_Effect\3_World\EF_Smoke1002_Solod_R.nif</PROPERTY>
        </COMPONENT>
        <COMPONENT LinkID="75" Class="NiGeneralComponent" Name="Animation Object" TemplateID="c5,83,7b,6f,ea,53,7d,45,95,5a,2e,ab,38,28,a5,76">
            <PROPERTY Class="Float" Name="Phase" SemanticType="Float" DisplayName="Phase" Description="">-1000.0000000000000000</PROPERTY>
        </COMPONENT>
        <COMPONENT LinkID="76" Class="NiTransformationComponent" Name="Transformation">
            <PROPERTY Class="Point3" Name="Translation">-819.8100585937500000, 2048.8928222656250000, -144.6101226806640600</PROPERTY>
            <PROPERTY Class="Matrix3" Name="Rotation">
                <ROW>1.0000000000000000, 0.0000000000000000, 0.0000000000000000</ROW>
                <ROW>0.0000000000000000, 1.0000000000000000, 0.0000000000000000</ROW>
                <ROW>0.0000000000000000, 0.0000000000000000, 1.0000000000000000</ROW>
            </PROPERTY>
            <PROPERTY Class="Float" Name="Scale">7.0963549613952637</PROPERTY>
        </COMPONENT>
        <COMPONENT LinkID="77" Class="NiSceneGraphComponent" Name="Scene Graph" MasterLinkID="74" />
        <COMPONENT LinkID="78" Class="NiGeneralComponent" Name="Animation Object" TemplateID="c5,83,7b,6f,ea,53,7d,45,95,5a,2e,ab,38,28,a5,76" MasterLinkID="75" />
        <ENTITY LinkID="79" Class="NiGeneralEntity" Name="Nature_Bean7001_01 29" Type="Object" UsePhysX="FALSE" PostfixTexture="" Optimization="0" AlphaGroup="1" RandomAni="FALSE" TemplateID="8e,8f,8e,90,de,1f,9d,44,a7,7,fa,27,73,17,b2,f4" MasterLinkID="80">
            <COMPONENT RefLinkID="84" />
            <COMPONENT RefLinkID="85" />
            <COMPONENT RefLinkID="86" />
        </ENTITY>
        <ENTITY LinkID="80" Class="NiGeneralEntity" Name="[Object]Grass.Nature_Bean7001_01" TemplateID="8e,8f,8e,90,de,1f,9d,44,a7,7,fa,27,73,17,b2,f4">
            <COMPONENT RefLinkID="81" />
            <COMPONENT RefLinkID="82" />
            <COMPONENT RefLinkID="83" />
        </ENTITY>
        <COMPONENT LinkID="81" Class="NiTransformationComponent" Name="Transformation">
            <PROPERTY Class="Point3" Name="Translation">0.0000000000000000, 0.0000000000000000, 0.0000000000000000</PROPERTY>
            <PROPERTY Class="Matrix3" Name="Rotation">
                <ROW>1.0000000000000000, 0.0000000000000000, 0.0000000000000000</ROW>
                <ROW>0.0000000000000000, 1.0000000000000000, 0.0000000000000000</ROW>
                <ROW>0.0000000000000000, 0.0000000000000000, 1.0000000000000000</ROW>
            </PROPERTY>
            <PROPERTY Class="Float" Name="Scale">1.0000000000000000</PROPERTY>
        </COMPONENT>
        <COMPONENT LinkID="82" Class="NiSceneGraphComponent" Name="Scene Graph">
            <PROPERTY Class="String" Name="NIF File Path" Asset="TRUE">.\..\..\00_Object\Grass\Nature_Bean7001_01.nif</PROPERTY>
        </COMPONENT>
        <COMPONENT LinkID="83" Class="NiGeneralComponent" Name="Hide Object" TemplateID="f6,46,16,db,61,92,23,47,b5,4a,da,2d,42,d7,85,b9">
            <PROPERTY Class="Float" Name="Alpha Value" SemanticType="Float" DisplayName="Alpha Value" Description="">0.4000000059604645</PROPERTY>
            <PROPERTY Class="Boolean" Name="Alpha Enable" SemanticType="Boolean" DisplayName="Alpha Enable" Description="">FALSE</PROPERTY>
            <PROPERTY Class="Boolean" Name="Hide Object" SemanticType="Boolean" DisplayName="Hide Object" Description="">FALSE</PROPERTY>
        </COMPONENT>
        <COMPONENT LinkID="84" Class="NiTransformationComponent" Name="Transformation">
            <PROPERTY Class="Point3" Name="Translation">-431.9502258300781200, -687.8809204101562500, -37.8959503173828130</PROPERTY>
            <PROPERTY Class="Matrix3" Name="Rotation">
                <ROW>0.8896585702896118, -0.2754594087600708, -0.3641836941242218</ROW>
                <ROW>0.1619112789630890, 0.9360307455062866, -0.3124597072601318</ROW>
                <ROW>0.4269571304321289, 0.2190169841051102, 0.8773477673530579</ROW>
            </PROPERTY>
            <PROPERTY Class="Float" Name="Scale">0.8779193162918091</PROPERTY>
        </COMPONENT>
        <COMPONENT LinkID="85" Class="NiSceneGraphComponent" Name="Scene Graph" MasterLinkID="82" />
        <COMPONENT LinkID="86" Class="NiGeneralComponent" Name="Hide Object" TemplateID="f6,46,16,db,61,92,23,47,b5,4a,da,2d,42,d7,85,b9" MasterLinkID="83" />
        <ENTITY LinkID="87" Class="NiGeneralEntity" Name="Art_Skeleton1001_01 23" Type="Object" UsePhysX="FALSE" PostfixTexture="" Optimization="0" AlphaGroup="1" RandomAni="FALSE" TemplateID="34,e0,ed,9f,cd,e3,44,45,8b,96,19,6a,fd,86,e4,c8" MasterLinkID="88">
            <COMPONENT RefLinkID="92" />
            <COMPONENT RefLinkID="93" />
            <COMPONENT RefLinkID="94" />
        </ENTITY>
        <ENTITY LinkID="88" Class="NiGeneralEntity" Name="[Object]props.Art_Skeleton1001_01" TemplateID="34,e0,ed,9f,cd,e3,44,45,8b,96,19,6a,fd,86,e4,c8">
            <COMPONENT RefLinkID="89" />
            <COMPONENT RefLinkID="90" />
            <COMPONENT RefLinkID="91" />
        </ENTITY>
        <COMPONENT LinkID="89" Class="NiTransformationComponent" Name="Transformation">
            <PROPERTY Class="Point3" Name="Translation">0.0000000000000000, 0.0000000000000000, 0.0000000000000000</PROPERTY>
            <PROPERTY Class="Matrix3" Name="Rotation">
                <ROW>1.0000000000000000, 0.0000000000000000, 0.0000000000000000</ROW>
                <ROW>0.0000000000000000, 1.0000000000000000, 0.0000000000000000</ROW>
                <ROW>0.0000000000000000, 0.0000000000000000, 1.0000000000000000</ROW>
            </PROPERTY>
            <PROPERTY Class="Float" Name="Scale">1.0000000000000000</PROPERTY>
        </COMPONENT>
        <COMPONENT LinkID="90" Class="NiSceneGraphComponent" Name="Scene Graph">
            <PROPERTY Class="String" Name="NIF File Path" Asset="TRUE">.\..\..\00_Object\props\Art_Skeleton1001_01.nif</PROPERTY>
        </COMPONENT>
        <COMPONENT LinkID="91" Class="NiGeneralComponent" Name="Hide Object" TemplateID="f6,46,16,db,61,92,23,47,b5,4a,da,2d,42,d7,85,b9">
            <PROPERTY Class="Float" Name="Alpha Value" SemanticType="Float" DisplayName="Alpha Value" Description="">0.4000000059604645</PROPERTY>
            <PROPERTY Class="Boolean" Name="Alpha Enable" SemanticType="Boolean" DisplayName="Alpha Enable" Description="">FALSE</PROPERTY>
            <PROPERTY Class="Boolean" Name="Hide Object" SemanticType="Boolean" DisplayName="Hide Object" Description="">FALSE</PROPERTY>
        </COMPONENT>
        <COMPONENT LinkID="92" Class="NiTransformationComponent" Name="Transformation">
            <PROPERTY Class="Point3" Name="Translation">-1046.1727294921875000, 1210.2919921875000000, -70.7742538452148440</PROPERTY>
            <PROPERTY Class="Matrix3" Name="Rotation">
                <ROW>0.8339749574661255, -0.5440475344657898, -0.0921850353479385</ROW>
                <ROW>0.5466341972351074, 0.7917420864105225, 0.2726456820964813</ROW>
                <ROW>-0.0753454267978668, -0.2777712345123291, 0.9576879739761353</ROW>
            </PROPERTY>
            <PROPERTY Class="Float" Name="Scale">1.3741278648376465</PROPERTY>
        </COMPONENT>
        <COMPONENT LinkID="93" Class="NiSceneGraphComponent" Name="Scene Graph" MasterLinkID="90" />
        <COMPONENT LinkID="94" Class="NiGeneralComponent" Name="Hide Object" TemplateID="f6,46,16,db,61,92,23,47,b5,4a,da,2d,42,d7,85,b9" MasterLinkID="91" />
        <ENTITY LinkID="95" Class="NiGeneralEntity" Name="Nature_FireCrystal1001_01 39" Type="Object" UsePhysX="FALSE" PostfixTexture="" Optimization="0" AlphaGroup="1" RandomAni="FALSE" TemplateID="86,4,2c,2c,52,69,18,45,b2,6,ef,ad,be,67,99,cb" MasterLinkID="27">
            <COMPONENT RefLinkID="96" />
            <COMPONENT RefLinkID="97" />
        </ENTITY>
        <COMPONENT LinkID="96" Class="NiTransformationComponent" Name="Transformation">
            <PROPERTY Class="Point3" Name="Translation">-320.9432067871093700, 2546.5722656250000000, -324.4854736328125000</PROPERTY>
            <PROPERTY Class="Matrix3" Name="Rotation">
                <ROW>0.9542694091796875, -0.2923390865325928, 0.0625120997428894</ROW>
                <ROW>0.2969385981559753, 0.9511048197746277, -0.0850125327706337</ROW>
                <ROW>-0.0346030034124851, 0.0996871218085289, 0.9944168925285339</ROW>
            </PROPERTY>
            <PROPERTY Class="Float" Name="Scale">4.2562770843505859</PROPERTY>
        </COMPONENT>
        <COMPONENT LinkID="97" Class="NiSceneGraphComponent" Name="Scene Graph" MasterLinkID="29" />
        <ENTITY LinkID="98" Class="NiGeneralEntity" Name="Nature_FireCrystal1001_01 21" Type="Object" UsePhysX="FALSE" PostfixTexture="" Optimization="0" AlphaGroup="1" RandomAni="FALSE" TemplateID="86,4,2c,2c,52,69,18,45,b2,6,ef,ad,be,67,99,cb" MasterLinkID="27">
            <COMPONENT RefLinkID="99" />
            <COMPONENT RefLinkID="100" />
        </ENTITY>
        <COMPONENT LinkID="99" Class="NiTransformationComponent" Name="Transformation">
            <PROPERTY Class="Point3" Name="Translation">-1211.7331542968750000, 1114.3789062500000000, -55.7885742187500000</PROPERTY>
            <PROPERTY Class="Matrix3" Name="Rotation">
                <ROW>0.8638782501220703, -0.4655077755451202, 0.1923968046903610</ROW>
                <ROW>0.4958645403385162, 0.8530675768852234, -0.1624615937471390</ROW>
                <ROW>-0.0885003134608269, 0.2357497513294220, 0.9677754640579224</ROW>
            </PROPERTY>
            <PROPERTY Class="Float" Name="Scale">1.2803150415420532</PROPERTY>
        </COMPONENT>
        <COMPONENT LinkID="100" Class="NiSceneGraphComponent" Name="Scene Graph" MasterLinkID="29" />
        <ENTITY LinkID="101" Class="NiGeneralEntity" Name="gate_next_base" Type="Trigger" UsePhysX="TRUE" PostfixTexture="" Optimization="0" AlphaGroup="5" RandomAni="FALSE" TemplateID="cc,68,ab,3d,80,d7,42,46,b5,a4,97,4d,ef,3d,b0,f3" Hidden="TRUE" MasterLinkID="102">
            <COMPONENT RefLinkID="106" />
            <COMPONENT RefLinkID="107" />
            <COMPONENT RefLinkID="108" />
        </ENTITY>
        <ENTITY LinkID="102" Class="NiGeneralEntity" Name="[General]Object.Kinematic55_noc_CylinderUP" TemplateID="cc,68,ab,3d,80,d7,42,46,b5,a4,97,4d,ef,3d,b0,f3">
            <COMPONENT RefLinkID="103" />
            <COMPONENT RefLinkID="104" />
            <COMPONENT RefLinkID="105" />
        </ENTITY>
        <COMPONENT LinkID="103" Class="NiTransformationComponent" Name="Transformation">
            <PROPERTY Class="Point3" Name="Translation">0.0000000000000000, 0.0000000000000000, 0.0000000000000000</PROPERTY>
            <PROPERTY Class="Matrix3" Name="Rotation">
                <ROW>1.0000000000000000, 0.0000000000000000, 0.0000000000000000</ROW>
                <ROW>0.0000000000000000, 1.0000000000000000, 0.0000000000000000</ROW>
                <ROW>0.0000000000000000, 0.0000000000000000, 1.0000000000000000</ROW>
            </PROPERTY>
            <PROPERTY Class="Float" Name="Scale">1.0000000000000000</PROPERTY>
        </COMPONENT>
        <COMPONENT LinkID="104" Class="NiSceneGraphComponent" Name="Scene Graph">
            <PROPERTY Class="String" Name="NIF File Path" Asset="TRUE">.\..\..\Palettes\Kinematic55_noc_CylinderUP.nif</PROPERTY>
        </COMPONENT>
        <COMPONENT LinkID="105" Class="NiGeneralComponent" Name="Hide Object" TemplateID="f6,46,16,db,61,92,23,47,b5,4a,da,2d,42,d7,85,b9">
            <PROPERTY Class="Float" Name="Alpha Value" SemanticType="Float" DisplayName="Alpha Value" Description="">0.4000000059604645</PROPERTY>
            <PROPERTY Class="Boolean" Name="Alpha Enable" SemanticType="Boolean" DisplayName="Alpha Enable" Description="">FALSE</PROPERTY>
            <PROPERTY Class="Boolean" Name="Hide Object" SemanticType="Boolean" DisplayName="Hide Object" Description="">FALSE</PROPERTY>
