<?xml version="1.0" ?>
<GSA Major="1" Minor="0" Patch="0">
    <PALETTES_DIRECTORY>
        <PALETTE_DIR IDX="0" DIRECTORY=".\..\..\Palettes\" />
    </PALETTES_DIRECTORY>
    <PALETTES>
        <PALETTE NAME="General" DIR_IDX="0" />
        <PALETTE NAME="Block" DIR_IDX="0" />
        <PALETTE NAME="Object" DIR_IDX="0" />
        <PALETTE NAME="Effect" DIR_IDX="0" />
    </PALETTES>
    <OBJECTS>
        <ENTITY LinkID="0" Class="NiGeneralEntity" Name="Art_TreeHouse1002_01 01" Type="Object" UsePhysX="FALSE" PostfixTexture="" Optimization="0" AlphaGroup="1" RandomAni="TRUE" TemplateID="8d,c1,9,32,9f,d2,d6,47,87,e1,32,c4,d1,fa,3b,12" MasterLinkID="1">
            <COMPONENT RefLinkID="5" />
            <COMPONENT RefLinkID="6" />
            <COMPONENT RefLinkID="7" />
        </ENTITY>
        <ENTITY LinkID="1" Class="NiGeneralEntity" Name="[Object]Tree.Art_TreeHouse1002_01" TemplateID="8d,c1,9,32,9f,d2,d6,47,87,e1,32,c4,d1,fa,3b,12">
            <COMPONENT RefLinkID="2" />
            <COMPONENT RefLinkID="3" />
            <COMPONENT RefLinkID="4" />
        </ENTITY>
        <COMPONENT LinkID="2" Class="NiTransformationComponent" Name="Transformation">
            <PROPERTY Class="Point3" Name="Translation">0.0000000000000000, 0.0000000000000000, 0.0000000000000000</PROPERTY>
            <PROPERTY Class="Matrix3" Name="Rotation">
                <ROW>1.0000000000000000, 0.0000000000000000, 0.0000000000000000</ROW>
                <ROW>0.0000000000000000, 1.0000000000000000, 0.0000000000000000</ROW>
                <ROW>0.0000000000000000, 0.0000000000000000, 1.0000000000000000</ROW>
            </PROPERTY>
            <PROPERTY Class="Float" Name="Scale">1.0000000000000000</PROPERTY>
        </COMPONENT>
        <COMPONENT LinkID="3" Class="NiSceneGraphComponent" Name="Scene Graph">
            <PROPERTY Class="String" Name="NIF File Path" Asset="TRUE">.\..\..\00_Object\Tree\Art_TreeHouse1002_01.nif</PROPERTY>
        </COMPONENT>
        <COMPONENT LinkID="4" Class="NiGeneralComponent" Name="Hide Object" TemplateID="f6,46,16,db,61,92,23,47,b5,4a,da,2d,42,d7,85,b9">
            <PROPERTY Class="Float" Name="Alpha Value" SemanticType="Float" DisplayName="Alpha Value" Description="">0.4000000059604645</PROPERTY>
            <PROPERTY Class="Boolean" Name="Alpha Enable" SemanticType="Boolean" DisplayName="Alpha Enable" Description="">FALSE</PROPERTY>
            <PROPERTY Class="Boolean" Name="Hide Object" SemanticType="Boolean" DisplayName="Hide Object" Description="">FALSE</PROPERTY>
        </COMPONENT>
        <COMPONENT LinkID="5" Class="NiTransformationComponent" Name="Transformation">
            <PROPERTY Class="Point3" Name="Translation">-4537.4443359375000000, 4641.5834960937500000, 133.6739196777343700</PROPERTY>
            <PROPERTY Class="Matrix3" Name="Rotation">
                <ROW>0.9058142304420471, -0.3658849596977234, -0.2136092483997345</ROW>
                <ROW>0.4214916825294495, 0.8293489813804627, 0.3667765259742737</ROW>
                <ROW>0.0429586172103882, -0.4222658574581146, 0.9054536223411560</ROW>
            </PROPERTY>
            <PROPERTY Class="Float" Name="Scale">1.0000000000000000</PROPERTY>
        </COMPONENT>
        <COMPONENT LinkID="6" Class="NiSceneGraphComponent" Name="Scene Graph" MasterLinkID="3" />
        <COMPONENT LinkID="7" Class="NiGeneralComponent" Name="Hide Object" TemplateID="f6,46,16,db,61,92,23,47,b5,4a,da,2d,42,d7,85,b9" MasterLinkID="4" />
        <ENTITY LinkID="8" Class="NiGeneralEntity" Name="portal_Lock1001_01 01" Type="Object" UsePhysX="FALSE" PostfixTexture="" Optimization="0" AlphaGroup="1" RandomAni="FALSE" TemplateID="65,68,69,69,27,a7,59,49,b9,9e,5f,8f,1,d4,57,10" MasterLinkID="9">
            <COMPONENT RefLinkID="13" />
            <COMPONENT RefLinkID="14" />
            <COMPONENT RefLinkID="15" />
        </ENTITY>
        <ENTITY LinkID="9" Class="NiGeneralEntity" Name="[Object]Portal.portal_Lock1001_01" TemplateID="65,68,69,69,27,a7,59,49,b9,9e,5f,8f,1,d4,57,10">
            <COMPONENT RefLinkID="10" />
            <COMPONENT RefLinkID="11" />
            <COMPONENT RefLinkID="12" />
        </ENTITY>
        <COMPONENT LinkID="10" Class="NiTransformationComponent" Name="Transformation">
            <PROPERTY Class="Point3" Name="Translation">0.0000000000000000, 0.0000000000000000, 0.0000000000000000</PROPERTY>
            <PROPERTY Class="Matrix3" Name="Rotation">
                <ROW>1.0000000000000000, 0.0000000000000000, 0.0000000000000000</ROW>
                <ROW>0.0000000000000000, 1.0000000000000000, 0.0000000000000000</ROW>
                <ROW>0.0000000000000000, 0.0000000000000000, 1.0000000000000000</ROW>
            </PROPERTY>
            <PROPERTY Class="Float" Name="Scale">1.0000000000000000</PROPERTY>
        </COMPONENT>
        <COMPONENT LinkID="11" Class="NiSceneGraphComponent" Name="Scene Graph">
            <PROPERTY Class="String" Name="NIF File Path" Asset="TRUE">.\..\..\00_Object\Portal\portal_Lock1001_01.nif</PROPERTY>
        </COMPONENT>
        <COMPONENT LinkID="12" Class="NiGeneralComponent" Name="Animation Object" TemplateID="c5,83,7b,6f,ea,53,7d,45,95,5a,2e,ab,38,28,a5,76">
            <PROPERTY Class="Float" Name="Phase" SemanticType="Float" DisplayName="Phase" Description="">-1000.0000000000000000</PROPERTY>
        </COMPONENT>
        <COMPONENT LinkID="13" Class="NiTransformationComponent" Name="Transformation">
            <PROPERTY Class="Point3" Name="Translation">2435.4501953125000000, 1726.9071044921875000, 1070.7076416015625000</PROPERTY>
            <PROPERTY Class="Matrix3" Name="Rotation">
                <ROW>1.0000000000000000, 0.0000000000000000, 0.0000000000000000</ROW>
                <ROW>0.0000000000000000, 1.0000000000000000, 0.0000000000000000</ROW>
                <ROW>0.0000000000000000, 0.0000000000000000, 1.0000000000000000</ROW>
            </PROPERTY>
            <PROPERTY Class="Float" Name="Scale">0.5000000000000000</PROPERTY>
        </COMPONENT>
        <COMPONENT LinkID="14" Class="NiSceneGraphComponent" Name="Scene Graph" MasterLinkID="11" />
        <COMPONENT LinkID="15" Class="NiGeneralComponent" Name="Animation Object" TemplateID="c5,83,7b,6f,ea,53,7d,45,95,5a,2e,ab,38,28,a5,76" MasterLinkID="12" />
        <ENTITY LinkID="16" Class="NiGeneralEntity" Name="N_FDTREE_CircularBoard1001_01 10" Type="Object" UsePhysX="TRUE" PostfixTexture="" Optimization="0" AlphaGroup="0" RandomAni="FALSE" TemplateID="7c,f3,f5,3e,4b,6f,de,4f,a0,d2,d3,7e,37,ee,d,48" MasterLinkID="17">
            <COMPONENT RefLinkID="21" />
            <COMPONENT RefLinkID="22" />
            <COMPONENT RefLinkID="23" />
        </ENTITY>
        <ENTITY LinkID="17" Class="NiGeneralEntity" Name="[Block]020430.N_FDTREE_CircularBoard1001_01" TemplateID="7c,f3,f5,3e,4b,6f,de,4f,a0,d2,d3,7e,37,ee,d,48">
            <COMPONENT RefLinkID="18" />
            <COMPONENT RefLinkID="19" />
            <COMPONENT RefLinkID="20" />
        </ENTITY>
        <COMPONENT LinkID="18" Class="NiTransformationComponent" Name="Transformation">
            <PROPERTY Class="Point3" Name="Translation">0.0000000000000000, 0.0000000000000000, 0.0000000000000000</PROPERTY>
            <PROPERTY Class="Matrix3" Name="Rotation">
                <ROW>1.0000000000000000, 0.0000000000000000, 0.0000000000000000</ROW>
                <ROW>0.0000000000000000, 1.0000000000000000, 0.0000000000000000</ROW>
                <ROW>0.0000000000000000, 0.0000000000000000, 1.0000000000000000</ROW>
            </PROPERTY>
            <PROPERTY Class="Float" Name="Scale">1.0000000000000000</PROPERTY>
        </COMPONENT>
        <COMPONENT LinkID="19" Class="NiSceneGraphComponent" Name="Scene Graph">
            <PROPERTY Class="String" Name="NIF File Path" Asset="TRUE">.\..\02_Modeling\Block\020430\N_FDTREE_CircularBoard1001_01.nif</PROPERTY>
        </COMPONENT>
        <COMPONENT LinkID="20" Class="NiGeneralComponent" Name="Hide Object" TemplateID="f6,46,16,db,61,92,23,47,b5,4a,da,2d,42,d7,85,b9">
            <PROPERTY Class="Float" Name="Alpha Value" SemanticType="Float" DisplayName="Alpha Value" Description="">0.4000000059604645</PROPERTY>
            <PROPERTY Class="Boolean" Name="Alpha Enable" SemanticType="Boolean" DisplayName="Alpha Enable" Description="">FALSE</PROPERTY>
            <PROPERTY Class="Boolean" Name="Hide Object" SemanticType="Boolean" DisplayName="Hide Object" Description="">FALSE</PROPERTY>
        </COMPONENT>
        <COMPONENT LinkID="21" Class="NiTransformationComponent" Name="Transformation">
            <PROPERTY Class="Point3" Name="Translation">647.7324829101562500, 1616.1091308593750000, 1040.3776855468750000</PROPERTY>
            <PROPERTY Class="Matrix3" Name="Rotation">
                <ROW>0.3134714066982269, -0.9495977163314819, 0.0000000000000000</ROW>
                <ROW>0.9495977163314819, 0.3134714066982269, 0.0000000000000000</ROW>
                <ROW>0.0000000000000000, 0.0000000000000000, 1.0000000000000000</ROW>
            </PROPERTY>
            <PROPERTY Class="Float" Name="Scale">1.0000000000000000</PROPERTY>
        </COMPONENT>
        <COMPONENT LinkID="22" Class="NiSceneGraphComponent" Name="Scene Graph" MasterLinkID="19" />
        <COMPONENT LinkID="23" Class="NiGeneralComponent" Name="Hide Object" TemplateID="f6,46,16,db,61,92,23,47,b5,4a,da,2d,42,d7,85,b9" MasterLinkID="20" />
        <ENTITY LinkID="24" Class="NiGeneralEntity" Name="N_FDTREE_Road1001_01 62" Type="Object" UsePhysX="TRUE" PostfixTexture="" Optimization="0" AlphaGroup="0" RandomAni="FALSE" TemplateID="33,32,63,e0,4e,51,6a,4f,94,42,42,5d,7a,51,bd,39" MasterLinkID="25">
            <COMPONENT RefLinkID="28" />
            <COMPONENT RefLinkID="29" />
            <COMPONENT RefLinkID="30" />
        </ENTITY>
        <ENTITY LinkID="25" Class="NiGeneralEntity" Name="[Block]020430.N_FDTREE_Road1001_01" TemplateID="33,32,63,e0,4e,51,6a,4f,94,42,42,5d,7a,51,bd,39">
            <COMPONENT RefLinkID="26" />
            <COMPONENT RefLinkID="27" />
            <COMPONENT RefLinkID="20" />
        </ENTITY>
        <COMPONENT LinkID="26" Class="NiTransformationComponent" Name="Transformation">
            <PROPERTY Class="Point3" Name="Translation">0.0000000000000000, 0.0000000000000000, 0.0000000000000000</PROPERTY>
            <PROPERTY Class="Matrix3" Name="Rotation">
                <ROW>1.0000000000000000, 0.0000000000000000, 0.0000000000000000</ROW>
                <ROW>0.0000000000000000, 1.0000000000000000, 0.0000000000000000</ROW>
                <ROW>0.0000000000000000, 0.0000000000000000, 1.0000000000000000</ROW>
            </PROPERTY>
            <PROPERTY Class="Float" Name="Scale">1.0000000000000000</PROPERTY>
        </COMPONENT>
        <COMPONENT LinkID="27" Class="NiSceneGraphComponent" Name="Scene Graph">
            <PROPERTY Class="String" Name="NIF File Path" Asset="TRUE">.\..\02_Modeling\Block\020430\N_FDTREE_Road1001_01.nif</PROPERTY>
        </COMPONENT>
        <COMPONENT LinkID="28" Class="NiTransformationComponent" Name="Transformation">
            <PROPERTY Class="Point3" Name="Translation">1997.8773193359375000, 1619.5026855468750000, 970.0653686523437500</PROPERTY>
            <PROPERTY Class="Matrix3" Name="Rotation">
                <ROW>-0.7071067690849304, 0.7071067690849304, 0.0000000000000000</ROW>
                <ROW>-0.7071067690849304, -0.7071067690849304, 0.0000000000000000</ROW>
                <ROW>0.0000000000000000, 0.0000000000000000, 1.0000000000000000</ROW>
            </PROPERTY>
            <PROPERTY Class="Float" Name="Scale">1.0000000000000000</PROPERTY>
        </COMPONENT>
        <COMPONENT LinkID="29" Class="NiSceneGraphComponent" Name="Scene Graph" MasterLinkID="27" />
        <COMPONENT LinkID="30" Class="NiGeneralComponent" Name="Hide Object" TemplateID="f6,46,16,db,61,92,23,47,b5,4a,da,2d,42,d7,85,b9" MasterLinkID="20" />
        <ENTITY LinkID="31" Class="NiGeneralEntity" Name="N_FDTREE_Road1001_02 13" Type="Object" UsePhysX="TRUE" PostfixTexture="" Optimization="0" AlphaGroup="0" RandomAni="FALSE" TemplateID="d3,de,2f,1d,48,40,bc,43,a4,1a,4e,97,6f,59,8c,2f" MasterLinkID="32">
            <COMPONENT RefLinkID="36" />
            <COMPONENT RefLinkID="37" />
            <COMPONENT RefLinkID="38" />
        </ENTITY>
        <ENTITY LinkID="32" Class="NiGeneralEntity" Name="[Block]020430.N_FDTREE_Road1001_02" TemplateID="d3,de,2f,1d,48,40,bc,43,a4,1a,4e,97,6f,59,8c,2f">
            <COMPONENT RefLinkID="33" />
            <COMPONENT RefLinkID="34" />
            <COMPONENT RefLinkID="35" />
        </ENTITY>
        <COMPONENT LinkID="33" Class="NiTransformationComponent" Name="Transformation">
            <PROPERTY Class="Point3" Name="Translation">0.0000000000000000, 0.0000000000000000, 0.0000000000000000</PROPERTY>
            <PROPERTY Class="Matrix3" Name="Rotation">
                <ROW>1.0000000000000000, 0.0000000000000000, 0.0000000000000000</ROW>
                <ROW>0.0000000000000000, 1.0000000000000000, 0.0000000000000000</ROW>
                <ROW>0.0000000000000000, 0.0000000000000000, 1.0000000000000000</ROW>
            </PROPERTY>
            <PROPERTY Class="Float" Name="Scale">1.0000000000000000</PROPERTY>
        </COMPONENT>
        <COMPONENT LinkID="34" Class="NiSceneGraphComponent" Name="Scene Graph">
            <PROPERTY Class="String" Name="NIF File Path" Asset="TRUE">.\..\02_Modeling\Block\020430\N_FDTREE_Road1001_02.nif</PROPERTY>
        </COMPONENT>
        <COMPONENT LinkID="35" Class="NiGeneralComponent" Name="Hide Object" TemplateID="f6,46,16,db,61,92,23,47,b5,4a,da,2d,42,d7,85,b9">
            <PROPERTY Class="Float" Name="Alpha Value" SemanticType="Float" DisplayName="Alpha Value" Description="">0.4000000059604645</PROPERTY>
            <PROPERTY Class="Boolean" Name="Alpha Enable" SemanticType="Boolean" DisplayName="Alpha Enable" Description="">FALSE</PROPERTY>
            <PROPERTY Class="Boolean" Name="Hide Object" SemanticType="Boolean" DisplayName="Hide Object" Description="">FALSE</PROPERTY>
        </COMPONENT>
        <COMPONENT LinkID="36" Class="NiTransformationComponent" Name="Transformation">
            <PROPERTY Class="Point3" Name="Translation">1997.8774414062500000, 1265.9494628906250000, 970.0653686523437500</PROPERTY>
            <PROPERTY Class="Matrix3" Name="Rotation">
                <ROW>0.7071076631546021, -0.7071059346199036, 0.0000000000000000</ROW>
                <ROW>0.7071059346199036, 0.7071076631546021, 0.0000000000000000</ROW>
                <ROW>0.0000000000000000, 0.0000000000000000, 1.0000000000000000</ROW>
            </PROPERTY>
            <PROPERTY Class="Float" Name="Scale">1.0000000000000000</PROPERTY>
        </COMPONENT>
        <COMPONENT LinkID="37" Class="NiSceneGraphComponent" Name="Scene Graph" MasterLinkID="34" />
        <COMPONENT LinkID="38" Class="NiGeneralComponent" Name="Hide Object" TemplateID="f6,46,16,db,61,92,23,47,b5,4a,da,2d,42,d7,85,b9" MasterLinkID="35" />
        <ENTITY LinkID="39" Class="NiGeneralEntity" Name="N_FDTREE_RoadProp1002_01 57" Type="Object" UsePhysX="TRUE" PostfixTexture="" Optimization="0" AlphaGroup="0" RandomAni="FALSE" TemplateID="2,e0,cf,72,d0,40,4,4a,a9,90,20,4,74,e3,9a,75" MasterLinkID="40">
            <COMPONENT RefLinkID="43" />
            <COMPONENT RefLinkID="44" />
            <COMPONENT RefLinkID="45" />
        </ENTITY>
        <ENTITY LinkID="40" Class="NiGeneralEntity" Name="[Block]020430.N_FDTREE_RoadProp1002_01" TemplateID="2,e0,cf,72,d0,40,4,4a,a9,90,20,4,74,e3,9a,75">
            <COMPONENT RefLinkID="41" />
            <COMPONENT RefLinkID="42" />
            <COMPONENT RefLinkID="20" />
        </ENTITY>
        <COMPONENT LinkID="41" Class="NiTransformationComponent" Name="Transformation">
            <PROPERTY Class="Point3" Name="Translation">0.0000000000000000, 0.0000000000000000, 0.0000000000000000</PROPERTY>
            <PROPERTY Class="Matrix3" Name="Rotation">
                <ROW>1.0000000000000000, 0.0000000000000000, 0.0000000000000000</ROW>
                <ROW>0.0000000000000000, 1.0000000000000000, 0.0000000000000000</ROW>
                <ROW>0.0000000000000000, 0.0000000000000000, 1.0000000000000000</ROW>
            </PROPERTY>
            <PROPERTY Class="Float" Name="Scale">1.0000000000000000</PROPERTY>
        </COMPONENT>
        <COMPONENT LinkID="42" Class="NiSceneGraphComponent" Name="Scene Graph">
            <PROPERTY Class="String" Name="NIF File Path" Asset="TRUE">.\..\02_Modeling\Block\020430\N_FDTREE_RoadProp1002_01.nif</PROPERTY>
        </COMPONENT>
        <COMPONENT LinkID="43" Class="NiTransformationComponent" Name="Transformation">
            <PROPERTY Class="Point3" Name="Translation">2311.4433593750000000, 1689.2042236328125000, 1022.4763793945312000</PROPERTY>
            <PROPERTY Class="Matrix3" Name="Rotation">
                <ROW>0.3653398752212524, 0.5727832913398743, 0.7337889075279236</ROW>
                <ROW>0.5499326586723328, 0.5032103061676025, -0.6665985584259033</ROW>
                <ROW>-0.7510665655136108, 0.6470694541931152, -0.1311494857072830</ROW>
            </PROPERTY>
            <PROPERTY Class="Float" Name="Scale">0.8564383387565613</PROPERTY>
        </COMPONENT>
        <COMPONENT LinkID="44" Class="NiSceneGraphComponent" Name="Scene Graph" MasterLinkID="42" />
        <COMPONENT LinkID="45" Class="NiGeneralComponent" Name="Hide Object" TemplateID="f6,46,16,db,61,92,23,47,b5,4a,da,2d,42,d7,85,b9" MasterLinkID="20" />
        <ENTITY LinkID="46" Class="NiGeneralEntity" Name="N_FDTREE_RoadProp1002_01 55" Type="Object" UsePhysX="TRUE" PostfixTexture="" Optimization="0" AlphaGroup="0" RandomAni="FALSE" TemplateID="2,e0,cf,72,d0,40,4,4a,a9,90,20,4,74,e3,9a,75" MasterLinkID="40">
            <COMPONENT RefLinkID="47" />
            <COMPONENT RefLinkID="48" />
            <COMPONENT RefLinkID="49" />
        </ENTITY>
        <COMPONENT LinkID="47" Class="NiTransformationComponent" Name="Transformation">
            <PROPERTY Class="Point3" Name="Translation">2389.6293945312500000, 1613.0599365234375000, 1027.4924316406250000</PROPERTY>
            <PROPERTY Class="Matrix3" Name="Rotation">
                <ROW>-0.4076469540596008, 0.5488612055778503, -0.7297777533531189</ROW>
                <ROW>-0.5438348054885864, 0.4960712492465973, 0.6768729090690613</ROW>
                <ROW>0.7335309982299805, 0.6728037595748901, 0.0962679088115692</ROW>
            </PROPERTY>
            <PROPERTY Class="Float" Name="Scale">0.8564383387565613</PROPERTY>
        </COMPONENT>
        <COMPONENT LinkID="48" Class="NiSceneGraphComponent" Name="Scene Graph" MasterLinkID="42" />
        <COMPONENT LinkID="49" Class="NiGeneralComponent" Name="Hide Object" TemplateID="f6,46,16,db,61,92,23,47,b5,4a,da,2d,42,d7,85,b9" MasterLinkID="20" />
        <ENTITY LinkID="50" Class="NiGeneralEntity" Name="N_FDTREE_Road1001_01 60" Type="Object" UsePhysX="TRUE" PostfixTexture="" Optimization="0" AlphaGroup="0" RandomAni="FALSE" TemplateID="33,32,63,e0,4e,51,6a,4f,94,42,42,5d,7a,51,bd,39" MasterLinkID="25">
            <COMPONENT RefLinkID="51" />
            <COMPONENT RefLinkID="52" />
            <COMPONENT RefLinkID="53" />
        </ENTITY>
        <COMPONENT LinkID="51" Class="NiTransformationComponent" Name="Transformation">
            <PROPERTY Class="Point3" Name="Translation">2174.6540527343750000, 1796.2792968750000000, 970.0653686523437500</PROPERTY>
            <PROPERTY Class="Matrix3" Name="Rotation">
                <ROW>0.7071067690849304, 0.7071067690849304, 0.0000000000000000</ROW>
                <ROW>-0.7071067690849304, 0.7071067690849304, 0.0000000000000000</ROW>
                <ROW>0.0000000000000000, 0.0000000000000000, 1.0000000000000000</ROW>
            </PROPERTY>
            <PROPERTY Class="Float" Name="Scale">1.0000000000000000</PROPERTY>
        </COMPONENT>
        <COMPONENT LinkID="52" Class="NiSceneGraphComponent" Name="Scene Graph" MasterLinkID="27" />
        <COMPONENT LinkID="53" Class="NiGeneralComponent" Name="Hide Object" TemplateID="f6,46,16,db,61,92,23,47,b5,4a,da,2d,42,d7,85,b9" MasterLinkID="20" />
        <ENTITY LinkID="54" Class="NiGeneralEntity" Name="Art_OldBridge1001_04 11" Type="Object" UsePhysX="TRUE" PostfixTexture="" Optimization="0" AlphaGroup="1" RandomAni="FALSE" TemplateID="5,31,13,96,59,49,1f,4c,a7,9d,c,70,f8,37,c9,55" MasterLinkID="55">
            <COMPONENT RefLinkID="58" />
            <COMPONENT RefLinkID="59" />
        </ENTITY>
        <ENTITY LinkID="55" Class="NiGeneralEntity" Name="[Object]Bridge.Art_OldBridge1001_04" TemplateID="5,31,13,96,59,49,1f,4c,a7,9d,c,70,f8,37,c9,55">
            <COMPONENT RefLinkID="56" />
            <COMPONENT RefLinkID="57" />
        </ENTITY>
        <COMPONENT LinkID="56" Class="NiTransformationComponent" Name="Transformation">
            <PROPERTY Class="Point3" Name="Translation">0.0000000000000000, 0.0000000000000000, 0.0000000000000000</PROPERTY>
            <PROPERTY Class="Matrix3" Name="Rotation">
                <ROW>1.0000000000000000, 0.0000000000000000, 0.0000000000000000</ROW>
                <ROW>0.0000000000000000, 1.0000000000000000, 0.0000000000000000</ROW>
                <ROW>0.0000000000000000, 0.0000000000000000, 1.0000000000000000</ROW>
            </PROPERTY>
            <PROPERTY Class="Float" Name="Scale">1.0000000000000000</PROPERTY>
        </COMPONENT>
        <COMPONENT LinkID="57" Class="NiSceneGraphComponent" Name="Scene Graph">
            <PROPERTY Class="String" Name="NIF File Path" Asset="TRUE">.\..\..\00_Object\Bridge\Art_OldBridge1001_04.nif</PROPERTY>
        </COMPONENT>
        <COMPONENT LinkID="58" Class="NiTransformationComponent" Name="Transformation">
            <PROPERTY Class="Point3" Name="Translation">861.5982055664062500, 1623.4416503906250000, 1026.1373291015625000</PROPERTY>
            <PROPERTY Class="Matrix3" Name="Rotation">
                <ROW>-0.9969569444656372, -0.0113156074658036, 0.0771295279264450</ROW>
                <ROW>0.0112755428999662, -0.9999359846115112, -0.0009549285168760</ROW>
                <ROW>0.0771353915333748, -0.0000823452646728, 0.9970206618309021</ROW>
            </PROPERTY>
            <PROPERTY Class="Float" Name="Scale">1.0000000000000000</PROPERTY>
        </COMPONENT>
        <COMPONENT LinkID="59" Class="NiSceneGraphComponent" Name="Scene Graph" MasterLinkID="57" />
        <ENTITY LinkID="60" Class="NiGeneralEntity" Name="Art_OldBridge1001_05 19" Type="Object" UsePhysX="TRUE" PostfixTexture="" Optimization="0" AlphaGroup="1" RandomAni="FALSE" TemplateID="d6,64,18,e2,5f,e7,15,46,bc,f6,df,ad,c5,56,93,2d" MasterLinkID="61">
            <COMPONENT RefLinkID="64" />
            <COMPONENT RefLinkID="65" />
        </ENTITY>
        <ENTITY LinkID="61" Class="NiGeneralEntity" Name="[Object]Bridge.Art_OldBridge1001_05" TemplateID="d6,64,18,e2,5f,e7,15,46,bc,f6,df,ad,c5,56,93,2d">
            <COMPONENT RefLinkID="62" />
            <COMPONENT RefLinkID="63" />
        </ENTITY>
        <COMPONENT LinkID="62" Class="NiTransformationComponent" Name="Transformation">
            <PROPERTY Class="Point3" Name="Translation">0.0000000000000000, 0.0000000000000000, 0.0000000000000000</PROPERTY>
            <PROPERTY Class="Matrix3" Name="Rotation">
                <ROW>1.0000000000000000, 0.0000000000000000, 0.0000000000000000</ROW>
                <ROW>0.0000000000000000, 1.0000000000000000, 0.0000000000000000</ROW>
                <ROW>0.0000000000000000, 0.0000000000000000, 1.0000000000000000</ROW>
            </PROPERTY>
            <PROPERTY Class="Float" Name="Scale">1.0000000000000000</PROPERTY>
        </COMPONENT>
        <COMPONENT LinkID="63" Class="NiSceneGraphComponent" Name="Scene Graph">
            <PROPERTY Class="String" Name="NIF File Path" Asset="TRUE">.\..\..\00_Object\Bridge\Art_OldBridge1001_05.nif</PROPERTY>
        </COMPONENT>
        <COMPONENT LinkID="64" Class="NiTransformationComponent" Name="Transformation">
            <PROPERTY Class="Point3" Name="Translation">902.3970947265625000, 1613.3647460937500000, 1024.2282714843750000</PROPERTY>
            <PROPERTY Class="Matrix3" Name="Rotation">
                <ROW>-0.9988570809364319, -0.0113156074658036, 0.0464407950639725</ROW>
                <ROW>0.0112995728850365, -0.9999359846115112, -0.0006078011356294</ROW>
                <ROW>0.0464446991682053, -0.0000823452646728, 0.9989209175109863</ROW>
            </PROPERTY>
            <PROPERTY Class="Float" Name="Scale">1.0000000000000000</PROPERTY>
        </COMPONENT>
        <COMPONENT LinkID="65" Class="NiSceneGraphComponent" Name="Scene Graph" MasterLinkID="63" />
        <ENTITY LinkID="66" Class="NiGeneralEntity" Name="Art_OldBridge1001_07 01" Type="Object" UsePhysX="TRUE" PostfixTexture="" Optimization="0" AlphaGroup="1" RandomAni="FALSE" TemplateID="ad,7d,e5,33,ba,a,8f,4f,8f,10,60,f6,31,1c,30,9" MasterLinkID="67">
            <COMPONENT RefLinkID="70" />
            <COMPONENT RefLinkID="71" />
        </ENTITY>
        <ENTITY LinkID="67" Class="NiGeneralEntity" Name="[Object]Bridge.Art_OldBridge1001_07" TemplateID="ad,7d,e5,33,ba,a,8f,4f,8f,10,60,f6,31,1c,30,9">
            <COMPONENT RefLinkID="68" />
            <COMPONENT RefLinkID="69" />
        </ENTITY>
        <COMPONENT LinkID="68" Class="NiTransformationComponent" Name="Transformation">
            <PROPERTY Class="Point3" Name="Translation">0.0000000000000000, 0.0000000000000000, 0.0000000000000000</PROPERTY>
            <PROPERTY Class="Matrix3" Name="Rotation">
                <ROW>1.0000000000000000, 0.0000000000000000, 0.0000000000000000</ROW>
                <ROW>0.0000000000000000, 1.0000000000000000, 0.0000000000000000</ROW>
                <ROW>0.0000000000000000, 0.0000000000000000, 1.0000000000000000</ROW>
            </PROPERTY>
            <PROPERTY Class="Float" Name="Scale">1.0000000000000000</PROPERTY>
        </COMPONENT>
        <COMPONENT LinkID="69" Class="NiSceneGraphComponent" Name="Scene Graph">
            <PROPERTY Class="String" Name="NIF File Path" Asset="TRUE">.\..\..\00_Object\Bridge\Art_OldBridge1001_07.nif</PROPERTY>
        </COMPONENT>
        <COMPONENT LinkID="70" Class="NiTransformationComponent" Name="Transformation">
            <PROPERTY Class="Point3" Name="Translation">953.1624145507812500, 1608.4987792968750000, 1020.9655761718750000</PROPERTY>
            <PROPERTY Class="Matrix3" Name="Rotation">
                <ROW>-0.9967388510704041, -0.0113156074658036, 0.0798986181616783</ROW>
                <ROW>0.0112728467211127, -0.9999359846115112, -0.0009862466249615</ROW>
                <ROW>0.0799046605825424, -0.0000823452646728, 0.9968025684356690</ROW>
            </PROPERTY>
            <PROPERTY Class="Float" Name="Scale">1.0000000000000000</PROPERTY>
        </COMPONENT>
        <COMPONENT LinkID="71" Class="NiSceneGraphComponent" Name="Scene Graph" MasterLinkID="69" />
        <ENTITY LinkID="72" Class="NiGeneralEntity" Name="Art_OldBridge1001_05 20" Type="Object" UsePhysX="TRUE" PostfixTexture="" Optimization="0" AlphaGroup="1" RandomAni="FALSE" TemplateID="d6,64,18,e2,5f,e7,15,46,bc,f6,df,ad,c5,56,93,2d" MasterLinkID="61">
            <COMPONENT RefLinkID="73" />
            <COMPONENT RefLinkID="74" />
        </ENTITY>
        <COMPONENT LinkID="73" Class="NiTransformationComponent" Name="Transformation">
            <PROPERTY Class="Point3" Name="Translation">1037.4519042968750000, 1611.8367919921875000, 1019.9853515625000000</PROPERTY>
            <PROPERTY Class="Matrix3" Name="Rotation">
                <ROW>-0.9967388510704041, -0.0113156074658036, 0.0798985958099365</ROW>
                <ROW>0.0112728467211127, -0.9999359846115112, -0.0009862462757155</ROW>
                <ROW>0.0799046456813812, -0.0000823452646728, 0.9968025684356690</ROW>
            </PROPERTY>
            <PROPERTY Class="Float" Name="Scale">1.0000000000000000</PROPERTY>
        </COMPONENT>
        <COMPONENT LinkID="74" Class="NiSceneGraphComponent" Name="Scene Graph" MasterLinkID="63" />
        <ENTITY LinkID="75" Class="NiGeneralEntity" Name="Art_OldBridge1001_06 12" Type="Object" UsePhysX="TRUE" PostfixTexture="" Optimization="0" AlphaGroup="1" RandomAni="FALSE" TemplateID="e3,f6,ac,c3,64,b3,72,42,98,e,70,79,85,85,b7,a8" MasterLinkID="76">
            <COMPONENT RefLinkID="79" />
            <COMPONENT RefLinkID="80" />
        </ENTITY>
        <ENTITY LinkID="76" Class="NiGeneralEntity" Name="[Object]Bridge.Art_OldBridge1001_06" TemplateID="e3,f6,ac,c3,64,b3,72,42,98,e,70,79,85,85,b7,a8">
            <COMPONENT RefLinkID="77" />
            <COMPONENT RefLinkID="78" />
        </ENTITY>
        <COMPONENT LinkID="77" Class="NiTransformationComponent" Name="Transformation">
            <PROPERTY Class="Point3" Name="Translation">0.0000000000000000, 0.0000000000000000, 0.0000000000000000</PROPERTY>
            <PROPERTY Class="Matrix3" Name="Rotation">
                <ROW>1.0000000000000000, 0.0000000000000000, 0.0000000000000000</ROW>
                <ROW>0.0000000000000000, 1.0000000000000000, 0.0000000000000000</ROW>
                <ROW>0.0000000000000000, 0.0000000000000000, 1.0000000000000000</ROW>
            </PROPERTY>
            <PROPERTY Class="Float" Name="Scale">1.0000000000000000</PROPERTY>
        </COMPONENT>
        <COMPONENT LinkID="78" Class="NiSceneGraphComponent" Name="Scene Graph">
            <PROPERTY Class="String" Name="NIF File Path" Asset="TRUE">.\..\..\00_Object\Bridge\Art_OldBridge1001_06.nif</PROPERTY>
        </COMPONENT>
        <COMPONENT LinkID="79" Class="NiTransformationComponent" Name="Transformation">
            <PROPERTY Class="Point3" Name="Translation">1072.1353759765625000, 1611.5588378906250000, 1026.0076904296875000</PROPERTY>
            <PROPERTY Class="Matrix3" Name="Rotation">
                <ROW>-0.9985023140907288, -0.0112996837124228, -0.0535308420658112</ROW>
                <ROW>0.0113159073516726, -0.9999359846115112, 0.0000000000000000</ROW>
                <ROW>-0.0535274147987366, -0.0006057500722818, 0.9985662102699280</ROW>
            </PROPERTY>
            <PROPERTY Class="Float" Name="Scale">1.0000000000000000</PROPERTY>
        </COMPONENT>
        <COMPONENT LinkID="80" Class="NiSceneGraphComponent" Name="Scene Graph" MasterLinkID="78" />
        <ENTITY LinkID="81" Class="NiGeneralEntity" Name="Art_OldBridge1001_04 12" Type="Object" UsePhysX="TRUE" PostfixTexture="" Optimization="0" AlphaGroup="1" RandomAni="FALSE" TemplateID="5,31,13,96,59,49,1f,4c,a7,9d,c,70,f8,37,c9,55" MasterLinkID="55">
            <COMPONENT RefLinkID="82" />
            <COMPONENT RefLinkID="83" />
        </ENTITY>
        <COMPONENT LinkID="82" Class="NiTransformationComponent" Name="Transformation">
            <PROPERTY Class="Point3" Name="Translation">1167.8099365234375000, 1619.8430175781250000, 1026.5374755859375000</PROPERTY>
            <PROPERTY Class="Matrix3" Name="Rotation">
                <ROW>-0.9999095201492310, -0.0113156074658036, -0.0072769476100802</ROW>
                <ROW>0.0113159073516726, -0.9999359846115112, 0.0000000000000000</ROW>
                <ROW>-0.0072764819487929, -0.0000823452646728, 0.9999735355377197</ROW>
            </PROPERTY>
            <PROPERTY Class="Float" Name="Scale">1.0000000000000000</PROPERTY>
        </COMPONENT>
        <COMPONENT LinkID="83" Class="NiSceneGraphComponent" Name="Scene Graph" MasterLinkID="57" />
        <ENTITY LinkID="84" Class="NiGeneralEntity" Name="Art_OldBridge1001_05 21" Type="Object" UsePhysX="TRUE" PostfixTexture="" Optimization="0" AlphaGroup="1" RandomAni="FALSE" TemplateID="d6,64,18,e2,5f,e7,15,46,bc,f6,df,ad,c5,56,93,2d" MasterLinkID="61">
            <COMPONENT RefLinkID="85" />
            <COMPONENT RefLinkID="86" />
        </ENTITY>
        <COMPONENT LinkID="85" Class="NiTransformationComponent" Name="Transformation">
            <PROPERTY Class="Point3" Name="Translation">1233.1910400390625000, 1609.9024658203125000, 1028.3240966796875000</PROPERTY>
            <PROPERTY Class="Matrix3" Name="Rotation">
                <ROW>-0.9954703450202942, -0.0113156074658036, -0.0943971127271652</ROW>
                <ROW>0.0112728467211127, -0.9999359846115112, 0.0009862462757155</ROW>
                <ROW>-0.0944022238254547, -0.0000823452646728, 0.9955341815948486</ROW>
            </PROPERTY>
            <PROPERTY Class="Float" Name="Scale">1.0000000000000000</PROPERTY>
        </COMPONENT>
        <COMPONENT LinkID="86" Class="NiSceneGraphComponent" Name="Scene Graph" MasterLinkID="63" />
        <ENTITY LinkID="87" Class="NiGeneralEntity" Name="N_FDTREE_Road1001_01 61" Type="Object" UsePhysX="TRUE" PostfixTexture="" Optimization="0" AlphaGroup="0" RandomAni="FALSE" TemplateID="33,32,63,e0,4e,51,6a,4f,94,42,42,5d,7a,51,bd,39" MasterLinkID="25">
            <COMPONENT RefLinkID="88" />
            <COMPONENT RefLinkID="89" />
            <COMPONENT RefLinkID="90" />
        </ENTITY>
        <COMPONENT LinkID="88" Class="NiTransformationComponent" Name="Transformation">
            <PROPERTY Class="Point3" Name="Translation">2174.6540527343750000, 1442.7259521484375000, 970.0653686523437500</PROPERTY>
            <PROPERTY Class="Matrix3" Name="Rotation">
                <ROW>0.7071067690849304, 0.7071067690849304, 0.0000000000000000</ROW>
                <ROW>-0.7071067690849304, 0.7071067690849304, 0.0000000000000000</ROW>
                <ROW>0.0000000000000000, 0.0000000000000000, 1.0000000000000000</ROW>
            </PROPERTY>
            <PROPERTY Class="Float" Name="Scale">1.0000000000000000</PROPERTY>
        </COMPONENT>
        <COMPONENT LinkID="89" Class="NiSceneGraphComponent" Name="Scene Graph" MasterLinkID="27" />
        <COMPONENT LinkID="90" Class="NiGeneralComponent" Name="Hide Object" TemplateID="f6,46,16,db,61,92,23,47,b5,4a,da,2d,42,d7,85,b9" MasterLinkID="20" />
        <ENTITY LinkID="91" Class="NiGeneralEntity" Name="N_FDTREE_CircularBoard1001_01 12" Type="Object" UsePhysX="TRUE" PostfixTexture="" Optimization="0" AlphaGroup="0" RandomAni="FALSE" TemplateID="7c,f3,f5,3e,4b,6f,de,4f,a0,d2,d3,7e,37,ee,d,48" MasterLinkID="17">
            <COMPONENT RefLinkID="92" />
            <COMPONENT RefLinkID="93" />
            <COMPONENT RefLinkID="94" />
        </ENTITY>
        <COMPONENT LinkID="92" Class="NiTransformationComponent" Name="Transformation">
            <PROPERTY Class="Point3" Name="Translation">1441.4720458984375000, 1613.4968261718750000, 1041.3400878906250000</PROPERTY>
            <PROPERTY Class="Matrix3" Name="Rotation">
                <ROW>1.0000000000000000, 0.0000000000000000, 0.0000000000000000</ROW>
                <ROW>0.0000000000000000, 1.0000000000000000, 0.0000000000000000</ROW>
                <ROW>0.0000000000000000, 0.0000000000000000, 1.0000000000000000</ROW>
            </PROPERTY>
            <PROPERTY Class="Float" Name="Scale">1.0000000000000000</PROPERTY>
        </COMPONENT>
        <COMPONENT LinkID="93" Class="NiSceneGraphComponent" Name="Scene Graph" MasterLinkID="19" />
        <COMPONENT LinkID="94" Class="NiGeneralComponent" Name="Hide Object" TemplateID="f6,46,16,db,61,92,23,47,b5,4a,da,2d,42,d7,85,b9" MasterLinkID="20" />
        <ENTITY LinkID="95" Class="NiGeneralEntity" Name="N_FDTREE_Road1001_01 59" Type="Object" UsePhysX="TRUE" PostfixTexture="" Optimization="0" AlphaGroup="0" RandomAni="FALSE" TemplateID="33,32,63,e0,4e,51,6a,4f,94,42,42,5d,7a,51,bd,39" MasterLinkID="25">
            <COMPONENT RefLinkID="96" />
            <COMPONENT RefLinkID="97" />
            <COMPONENT RefLinkID="98" />
        </ENTITY>
        <COMPONENT LinkID="96" Class="NiTransformationComponent" Name="Transformation">
            <PROPERTY Class="Point3" Name="Translation">2351.4306640625000000, 1619.5026855468750000, 970.0653686523437500</PROPERTY>
            <PROPERTY Class="Matrix3" Name="Rotation">
                <ROW>-0.7071067690849304, 0.7071067690849304, 0.0000000000000000</ROW>
                <ROW>-0.7071067690849304, -0.7071067690849304, 0.0000000000000000</ROW>
                <ROW>0.0000000000000000, 0.0000000000000000, 1.0000000000000000</ROW>
            </PROPERTY>
            <PROPERTY Class="Float" Name="Scale">1.0000000000000000</PROPERTY>
        </COMPONENT>
        <COMPONENT LinkID="97" Class="NiSceneGraphComponent" Name="Scene Graph" MasterLinkID="27" />
        <COMPONENT LinkID="98" Class="NiGeneralComponent" Name="Hide Object" TemplateID="f6,46,16,db,61,92,23,47,b5,4a,da,2d,42,d7,85,b9" MasterLinkID="20" />
        <ENTITY LinkID="99" Class="NiGeneralEntity" Name="N_FDTREE_BigTree1001_01 01" Type="Object" UsePhysX="FALSE" PostfixTexture="" Optimization="0" AlphaGroup="0" RandomAni="FALSE" TemplateID="ca,f,c4,f6,1f,22,45,43,a8,37,7,6f,1c,32,3a,b0" MasterLinkID="100">
            <COMPONENT RefLinkID="104" />
            <COMPONENT RefLinkID="105" />
            <COMPONENT RefLinkID="106" />
        </ENTITY>
        <ENTITY LinkID="100" Class="NiGeneralEntity" Name="[Block]020430.N_FDTREE_BigTree1001_01" TemplateID="ca,f,c4,f6,1f,22,45,43,a8,37,7,6f,1c,32,3a,b0">
            <COMPONENT RefLinkID="101" />
            <COMPONENT RefLinkID="102" />
            <COMPONENT RefLinkID="103" />
        </ENTITY>
        <COMPONENT LinkID="101" Class="NiTransformationComponent" Name="Transformation">
            <PROPERTY Class="Point3" Name="Translation">0.0000000000000000, 0.0000000000000000, 0.0000000000000000</PROPERTY>
            <PROPERTY Class="Matrix3" Name="Rotation">
                <ROW>1.0000000000000000, 0.0000000000000000, 0.0000000000000000</ROW>
                <ROW>0.0000000000000000, 1.0000000000000000, 0.0000000000000000</ROW>
                <ROW>0.0000000000000000, 0.0000000000000000, 1.0000000000000000</ROW>
            </PROPERTY>
            <PROPERTY Class="Float" Name="Scale">1.0000000000000000</PROPERTY>
        </COMPONENT>
        <COMPONENT LinkID="102" Class="NiSceneGraphComponent" Name="Scene Graph">
            <PROPERTY Class="String" Name="NIF File Path" Asset="TRUE">.\..\02_Modeling\Block\020430\N_FDTREE_BigTree1001_01.nif</PROPERTY>
        </COMPONENT>
        <COMPONENT LinkID="103" Class="NiGeneralComponent" Name="Hide Object" TemplateID="f6,46,16,db,61,92,23,47,b5,4a,da,2d,42,d7,85,b9">
            <PROPERTY Class="Float" Name="Alpha Value" SemanticType="Float" DisplayName="Alpha Value" Description="">0.4000000059604645</PROPERTY>
            <PROPERTY Class="Boolean" Name="Alpha Enable" SemanticType="Boolean" DisplayName="Alpha Enable" Description="">FALSE</PROPERTY>
            <PROPERTY Class="Boolean" Name="Hide Object" SemanticType="Boolean" DisplayName="Hide Object" Description="">FALSE</PROPERTY>
        </COMPONENT>
        <COMPONENT LinkID="104" Class="NiTransformationComponent" Name="Transformation">
            <PROPERTY Class="Point3" Name="Translation">2518.1201171875000000, 1811.2789306640625000, 126.2879943847656200</PROPERTY>
            <PROPERTY Class="Matrix3" Name="Rotation">
                <ROW>0.6902441978454590, 0.7235764265060425, 0.0000000000000000</ROW>
                <ROW>-0.7235764265060425, 0.6902441978454590, 0.0000000000000000</ROW>
                <ROW>0.0000000000000000, 0.0000000000000000, 1.0000000000000000</ROW>
            </PROPERTY>
            <PROPERTY Class="Float" Name="Scale">1.0000000000000000</PROPERTY>
        </COMPONENT>
        <COMPONENT LinkID="105" Class="NiSceneGraphComponent" Name="Scene Graph" MasterLinkID="102" />
        <COMPONENT LinkID="106" Class="NiGeneralComponent" Name="Hide Object" TemplateID="f6,46,16,db,61,92,23,47,b5,4a,da,2d,42,d7,85,b9" MasterLinkID="103" />
        <ENTITY LinkID="107" Class="NiGeneralEntity" Name="N_FDTREE_RoadProp1002_01 02" Type="Object" UsePhysX="TRUE" PostfixTexture="" Optimization="0" AlphaGroup="0" RandomAni="FALSE" TemplateID="2,e0,cf,72,d0,40,4,4a,a9,90,20,4,74,e3,9a,75" MasterLinkID="40">
