<?xml version="1.0" ?>
<GSA Major="1" Minor="0" Patch="0">
    <PALETTES_DIRECTORY>
        <PALETTE_DIR IDX="0" DIRECTORY=".\..\..\Palettes\" />
    </PALETTES_DIRECTORY>
    <PALETTES>
        <PALETTE NAME="General" DIR_IDX="0" />
        <PALETTE NAME="Block" DIR_IDX="0" />
        <PALETTE NAME="Object" DIR_IDX="0" />
        <PALETTE NAME="Effect" DIR_IDX="0" />
    </PALETTES>
    <OBJECTS>
        <ENTITY LinkID="0" Class="NiGeneralEntity" Name="Art_TreeHouse1002_01 01" Type="Object" UsePhysX="FALSE" PostfixTexture="" Optimization="0" AlphaGroup="1" RandomAni="TRUE" TemplateID="8d,c1,9,32,9f,d2,d6,47,87,e1,32,c4,d1,fa,3b,12" MasterLinkID="1">
            <COMPONENT RefLinkID="5" />
            <COMPONENT RefLinkID="6" />
            <COMPONENT RefLinkID="7" />
        </ENTITY>
        <ENTITY LinkID="1" Class="NiGeneralEntity" Name="[Object]Tree.Art_TreeHouse1002_01" TemplateID="8d,c1,9,32,9f,d2,d6,47,87,e1,32,c4,d1,fa,3b,12">
            <COMPONENT RefLinkID="2" />
            <COMPONENT RefLinkID="3" />
            <COMPONENT RefLinkID="4" />
        </ENTITY>
        <COMPONENT LinkID="2" Class="NiTransformationComponent" Name="Transformation">
            <PROPERTY Class="Point3" Name="Translation">0.0000000000000000, 0.0000000000000000, 0.0000000000000000</PROPERTY>
            <PROPERTY Class="Matrix3" Name="Rotation">
                <ROW>1.0000000000000000, 0.0000000000000000, 0.0000000000000000</ROW>
                <ROW>0.0000000000000000, 1.0000000000000000, 0.0000000000000000</ROW>
                <ROW>0.0000000000000000, 0.0000000000000000, 1.0000000000000000</ROW>
            </PROPERTY>
            <PROPERTY Class="Float" Name="Scale">1.0000000000000000</PROPERTY>
        </COMPONENT>
        <COMPONENT LinkID="3" Class="NiSceneGraphComponent" Name="Scene Graph">
            <PROPERTY Class="String" Name="NIF File Path" Asset="TRUE">.\..\..\00_Object\Tree\Art_TreeHouse1002_01.nif</PROPERTY>
        </COMPONENT>
        <COMPONENT LinkID="4" Class="NiGeneralComponent" Name="Hide Object" TemplateID="f6,46,16,db,61,92,23,47,b5,4a,da,2d,42,d7,85,b9">
            <PROPERTY Class="Float" Name="Alpha Value" SemanticType="Float" DisplayName="Alpha Value" Description="">0.4000000059604645</PROPERTY>
            <PROPERTY Class="Boolean" Name="Alpha Enable" SemanticType="Boolean" DisplayName="Alpha Enable" Description="">FALSE</PROPERTY>
            <PROPERTY Class="Boolean" Name="Hide Object" SemanticType="Boolean" DisplayName="Hide Object" Description="">FALSE</PROPERTY>
        </COMPONENT>
        <COMPONENT LinkID="5" Class="NiTransformationComponent" Name="Transformation">
            <PROPERTY Class="Point3" Name="Translation">-4537.4443359375000000, 4641.5834960937500000, 133.6739196777343700</PROPERTY>
            <PROPERTY Class="Matrix3" Name="Rotation">
                <ROW>0.9058142304420471, -0.3658849596977234, -0.2136092483997345</ROW>
                <ROW>0.4214916825294495, 0.8293489813804627, 0.3667765259742737</ROW>
                <ROW>0.0429586172103882, -0.4222658574581146, 0.9054536223411560</ROW>
            </PROPERTY>
            <PROPERTY Class="Float" Name="Scale">1.0000000000000000</PROPERTY>
        </COMPONENT>
        <COMPONENT LinkID="6" Class="NiSceneGraphComponent" Name="Scene Graph" MasterLinkID="3" />
        <COMPONENT LinkID="7" Class="NiGeneralComponent" Name="Hide Object" TemplateID="f6,46,16,db,61,92,23,47,b5,4a,da,2d,42,d7,85,b9" MasterLinkID="4" />
        <ENTITY LinkID="8" Class="NiGeneralEntity" Name="N_FDTREE_Awning1001_01 03" Type="Object" UsePhysX="FALSE" PostfixTexture="" Optimization="0" AlphaGroup="0" RandomAni="FALSE" TemplateID="89,b7,d9,51,15,ab,34,4c,96,f8,5f,ce,e9,b5,5c,24" MasterLinkID="9">
            <COMPONENT RefLinkID="13" />
            <COMPONENT RefLinkID="14" />
            <COMPONENT RefLinkID="15" />
        </ENTITY>
        <ENTITY LinkID="9" Class="NiGeneralEntity" Name="[Block]020430.N_FDTREE_Awning1001_01" TemplateID="89,b7,d9,51,15,ab,34,4c,96,f8,5f,ce,e9,b5,5c,24">
            <COMPONENT RefLinkID="10" />
            <COMPONENT RefLinkID="11" />
            <COMPONENT RefLinkID="12" />
        </ENTITY>
        <COMPONENT LinkID="10" Class="NiTransformationComponent" Name="Transformation">
            <PROPERTY Class="Point3" Name="Translation">0.0000000000000000, 0.0000000000000000, 0.0000000000000000</PROPERTY>
            <PROPERTY Class="Matrix3" Name="Rotation">
                <ROW>1.0000000000000000, 0.0000000000000000, 0.0000000000000000</ROW>
                <ROW>0.0000000000000000, 1.0000000000000000, 0.0000000000000000</ROW>
                <ROW>0.0000000000000000, 0.0000000000000000, 1.0000000000000000</ROW>
            </PROPERTY>
            <PROPERTY Class="Float" Name="Scale">1.0000000000000000</PROPERTY>
        </COMPONENT>
        <COMPONENT LinkID="11" Class="NiSceneGraphComponent" Name="Scene Graph">
            <PROPERTY Class="String" Name="NIF File Path" Asset="TRUE">.\..\02_Modeling\Block\020430\N_FDTREE_Awning1001_01.nif</PROPERTY>
        </COMPONENT>
        <COMPONENT LinkID="12" Class="NiGeneralComponent" Name="Hide Object" TemplateID="f6,46,16,db,61,92,23,47,b5,4a,da,2d,42,d7,85,b9">
            <PROPERTY Class="Float" Name="Alpha Value" SemanticType="Float" DisplayName="Alpha Value" Description="">0.4000000059604645</PROPERTY>
            <PROPERTY Class="Boolean" Name="Alpha Enable" SemanticType="Boolean" DisplayName="Alpha Enable" Description="">FALSE</PROPERTY>
            <PROPERTY Class="Boolean" Name="Hide Object" SemanticType="Boolean" DisplayName="Hide Object" Description="">FALSE</PROPERTY>
        </COMPONENT>
        <COMPONENT LinkID="13" Class="NiTransformationComponent" Name="Transformation">
            <PROPERTY Class="Point3" Name="Translation">-3755.2001953125000000, 1413.5061035156250000, 926.3580322265625000</PROPERTY>
            <PROPERTY Class="Matrix3" Name="Rotation">
                <ROW>0.0680961161851883, -0.9976786971092224, 0.0000000000000000</ROW>
                <ROW>0.9976786971092224, 0.0680961161851883, 0.0000000000000000</ROW>
                <ROW>0.0000000000000000, 0.0000000000000000, 1.0000000000000000</ROW>
            </PROPERTY>
            <PROPERTY Class="Float" Name="Scale">1.0000000000000000</PROPERTY>
        </COMPONENT>
        <COMPONENT LinkID="14" Class="NiSceneGraphComponent" Name="Scene Graph" MasterLinkID="11" />
        <COMPONENT LinkID="15" Class="NiGeneralComponent" Name="Hide Object" TemplateID="f6,46,16,db,61,92,23,47,b5,4a,da,2d,42,d7,85,b9" MasterLinkID="12" />
        <ENTITY LinkID="16" Class="NiGeneralEntity" Name="main_Camera" Type="MainCamera" UsePhysX="TRUE" PostfixTexture="" Optimization="0" AlphaGroup="0" RandomAni="TRUE" TemplateID="31,e4,f1,ae,7f,4f,58,4e,87,63,e3,36,31,5c,49,3a" Hidden="TRUE" MasterLinkID="17">
            <COMPONENT RefLinkID="20" />
            <COMPONENT RefLinkID="21" />
        </ENTITY>
        <ENTITY LinkID="17" Class="NiGeneralEntity" Name="[General]Cameras.Camera" TemplateID="31,e4,f1,ae,7f,4f,58,4e,87,63,e3,36,31,5c,49,3a">
            <COMPONENT RefLinkID="18" />
            <COMPONENT RefLinkID="19" />
        </ENTITY>
        <COMPONENT LinkID="18" Class="NiTransformationComponent" Name="Transformation">
            <PROPERTY Class="Point3" Name="Translation">0.0000000000000000, 0.0000000000000000, 0.0000000000000000</PROPERTY>
            <PROPERTY Class="Matrix3" Name="Rotation">
                <ROW>1.0000000000000000, 0.0000000000000000, 0.0000000000000000</ROW>
                <ROW>0.0000000000000000, 1.0000000000000000, 0.0000000000000000</ROW>
                <ROW>0.0000000000000000, 0.0000000000000000, 1.0000000000000000</ROW>
            </PROPERTY>
            <PROPERTY Class="Float" Name="Scale">1.0000000000000000</PROPERTY>
        </COMPONENT>
        <COMPONENT LinkID="19" Class="NiCameraComponent" Name="Camera">
            <PROPERTY Class="Float" Name="Field of View">90.0000000000000000</PROPERTY>
            <PROPERTY Class="Float" Name="Aspect Ratio">1.3333300352096558</PROPERTY>
            <PROPERTY Class="Float" Name="Near Clipping Plane">1.0000000000000000</PROPERTY>
            <PROPERTY Class="Float" Name="Far Clipping Plane">10000.0000000000000000</PROPERTY>
            <PROPERTY Class="Boolean" Name="Orthographic">FALSE</PROPERTY>
        </COMPONENT>
        <COMPONENT LinkID="20" Class="NiTransformationComponent" Name="Transformation">
            <PROPERTY Class="Point3" Name="Translation">-98.9342269897460940, -1754.4754638671875000, 742.2911376953125000</PROPERTY>
            <PROPERTY Class="Matrix3" Name="Rotation">
                <ROW>-0.2771922349929810, -0.0545618981122971, 0.9592640995979309</ROW>
                <ROW>0.9412037730216980, 0.1852644532918930, 0.2825111448764801</ROW>
                <ROW>-0.1931318491697311, 0.9811728596687317, -0.0000000000000000</ROW>
            </PROPERTY>
            <PROPERTY Class="Float" Name="Scale">1.0000000000000000</PROPERTY>
        </COMPONENT>
        <COMPONENT LinkID="21" Class="NiCameraComponent" Name="Camera">
            <PROPERTY Class="Float" Name="Field of View">90.0000000000000000</PROPERTY>
            <PROPERTY Class="Float" Name="Aspect Ratio">1.3333300352096558</PROPERTY>
            <PROPERTY Class="Float" Name="Near Clipping Plane">1.0000000000000000</PROPERTY>
            <PROPERTY Class="Float" Name="Far Clipping Plane">10000.0000000000000000</PROPERTY>
            <PROPERTY Class="Boolean" Name="Orthographic">FALSE</PROPERTY>
        </COMPONENT>
        <ENTITY LinkID="22" Class="NiGeneralEntity" Name="N_FDTREE_Road1001_01 17" Type="Object" UsePhysX="TRUE" PostfixTexture="" Optimization="0" AlphaGroup="3" RandomAni="FALSE" TemplateID="33,32,63,e0,4e,51,6a,4f,94,42,42,5d,7a,51,bd,39" MasterLinkID="23">
            <COMPONENT RefLinkID="27" />
            <COMPONENT RefLinkID="28" />
            <COMPONENT RefLinkID="29" />
        </ENTITY>
        <ENTITY LinkID="23" Class="NiGeneralEntity" Name="[Block]020430.N_FDTREE_Road1001_01" TemplateID="33,32,63,e0,4e,51,6a,4f,94,42,42,5d,7a,51,bd,39">
            <COMPONENT RefLinkID="24" />
            <COMPONENT RefLinkID="25" />
            <COMPONENT RefLinkID="26" />
        </ENTITY>
        <COMPONENT LinkID="24" Class="NiTransformationComponent" Name="Transformation">
            <PROPERTY Class="Point3" Name="Translation">0.0000000000000000, 0.0000000000000000, 0.0000000000000000</PROPERTY>
            <PROPERTY Class="Matrix3" Name="Rotation">
                <ROW>1.0000000000000000, 0.0000000000000000, 0.0000000000000000</ROW>
                <ROW>0.0000000000000000, 1.0000000000000000, 0.0000000000000000</ROW>
                <ROW>0.0000000000000000, 0.0000000000000000, 1.0000000000000000</ROW>
            </PROPERTY>
            <PROPERTY Class="Float" Name="Scale">1.0000000000000000</PROPERTY>
        </COMPONENT>
        <COMPONENT LinkID="25" Class="NiSceneGraphComponent" Name="Scene Graph">
            <PROPERTY Class="String" Name="NIF File Path" Asset="TRUE">.\..\02_Modeling\Block\020430\N_FDTREE_Road1001_01.nif</PROPERTY>
        </COMPONENT>
        <COMPONENT LinkID="26" Class="NiGeneralComponent" Name="Hide Object" TemplateID="f6,46,16,db,61,92,23,47,b5,4a,da,2d,42,d7,85,b9">
            <PROPERTY Class="Float" Name="Alpha Value" SemanticType="Float" DisplayName="Alpha Value" Description="">0.4000000059604645</PROPERTY>
            <PROPERTY Class="Boolean" Name="Alpha Enable" SemanticType="Boolean" DisplayName="Alpha Enable" Description="">FALSE</PROPERTY>
            <PROPERTY Class="Boolean" Name="Hide Object" SemanticType="Boolean" DisplayName="Hide Object" Description="">FALSE</PROPERTY>
        </COMPONENT>
        <COMPONENT LinkID="27" Class="NiTransformationComponent" Name="Transformation">
            <PROPERTY Class="Point3" Name="Translation">-2346.5444335937500000, 1508.7677001953125000, 788.9943237304687500</PROPERTY>
            <PROPERTY Class="Matrix3" Name="Rotation">
                <ROW>-0.9306644797325134, -0.0330328904092312, 0.3643796443939209</ROW>
                <ROW>0.0354715399444103, -0.9993706941604614, 0.0000000000000000</ROW>
                <ROW>0.3641503453254700, 0.0129251070320606, 0.9312505125999451</ROW>
            </PROPERTY>
            <PROPERTY Class="Float" Name="Scale">1.0000000000000000</PROPERTY>
        </COMPONENT>
        <COMPONENT LinkID="28" Class="NiSceneGraphComponent" Name="Scene Graph" MasterLinkID="25" />
        <COMPONENT LinkID="29" Class="NiGeneralComponent" Name="Hide Object" TemplateID="f6,46,16,db,61,92,23,47,b5,4a,da,2d,42,d7,85,b9" MasterLinkID="26" />
        <ENTITY LinkID="30" Class="NiGeneralEntity" Name="Nature_Moss1001_08 10" Type="Object" UsePhysX="FALSE" PostfixTexture="" Optimization="0" AlphaGroup="1" RandomAni="FALSE" TemplateID="38,c7,b3,b7,86,f,67,4b,8a,c9,4b,72,95,c6,4,fc" MasterLinkID="31">
            <COMPONENT RefLinkID="35" />
            <COMPONENT RefLinkID="36" />
            <COMPONENT RefLinkID="37" />
        </ENTITY>
        <ENTITY LinkID="31" Class="NiGeneralEntity" Name="[Object]Grass.Nature_Moss1001_08" TemplateID="38,c7,b3,b7,86,f,67,4b,8a,c9,4b,72,95,c6,4,fc">
            <COMPONENT RefLinkID="32" />
            <COMPONENT RefLinkID="33" />
            <COMPONENT RefLinkID="34" />
        </ENTITY>
        <COMPONENT LinkID="32" Class="NiTransformationComponent" Name="Transformation">
            <PROPERTY Class="Point3" Name="Translation">0.0000000000000000, 0.0000000000000000, 0.0000000000000000</PROPERTY>
            <PROPERTY Class="Matrix3" Name="Rotation">
                <ROW>1.0000000000000000, 0.0000000000000000, 0.0000000000000000</ROW>
                <ROW>0.0000000000000000, 1.0000000000000000, 0.0000000000000000</ROW>
                <ROW>0.0000000000000000, 0.0000000000000000, 1.0000000000000000</ROW>
            </PROPERTY>
            <PROPERTY Class="Float" Name="Scale">1.0000000000000000</PROPERTY>
        </COMPONENT>
        <COMPONENT LinkID="33" Class="NiSceneGraphComponent" Name="Scene Graph">
            <PROPERTY Class="String" Name="NIF File Path" Asset="TRUE">.\..\..\00_Object\Grass\Nature_Moss1001_08.nif</PROPERTY>
        </COMPONENT>
        <COMPONENT LinkID="34" Class="NiGeneralComponent" Name="Hide Object" TemplateID="f6,46,16,db,61,92,23,47,b5,4a,da,2d,42,d7,85,b9">
            <PROPERTY Class="Float" Name="Alpha Value" SemanticType="Float" DisplayName="Alpha Value" Description="">0.4000000059604645</PROPERTY>
            <PROPERTY Class="Boolean" Name="Alpha Enable" SemanticType="Boolean" DisplayName="Alpha Enable" Description="">FALSE</PROPERTY>
            <PROPERTY Class="Boolean" Name="Hide Object" SemanticType="Boolean" DisplayName="Hide Object" Description="">FALSE</PROPERTY>
        </COMPONENT>
        <COMPONENT LinkID="35" Class="NiTransformationComponent" Name="Transformation">
            <PROPERTY Class="Point3" Name="Translation">-1772.4025878906250000, 1752.8236083984375000, 769.8428344726562500</PROPERTY>
            <PROPERTY Class="Matrix3" Name="Rotation">
                <ROW>0.5270232558250427, 0.8498508334159851, 0.0000000000000000</ROW>
                <ROW>-0.8498508334159851, 0.5270232558250427, 0.0000000000000000</ROW>
                <ROW>0.0000000000000000, 0.0000000000000000, 1.0000000000000000</ROW>
            </PROPERTY>
            <PROPERTY Class="Float" Name="Scale">4.9212980270385742</PROPERTY>
        </COMPONENT>
        <COMPONENT LinkID="36" Class="NiSceneGraphComponent" Name="Scene Graph" MasterLinkID="33" />
        <COMPONENT LinkID="37" Class="NiGeneralComponent" Name="Hide Object" TemplateID="f6,46,16,db,61,92,23,47,b5,4a,da,2d,42,d7,85,b9" MasterLinkID="34" />
        <ENTITY LinkID="38" Class="NiGeneralEntity" Name="Art_BridgeWood1005_01 02" Type="Object" UsePhysX="FALSE" PostfixTexture="" Optimization="0" AlphaGroup="1" RandomAni="FALSE" TemplateID="1,e4,4c,42,11,ce,6f,47,8a,ce,12,a6,b,80,b4,c2" MasterLinkID="39">
            <COMPONENT RefLinkID="42" />
            <COMPONENT RefLinkID="43" />
        </ENTITY>
        <ENTITY LinkID="39" Class="NiGeneralEntity" Name="[Object]Bridge.Art_BridgeWood1005_01" TemplateID="1,e4,4c,42,11,ce,6f,47,8a,ce,12,a6,b,80,b4,c2">
            <COMPONENT RefLinkID="40" />
            <COMPONENT RefLinkID="41" />
        </ENTITY>
        <COMPONENT LinkID="40" Class="NiTransformationComponent" Name="Transformation">
            <PROPERTY Class="Point3" Name="Translation">0.0000000000000000, 0.0000000000000000, 0.0000000000000000</PROPERTY>
            <PROPERTY Class="Matrix3" Name="Rotation">
                <ROW>1.0000000000000000, 0.0000000000000000, 0.0000000000000000</ROW>
                <ROW>0.0000000000000000, 1.0000000000000000, 0.0000000000000000</ROW>
                <ROW>0.0000000000000000, 0.0000000000000000, 1.0000000000000000</ROW>
            </PROPERTY>
            <PROPERTY Class="Float" Name="Scale">1.0000000000000000</PROPERTY>
        </COMPONENT>
        <COMPONENT LinkID="41" Class="NiSceneGraphComponent" Name="Scene Graph">
            <PROPERTY Class="String" Name="NIF File Path" Asset="TRUE">.\..\..\00_Object\Bridge\Art_BridgeWood1005_01.nif</PROPERTY>
        </COMPONENT>
        <COMPONENT LinkID="42" Class="NiTransformationComponent" Name="Transformation">
            <PROPERTY Class="Point3" Name="Translation">-2989.5224609375000000, 1628.1173095703125000, 793.5321655273437500</PROPERTY>
            <PROPERTY Class="Matrix3" Name="Rotation">
                <ROW>0.7360983490943909, 0.6768743991851807, 0.0000000000000000</ROW>
                <ROW>-0.6768743991851807, 0.7360983490943909, 0.0000000000000000</ROW>
                <ROW>0.0000000000000000, 0.0000000000000000, 1.0000000000000000</ROW>
            </PROPERTY>
            <PROPERTY Class="Float" Name="Scale">1.0000000000000000</PROPERTY>
        </COMPONENT>
        <COMPONENT LinkID="43" Class="NiSceneGraphComponent" Name="Scene Graph" MasterLinkID="41" />
        <ENTITY LinkID="44" Class="NiGeneralEntity" Name="N_FDTREE_Road1002_02 14" Type="Object" UsePhysX="TRUE" PostfixTexture="" Optimization="0" AlphaGroup="3" RandomAni="FALSE" TemplateID="71,84,86,b6,d6,7e,67,4c,8b,a8,83,d5,2b,22,36,52" MasterLinkID="45">
            <COMPONENT RefLinkID="48" />
            <COMPONENT RefLinkID="49" />
            <COMPONENT RefLinkID="50" />
        </ENTITY>
        <ENTITY LinkID="45" Class="NiGeneralEntity" Name="[Block]020430.N_FDTREE_Road1002_02" TemplateID="71,84,86,b6,d6,7e,67,4c,8b,a8,83,d5,2b,22,36,52">
            <COMPONENT RefLinkID="46" />
            <COMPONENT RefLinkID="47" />
            <COMPONENT RefLinkID="26" />
        </ENTITY>
        <COMPONENT LinkID="46" Class="NiTransformationComponent" Name="Transformation">
            <PROPERTY Class="Point3" Name="Translation">0.0000000000000000, 0.0000000000000000, 0.0000000000000000</PROPERTY>
            <PROPERTY Class="Matrix3" Name="Rotation">
                <ROW>1.0000000000000000, 0.0000000000000000, 0.0000000000000000</ROW>
                <ROW>0.0000000000000000, 1.0000000000000000, 0.0000000000000000</ROW>
                <ROW>0.0000000000000000, 0.0000000000000000, 1.0000000000000000</ROW>
            </PROPERTY>
            <PROPERTY Class="Float" Name="Scale">1.0000000000000000</PROPERTY>
        </COMPONENT>
        <COMPONENT LinkID="47" Class="NiSceneGraphComponent" Name="Scene Graph">
            <PROPERTY Class="String" Name="NIF File Path" Asset="TRUE">.\..\02_Modeling\Block\020430\N_FDTREE_Road1002_02.nif</PROPERTY>
        </COMPONENT>
        <COMPONENT LinkID="48" Class="NiTransformationComponent" Name="Transformation">
            <PROPERTY Class="Point3" Name="Translation">-2612.0778808593750000, 1504.3547363281250000, 773.1668090820312500</PROPERTY>
            <PROPERTY Class="Matrix3" Name="Rotation">
                <ROW>-1.0000000000000000, -0.0000000874227766, 0.0000000000000000</ROW>
                <ROW>0.0000000874227766, -1.0000000000000000, 0.0000000000000000</ROW>
                <ROW>0.0000000000000000, 0.0000000000000000, 1.0000000000000000</ROW>
            </PROPERTY>
            <PROPERTY Class="Float" Name="Scale">1.0000000000000000</PROPERTY>
        </COMPONENT>
        <COMPONENT LinkID="49" Class="NiSceneGraphComponent" Name="Scene Graph" MasterLinkID="47" />
        <COMPONENT LinkID="50" Class="NiGeneralComponent" Name="Hide Object" TemplateID="f6,46,16,db,61,92,23,47,b5,4a,da,2d,42,d7,85,b9" MasterLinkID="26" />
        <ENTITY LinkID="51" Class="NiGeneralEntity" Name="Art_BridgeWood1004_01 07" Type="Object" UsePhysX="FALSE" PostfixTexture="" Optimization="0" AlphaGroup="1" RandomAni="FALSE" TemplateID="f9,cb,79,41,1f,8f,b4,4a,86,3a,90,c3,ca,69,2c,60" MasterLinkID="52">
            <COMPONENT RefLinkID="55" />
            <COMPONENT RefLinkID="56" />
        </ENTITY>
        <ENTITY LinkID="52" Class="NiGeneralEntity" Name="[Object]Bridge.Art_BridgeWood1004_01" TemplateID="f9,cb,79,41,1f,8f,b4,4a,86,3a,90,c3,ca,69,2c,60">
            <COMPONENT RefLinkID="53" />
            <COMPONENT RefLinkID="54" />
        </ENTITY>
        <COMPONENT LinkID="53" Class="NiTransformationComponent" Name="Transformation">
            <PROPERTY Class="Point3" Name="Translation">0.0000000000000000, 0.0000000000000000, 0.0000000000000000</PROPERTY>
            <PROPERTY Class="Matrix3" Name="Rotation">
                <ROW>1.0000000000000000, 0.0000000000000000, 0.0000000000000000</ROW>
                <ROW>0.0000000000000000, 1.0000000000000000, 0.0000000000000000</ROW>
                <ROW>0.0000000000000000, 0.0000000000000000, 1.0000000000000000</ROW>
            </PROPERTY>
            <PROPERTY Class="Float" Name="Scale">1.0000000000000000</PROPERTY>
        </COMPONENT>
        <COMPONENT LinkID="54" Class="NiSceneGraphComponent" Name="Scene Graph">
            <PROPERTY Class="String" Name="NIF File Path" Asset="TRUE">.\..\..\00_Object\Bridge\Art_BridgeWood1004_01.nif</PROPERTY>
        </COMPONENT>
        <COMPONENT LinkID="55" Class="NiTransformationComponent" Name="Transformation">
            <PROPERTY Class="Point3" Name="Translation">-2749.2248535156250000, 1582.2977294921875000, 832.0950317382812500</PROPERTY>
            <PROPERTY Class="Matrix3" Name="Rotation">
                <ROW>-0.4188075363636017, -0.0065685347653925, -0.9080511927604675</ROW>
                <ROW>-0.0000000003161839, 0.9999737143516541, -0.0072334706783295</ROW>
                <ROW>0.9080750346183777, -0.0030294316820800, -0.4187965095043182</ROW>
            </PROPERTY>
            <PROPERTY Class="Float" Name="Scale">1.0000000000000000</PROPERTY>
        </COMPONENT>
        <COMPONENT LinkID="56" Class="NiSceneGraphComponent" Name="Scene Graph" MasterLinkID="54" />
        <ENTITY LinkID="57" Class="NiGeneralEntity" Name="N_FDTREE_Road1001_01 15" Type="Object" UsePhysX="FALSE" PostfixTexture="" Optimization="0" AlphaGroup="3" RandomAni="FALSE" TemplateID="33,32,63,e0,4e,51,6a,4f,94,42,42,5d,7a,51,bd,39" MasterLinkID="23">
            <COMPONENT RefLinkID="58" />
            <COMPONENT RefLinkID="59" />
            <COMPONENT RefLinkID="60" />
        </ENTITY>
        <COMPONENT LinkID="58" Class="NiTransformationComponent" Name="Transformation">
            <PROPERTY Class="Point3" Name="Translation">-3314.4184570312500000, 1786.9455566406250000, 769.8428344726562500</PROPERTY>
            <PROPERTY Class="Matrix3" Name="Rotation">
                <ROW>-0.6984711289405823, 0.7156381011009216, 0.0000000000000000</ROW>
                <ROW>-0.7156381011009216, -0.6984711289405823, 0.0000000000000000</ROW>
                <ROW>0.0000000000000000, 0.0000000000000000, 1.0000000000000000</ROW>
            </PROPERTY>
            <PROPERTY Class="Float" Name="Scale">1.0000000000000000</PROPERTY>
        </COMPONENT>
        <COMPONENT LinkID="59" Class="NiSceneGraphComponent" Name="Scene Graph" MasterLinkID="25" />
        <COMPONENT LinkID="60" Class="NiGeneralComponent" Name="Hide Object" TemplateID="f6,46,16,db,61,92,23,47,b5,4a,da,2d,42,d7,85,b9" MasterLinkID="26" />
        <ENTITY LinkID="61" Class="NiGeneralEntity" Name="Nature_Conifer_1001_02 03" Type="Object" UsePhysX="FALSE" PostfixTexture="_T02" Optimization="0" AlphaGroup="1" RandomAni="FALSE" TemplateID="ec,81,ab,c3,db,25,f7,4d,b2,ce,d9,86,de,d1,c8,86" MasterLinkID="62">
            <COMPONENT RefLinkID="65" />
            <COMPONENT RefLinkID="66" />
            <COMPONENT RefLinkID="67" />
        </ENTITY>
        <ENTITY LinkID="62" Class="NiGeneralEntity" Name="[Object]Tree.Nature_Conifer_1001_02" TemplateID="ec,81,ab,c3,db,25,f7,4d,b2,ce,d9,86,de,d1,c8,86">
            <COMPONENT RefLinkID="63" />
            <COMPONENT RefLinkID="64" />
            <COMPONENT RefLinkID="34" />
        </ENTITY>
        <COMPONENT LinkID="63" Class="NiTransformationComponent" Name="Transformation">
            <PROPERTY Class="Point3" Name="Translation">0.0000000000000000, 0.0000000000000000, 0.0000000000000000</PROPERTY>
            <PROPERTY Class="Matrix3" Name="Rotation">
                <ROW>1.0000000000000000, 0.0000000000000000, 0.0000000000000000</ROW>
                <ROW>0.0000000000000000, 1.0000000000000000, 0.0000000000000000</ROW>
                <ROW>0.0000000000000000, 0.0000000000000000, 1.0000000000000000</ROW>
            </PROPERTY>
            <PROPERTY Class="Float" Name="Scale">1.0000000000000000</PROPERTY>
        </COMPONENT>
        <COMPONENT LinkID="64" Class="NiSceneGraphComponent" Name="Scene Graph">
            <PROPERTY Class="String" Name="NIF File Path" Asset="TRUE">.\..\..\00_Object\Tree\Nature_Conifer_1001_02.nif</PROPERTY>
        </COMPONENT>
        <COMPONENT LinkID="65" Class="NiTransformationComponent" Name="Transformation">
            <PROPERTY Class="Point3" Name="Translation">-3827.3911132812500000, 2256.6530761718750000, 31.3494873046875000</PROPERTY>
            <PROPERTY Class="Matrix3" Name="Rotation">
                <ROW>1.0000000000000000, 0.0000000000000000, 0.0000000000000000</ROW>
                <ROW>0.0000000000000000, 1.0000000000000000, 0.0000000000000000</ROW>
                <ROW>0.0000000000000000, 0.0000000000000000, 1.0000000000000000</ROW>
            </PROPERTY>
            <PROPERTY Class="Float" Name="Scale">3.0000000000000000</PROPERTY>
        </COMPONENT>
        <COMPONENT LinkID="66" Class="NiSceneGraphComponent" Name="Scene Graph" MasterLinkID="64" />
        <COMPONENT LinkID="67" Class="NiGeneralComponent" Name="Hide Object" TemplateID="f6,46,16,db,61,92,23,47,b5,4a,da,2d,42,d7,85,b9" MasterLinkID="34" />
        <ENTITY LinkID="68" Class="NiGeneralEntity" Name="N_FDTREE_Road1001_01 11" Type="Object" UsePhysX="FALSE" PostfixTexture="" Optimization="0" AlphaGroup="0" RandomAni="FALSE" TemplateID="33,32,63,e0,4e,51,6a,4f,94,42,42,5d,7a,51,bd,39" MasterLinkID="23">
            <COMPONENT RefLinkID="69" />
            <COMPONENT RefLinkID="70" />
            <COMPONENT RefLinkID="71" />
        </ENTITY>
        <COMPONENT LinkID="69" Class="NiTransformationComponent" Name="Transformation">
            <PROPERTY Class="Point3" Name="Translation">-3140.9970703125000000, 1964.6301269531250000, 769.8428344726562500</PROPERTY>
            <PROPERTY Class="Matrix3" Name="Rotation">
                <ROW>0.7156381607055664, 0.6984711289405823, 0.0000000000000000</ROW>
                <ROW>-0.6984711289405823, 0.7156381607055664, 0.0000000000000000</ROW>
                <ROW>0.0000000000000000, 0.0000000000000000, 1.0000000000000000</ROW>
            </PROPERTY>
            <PROPERTY Class="Float" Name="Scale">1.0000000000000000</PROPERTY>
        </COMPONENT>
        <COMPONENT LinkID="70" Class="NiSceneGraphComponent" Name="Scene Graph" MasterLinkID="25" />
        <COMPONENT LinkID="71" Class="NiGeneralComponent" Name="Hide Object" TemplateID="f6,46,16,db,61,92,23,47,b5,4a,da,2d,42,d7,85,b9" MasterLinkID="26" />
        <ENTITY LinkID="72" Class="NiGeneralEntity" Name="Art_WoodFence_2001_01 30" Type="Object" UsePhysX="FALSE" PostfixTexture="" Optimization="0" AlphaGroup="0" RandomAni="FALSE" TemplateID="50,fa,9a,8b,ac,19,b8,48,9b,c5,59,aa,f,f9,25,b5" MasterLinkID="73">
            <COMPONENT RefLinkID="76" />
            <COMPONENT RefLinkID="77" />
            <COMPONENT RefLinkID="78" />
        </ENTITY>
        <ENTITY LinkID="73" Class="NiGeneralEntity" Name="[Object]Fance.Art_WoodFence_2001_01" TemplateID="50,fa,9a,8b,ac,19,b8,48,9b,c5,59,aa,f,f9,25,b5">
            <COMPONENT RefLinkID="74" />
            <COMPONENT RefLinkID="75" />
            <COMPONENT RefLinkID="34" />
        </ENTITY>
        <COMPONENT LinkID="74" Class="NiTransformationComponent" Name="Transformation">
            <PROPERTY Class="Point3" Name="Translation">0.0000000000000000, 0.0000000000000000, 0.0000000000000000</PROPERTY>
            <PROPERTY Class="Matrix3" Name="Rotation">
                <ROW>1.0000000000000000, 0.0000000000000000, 0.0000000000000000</ROW>
                <ROW>0.0000000000000000, 1.0000000000000000, 0.0000000000000000</ROW>
                <ROW>0.0000000000000000, 0.0000000000000000, 1.0000000000000000</ROW>
            </PROPERTY>
            <PROPERTY Class="Float" Name="Scale">1.0000000000000000</PROPERTY>
        </COMPONENT>
        <COMPONENT LinkID="75" Class="NiSceneGraphComponent" Name="Scene Graph">
            <PROPERTY Class="String" Name="NIF File Path" Asset="TRUE">.\..\..\00_Object\Fance\Art_WoodFence_2001_01.nif</PROPERTY>
        </COMPONENT>
        <COMPONENT LinkID="76" Class="NiTransformationComponent" Name="Transformation">
            <PROPERTY Class="Point3" Name="Translation">-2232.5532226562500000, 1389.7847900390625000, 766.9613037109375000</PROPERTY>
            <PROPERTY Class="Matrix3" Name="Rotation">
                <ROW>0.9983187913894653, -0.0579641424119473, 0.0000000000000000</ROW>
                <ROW>0.0579641424119473, 0.9983187913894653, 0.0000000000000000</ROW>
                <ROW>0.0000000000000000, 0.0000000000000000, 1.0000000000000000</ROW>
            </PROPERTY>
            <PROPERTY Class="Float" Name="Scale">1.0000000000000000</PROPERTY>
        </COMPONENT>
        <COMPONENT LinkID="77" Class="NiSceneGraphComponent" Name="Scene Graph" MasterLinkID="75" />
        <COMPONENT LinkID="78" Class="NiGeneralComponent" Name="Hide Object" TemplateID="f6,46,16,db,61,92,23,47,b5,4a,da,2d,42,d7,85,b9" MasterLinkID="34" />
        <ENTITY LinkID="79" Class="NiGeneralEntity" Name="Nature_MdGrass3001_04 26" Type="Object" UsePhysX="FALSE" PostfixTexture="" Optimization="0" AlphaGroup="1" RandomAni="FALSE" TemplateID="e1,4e,c,b7,f,c0,90,4f,8d,93,2e,38,f0,2f,5a,66" MasterLinkID="80">
            <COMPONENT RefLinkID="84" />
            <COMPONENT RefLinkID="85" />
            <COMPONENT RefLinkID="86" />
        </ENTITY>
        <ENTITY LinkID="80" Class="NiGeneralEntity" Name="[Object]Grass.Nature_MdGrass3001_04" TemplateID="e1,4e,c,b7,f,c0,90,4f,8d,93,2e,38,f0,2f,5a,66">
            <COMPONENT RefLinkID="81" />
            <COMPONENT RefLinkID="82" />
            <COMPONENT RefLinkID="83" />
        </ENTITY>
        <COMPONENT LinkID="81" Class="NiTransformationComponent" Name="Transformation">
            <PROPERTY Class="Point3" Name="Translation">0.0000000000000000, 0.0000000000000000, 0.0000000000000000</PROPERTY>
            <PROPERTY Class="Matrix3" Name="Rotation">
                <ROW>1.0000000000000000, 0.0000000000000000, 0.0000000000000000</ROW>
                <ROW>0.0000000000000000, 1.0000000000000000, 0.0000000000000000</ROW>
                <ROW>0.0000000000000000, 0.0000000000000000, 1.0000000000000000</ROW>
            </PROPERTY>
            <PROPERTY Class="Float" Name="Scale">1.0000000000000000</PROPERTY>
        </COMPONENT>
        <COMPONENT LinkID="82" Class="NiSceneGraphComponent" Name="Scene Graph">
            <PROPERTY Class="String" Name="NIF File Path" Asset="TRUE">.\..\..\00_Object\Grass\Nature_MdGrass3001_04.nif</PROPERTY>
        </COMPONENT>
        <COMPONENT LinkID="83" Class="NiGeneralComponent" Name="Hide Object" TemplateID="f6,46,16,db,61,92,23,47,b5,4a,da,2d,42,d7,85,b9">
            <PROPERTY Class="Float" Name="Alpha Value" SemanticType="Float" DisplayName="Alpha Value" Description="">0.4000000059604645</PROPERTY>
            <PROPERTY Class="Boolean" Name="Alpha Enable" SemanticType="Boolean" DisplayName="Alpha Enable" Description="">FALSE</PROPERTY>
            <PROPERTY Class="Boolean" Name="Hide Object" SemanticType="Boolean" DisplayName="Hide Object" Description="">FALSE</PROPERTY>
        </COMPONENT>
        <COMPONENT LinkID="84" Class="NiTransformationComponent" Name="Transformation">
            <PROPERTY Class="Point3" Name="Translation">-1791.4216308593750000, 1742.3448486328125000, 765.6369018554687500</PROPERTY>
            <PROPERTY Class="Matrix3" Name="Rotation">
                <ROW>0.9798642396926880, -0.0923568904399872, -0.1770208775997162</ROW>
                <ROW>0.0186351984739304, 0.9250210523605347, -0.3794583976268768</ROW>
                <ROW>0.1987936794757843, 0.3685190081596375, 0.9081159830093384</ROW>
            </PROPERTY>
            <PROPERTY Class="Float" Name="Scale">1.0507512092590332</PROPERTY>
        </COMPONENT>
        <COMPONENT LinkID="85" Class="NiSceneGraphComponent" Name="Scene Graph" MasterLinkID="82" />
        <COMPONENT LinkID="86" Class="NiGeneralComponent" Name="Hide Object" TemplateID="f6,46,16,db,61,92,23,47,b5,4a,da,2d,42,d7,85,b9" MasterLinkID="83" />
        <ENTITY LinkID="87" Class="NiGeneralEntity" Name="N_FDTREE_Road2001_01 04" Type="Object" UsePhysX="TRUE" PostfixTexture="" Optimization="0" AlphaGroup="3" RandomAni="FALSE" TemplateID="9a,15,e9,db,9a,73,51,46,bc,28,32,4,c7,0,a5,87" MasterLinkID="88">
            <COMPONENT RefLinkID="91" />
            <COMPONENT RefLinkID="92" />
            <COMPONENT RefLinkID="93" />
        </ENTITY>
        <ENTITY LinkID="88" Class="NiGeneralEntity" Name="[Block]020430.N_FDTREE_Road2001_01" TemplateID="9a,15,e9,db,9a,73,51,46,bc,28,32,4,c7,0,a5,87">
            <COMPONENT RefLinkID="89" />
            <COMPONENT RefLinkID="90" />
            <COMPONENT RefLinkID="12" />
        </ENTITY>
        <COMPONENT LinkID="89" Class="NiTransformationComponent" Name="Transformation">
            <PROPERTY Class="Point3" Name="Translation">0.0000000000000000, 0.0000000000000000, 0.0000000000000000</PROPERTY>
            <PROPERTY Class="Matrix3" Name="Rotation">
                <ROW>1.0000000000000000, 0.0000000000000000, 0.0000000000000000</ROW>
                <ROW>0.0000000000000000, 1.0000000000000000, 0.0000000000000000</ROW>
                <ROW>0.0000000000000000, 0.0000000000000000, 1.0000000000000000</ROW>
            </PROPERTY>
            <PROPERTY Class="Float" Name="Scale">1.0000000000000000</PROPERTY>
        </COMPONENT>
        <COMPONENT LinkID="90" Class="NiSceneGraphComponent" Name="Scene Graph">
            <PROPERTY Class="String" Name="NIF File Path" Asset="TRUE">.\..\02_Modeling\Block\020430\N_FDTREE_Road2001_01.nif</PROPERTY>
        </COMPONENT>
        <COMPONENT LinkID="91" Class="NiTransformationComponent" Name="Transformation">
            <PROPERTY Class="Point3" Name="Translation">678.7537841796875000, 1589.2285156250000000, 829.4223632812500000</PROPERTY>
            <PROPERTY Class="Matrix3" Name="Rotation">
                <ROW>1.0000000000000000, 0.0000000000000000, 0.0000000000000000</ROW>
                <ROW>0.0000000000000000, 1.0000000000000000, 0.0000000000000000</ROW>
                <ROW>0.0000000000000000, 0.0000000000000000, 1.0000000000000000</ROW>
            </PROPERTY>
            <PROPERTY Class="Float" Name="Scale">1.0000000000000000</PROPERTY>
        </COMPONENT>
        <COMPONENT LinkID="92" Class="NiSceneGraphComponent" Name="Scene Graph" MasterLinkID="90" />
        <COMPONENT LinkID="93" Class="NiGeneralComponent" Name="Hide Object" TemplateID="f6,46,16,db,61,92,23,47,b5,4a,da,2d,42,d7,85,b9" MasterLinkID="12" />
        <ENTITY LinkID="94" Class="NiGeneralEntity" Name="Art_BridgeWood1005_01 03" Type="Object" UsePhysX="FALSE" PostfixTexture="" Optimization="0" AlphaGroup="1" RandomAni="FALSE" TemplateID="1,e4,4c,42,11,ce,6f,47,8a,ce,12,a6,b,80,b4,c2" MasterLinkID="39">
            <COMPONENT RefLinkID="95" />
            <COMPONENT RefLinkID="96" />
        </ENTITY>
        <COMPONENT LinkID="95" Class="NiTransformationComponent" Name="Transformation">
            <PROPERTY Class="Point3" Name="Translation">-2842.6911621093750000, 1581.9567871093750000, 834.6451416015625000</PROPERTY>
            <PROPERTY Class="Matrix3" Name="Rotation">
                <ROW>0.9080511927604675, -0.0065685347653925, -0.4188075065612793</ROW>
                <ROW>0.0072334706783295, 0.9999737143516541, 0.0000000000000000</ROW>
                <ROW>0.4187964797019959, -0.0030294316820800, 0.9080750346183777</ROW>
            </PROPERTY>
            <PROPERTY Class="Float" Name="Scale">1.0000000000000000</PROPERTY>
        </COMPONENT>
        <COMPONENT LinkID="96" Class="NiSceneGraphComponent" Name="Scene Graph" MasterLinkID="41" />
        <ENTITY LinkID="97" Class="NiGeneralEntity" Name="N_FDTREE_Road1001_01 08" Type="Object" UsePhysX="FALSE" PostfixTexture="" Optimization="0" AlphaGroup="3" RandomAni="FALSE" TemplateID="33,32,63,e0,4e,51,6a,4f,94,42,42,5d,7a,51,bd,39" MasterLinkID="23">
            <COMPONENT RefLinkID="98" />
            <COMPONENT RefLinkID="99" />
            <COMPONENT RefLinkID="100" />
        </ENTITY>
        <COMPONENT LinkID="98" Class="NiTransformationComponent" Name="Transformation">
            <PROPERTY Class="Point3" Name="Translation">-2436.4711914062500000, 1973.1824951171875000, 769.8428344726562500</PROPERTY>
            <PROPERTY Class="Matrix3" Name="Rotation">
                <ROW>0.7156381607055664, 0.6984711289405823, 0.0000000000000000</ROW>
                <ROW>-0.6984711289405823, 0.7156381607055664, 0.0000000000000000</ROW>
                <ROW>0.0000000000000000, 0.0000000000000000, 1.0000000000000000</ROW>
            </PROPERTY>
            <PROPERTY Class="Float" Name="Scale">1.0000000000000000</PROPERTY>
        </COMPONENT>
        <COMPONENT LinkID="99" Class="NiSceneGraphComponent" Name="Scene Graph" MasterLinkID="25" />
        <COMPONENT LinkID="100" Class="NiGeneralComponent" Name="Hide Object" TemplateID="f6,46,16,db,61,92,23,47,b5,4a,da,2d,42,d7,85,b9" MasterLinkID="26" />
        <ENTITY LinkID="101" Class="NiGeneralEntity" Name="N_FDTREE_Road1001_01 07" Type="Object" UsePhysX="FALSE" PostfixTexture="" Optimization="0" AlphaGroup="3" RandomAni="FALSE" TemplateID="33,32,63,e0,4e,51,6a,4f,94,42,42,5d,7a,51,bd,39" MasterLinkID="23">
            <COMPONENT RefLinkID="102" />
            <COMPONENT RefLinkID="103" />
            <COMPONENT RefLinkID="104" />
        </ENTITY>
        <COMPONENT LinkID="102" Class="NiTransformationComponent" Name="Transformation">
            <PROPERTY Class="Point3" Name="Translation">-2614.1005859375000000, 2146.5512695312500000, 769.8428344726562500</PROPERTY>
            <PROPERTY Class="Matrix3" Name="Rotation">
                <ROW>-0.6984711289405823, 0.7156381011009216, 0.0000000000000000</ROW>
                <ROW>-0.7156381011009216, -0.6984711289405823, 0.0000000000000000</ROW>
                <ROW>0.0000000000000000, 0.0000000000000000, 1.0000000000000000</ROW>
            </PROPERTY>
            <PROPERTY Class="Float" Name="Scale">1.0000000000000000</PROPERTY>
        </COMPONENT>
        <COMPONENT LinkID="103" Class="NiSceneGraphComponent" Name="Scene Graph" MasterLinkID="25" />
        <COMPONENT LinkID="104" Class="NiGeneralComponent" Name="Hide Object" TemplateID="f6,46,16,db,61,92,23,47,b5,4a,da,2d,42,d7,85,b9" MasterLinkID="26" />
