<?xml version="1.0" ?>
<GSA Major="1" Minor="0" Patch="0">
    <PALETTES_DIRECTORY>
        <PALETTE_DIR IDX="0" DIRECTORY=".\..\..\Palettes\" />
    </PALETTES_DIRECTORY>
    <PALETTES>
        <PALETTE NAME="General" DIR_IDX="0" />
        <PALETTE NAME="Block" DIR_IDX="0" />
        <PALETTE NAME="Object" DIR_IDX="0" />
        <PALETTE NAME="Effect" DIR_IDX="0" />
    </PALETTES>
    <OBJECTS>
        <ENTITY LinkID="0" Class="NiGeneralEntity" Name="CA_GOD_P_M_M_FishBG 13" Type="Object" UsePhysX="FALSE" PostfixTexture="" Optimization="0" AlphaGroup="1" RandomAni="TRUE" TemplateID="fd,36,db,a3,1a,77,fc,49,87,b3,f5,3e,fe,6,d7,c5" MasterLinkID="1">
            <COMPONENT RefLinkID="5" />
            <COMPONENT RefLinkID="6" />
            <COMPONENT RefLinkID="7" />
        </ENTITY>
        <ENTITY LinkID="1" Class="NiGeneralEntity" Name="[Object]Statue.CA_GOD_P_M_M_FishBG" TemplateID="fd,36,db,a3,1a,77,fc,49,87,b3,f5,3e,fe,6,d7,c5">
            <COMPONENT RefLinkID="2" />
            <COMPONENT RefLinkID="3" />
            <COMPONENT RefLinkID="4" />
        </ENTITY>
        <COMPONENT LinkID="2" Class="NiTransformationComponent" Name="Transformation">
            <PROPERTY Class="Point3" Name="Translation">0.0000000000000000, 0.0000000000000000, 0.0000000000000000</PROPERTY>
            <PROPERTY Class="Matrix3" Name="Rotation">
                <ROW>1.0000000000000000, 0.0000000000000000, 0.0000000000000000</ROW>
                <ROW>0.0000000000000000, 1.0000000000000000, 0.0000000000000000</ROW>
                <ROW>0.0000000000000000, 0.0000000000000000, 1.0000000000000000</ROW>
            </PROPERTY>
            <PROPERTY Class="Float" Name="Scale">1.0000000000000000</PROPERTY>
        </COMPONENT>
        <COMPONENT LinkID="3" Class="NiSceneGraphComponent" Name="Scene Graph">
            <PROPERTY Class="String" Name="NIF File Path" Asset="TRUE">.\..\..\00_Object\Statue\CA_GOD_P_M_M_FishBG.nif</PROPERTY>
        </COMPONENT>
        <COMPONENT LinkID="4" Class="NiGeneralComponent" Name="Hide Object" TemplateID="f6,46,16,db,61,92,23,47,b5,4a,da,2d,42,d7,85,b9">
            <PROPERTY Class="Float" Name="Alpha Value" SemanticType="Float" DisplayName="Alpha Value" Description="">0.4000000059604645</PROPERTY>
            <PROPERTY Class="Boolean" Name="Alpha Enable" SemanticType="Boolean" DisplayName="Alpha Enable" Description="">FALSE</PROPERTY>
            <PROPERTY Class="Boolean" Name="Hide Object" SemanticType="Boolean" DisplayName="Hide Object" Description="">FALSE</PROPERTY>
        </COMPONENT>
        <COMPONENT LinkID="5" Class="NiTransformationComponent" Name="Transformation">
            <PROPERTY Class="Point3" Name="Translation">1966.6423339843750000, 435.1727600097656300, -73.0321960449218750</PROPERTY>
            <PROPERTY Class="Matrix3" Name="Rotation">
                <ROW>0.8740017414093018, 0.2252179980278015, -0.4305784702301025</ROW>
                <ROW>-0.1279414296150208, 0.9614962935447693, 0.2432199120521545</ROW>
                <ROW>0.4687771797180176, -0.1574857681989670, 0.8691642284393311</ROW>
            </PROPERTY>
            <PROPERTY Class="Float" Name="Scale">0.8128259778022766</PROPERTY>
        </COMPONENT>
        <COMPONENT LinkID="6" Class="NiSceneGraphComponent" Name="Scene Graph" MasterLinkID="3">
            <PROPERTY Class="String" Name="NIF File Path" Asset="TRUE">.\..\..\00_Object\Statue\CA_GOD_P_M_M_FishBG.nif</PROPERTY>
        </COMPONENT>
        <COMPONENT LinkID="7" Class="NiGeneralComponent" Name="Hide Object" TemplateID="f6,46,16,db,61,92,23,47,b5,4a,da,2d,42,d7,85,b9" MasterLinkID="4" />
        <ENTITY LinkID="8" Class="NiGeneralEntity" Name="Nature_MdGrass1001_06 04" Type="Object" UsePhysX="FALSE" PostfixTexture="" Optimization="0" AlphaGroup="1" RandomAni="TRUE" TemplateID="24,97,70,96,b2,8e,50,40,95,ea,ba,7e,79,78,b6,bd" MasterLinkID="9">
            <COMPONENT RefLinkID="13" />
            <COMPONENT RefLinkID="14" />
            <COMPONENT RefLinkID="15" />
        </ENTITY>
        <ENTITY LinkID="9" Class="NiGeneralEntity" Name="[Object]Grass.Nature_MdGrass1001_06" TemplateID="24,97,70,96,b2,8e,50,40,95,ea,ba,7e,79,78,b6,bd">
            <COMPONENT RefLinkID="10" />
            <COMPONENT RefLinkID="11" />
            <COMPONENT RefLinkID="12" />
        </ENTITY>
        <COMPONENT LinkID="10" Class="NiTransformationComponent" Name="Transformation">
            <PROPERTY Class="Point3" Name="Translation">0.0000000000000000, 0.0000000000000000, 0.0000000000000000</PROPERTY>
            <PROPERTY Class="Matrix3" Name="Rotation">
                <ROW>1.0000000000000000, 0.0000000000000000, 0.0000000000000000</ROW>
                <ROW>0.0000000000000000, 1.0000000000000000, 0.0000000000000000</ROW>
                <ROW>0.0000000000000000, 0.0000000000000000, 1.0000000000000000</ROW>
            </PROPERTY>
            <PROPERTY Class="Float" Name="Scale">1.0000000000000000</PROPERTY>
        </COMPONENT>
        <COMPONENT LinkID="11" Class="NiSceneGraphComponent" Name="Scene Graph">
            <PROPERTY Class="String" Name="NIF File Path" Asset="TRUE">.\..\..\00_Object\Grass\Nature_MdGrass1001_06.nif</PROPERTY>
        </COMPONENT>
        <COMPONENT LinkID="12" Class="NiGeneralComponent" Name="Hide Object" TemplateID="f6,46,16,db,61,92,23,47,b5,4a,da,2d,42,d7,85,b9">
            <PROPERTY Class="Float" Name="Alpha Value" SemanticType="Float" DisplayName="Alpha Value" Description="">0.4000000059604645</PROPERTY>
            <PROPERTY Class="Boolean" Name="Alpha Enable" SemanticType="Boolean" DisplayName="Alpha Enable" Description="">FALSE</PROPERTY>
            <PROPERTY Class="Boolean" Name="Hide Object" SemanticType="Boolean" DisplayName="Hide Object" Description="">FALSE</PROPERTY>
        </COMPONENT>
        <COMPONENT LinkID="13" Class="NiTransformationComponent" Name="Transformation">
            <PROPERTY Class="Point3" Name="Translation">-27.0320949554443360, 241.0090637207031200, 242.9391021728515600</PROPERTY>
            <PROPERTY Class="Matrix3" Name="Rotation">
                <ROW>0.4727941453456879, 0.8674747347831726, 0.1547686755657196</ROW>
                <ROW>-0.8477213382720947, 0.4957099854946137, -0.1887865811586380</ROW>
                <ROW>-0.2404879778623581, -0.0419434942305088, 0.9697455167770386</ROW>
            </PROPERTY>
            <PROPERTY Class="Float" Name="Scale">1.4621514081954956</PROPERTY>
        </COMPONENT>
        <COMPONENT LinkID="14" Class="NiSceneGraphComponent" Name="Scene Graph" MasterLinkID="11" />
        <COMPONENT LinkID="15" Class="NiGeneralComponent" Name="Hide Object" TemplateID="f6,46,16,db,61,92,23,47,b5,4a,da,2d,42,d7,85,b9" MasterLinkID="12" />
        <ENTITY LinkID="16" Class="NiGeneralEntity" Name="Nature_MdGrass1001_06 12" Type="Object" UsePhysX="FALSE" PostfixTexture="" Optimization="0" AlphaGroup="1" RandomAni="TRUE" TemplateID="24,97,70,96,b2,8e,50,40,95,ea,ba,7e,79,78,b6,bd" MasterLinkID="9">
            <COMPONENT RefLinkID="17" />
            <COMPONENT RefLinkID="18" />
            <COMPONENT RefLinkID="19" />
        </ENTITY>
        <COMPONENT LinkID="17" Class="NiTransformationComponent" Name="Transformation">
            <PROPERTY Class="Point3" Name="Translation">-2483.7744140625000000, 166.2682189941406200, 267.9959106445312500</PROPERTY>
            <PROPERTY Class="Matrix3" Name="Rotation">
                <ROW>-0.7913430333137512, -0.6113724112510681, 0.0000000000000000</ROW>
                <ROW>0.6113724112510681, -0.7913430333137512, 0.0000000000000000</ROW>
                <ROW>0.0000000000000000, 0.0000000000000000, 1.0000000000000000</ROW>
            </PROPERTY>
            <PROPERTY Class="Float" Name="Scale">1.0000000000000000</PROPERTY>
        </COMPONENT>
        <COMPONENT LinkID="18" Class="NiSceneGraphComponent" Name="Scene Graph" MasterLinkID="11" />
        <COMPONENT LinkID="19" Class="NiGeneralComponent" Name="Hide Object" TemplateID="f6,46,16,db,61,92,23,47,b5,4a,da,2d,42,d7,85,b9" MasterLinkID="12" />
        <ENTITY LinkID="20" Class="NiGeneralEntity" Name="CA_GOD_C_M_SA_GODROAD2001_01 32" Type="Object" UsePhysX="FALSE" PostfixTexture="" Optimization="0" AlphaGroup="3" RandomAni="TRUE" TemplateID="76,11,57,1,d6,5c,23,47,9b,26,55,8c,a6,c8,64,37" MasterLinkID="21">
            <COMPONENT RefLinkID="24" />
            <COMPONENT RefLinkID="25" />
        </ENTITY>
        <ENTITY LinkID="21" Class="NiGeneralEntity" Name="[Block]020500.CA_GOD_C_M_SA_GODROAD2001_01" TemplateID="a8,54,ba,a7,b7,7f,4b,4e,b0,b2,db,40,c3,5f,e7,13">
            <COMPONENT RefLinkID="22" />
            <COMPONENT RefLinkID="23" />
        </ENTITY>
        <COMPONENT LinkID="22" Class="NiTransformationComponent" Name="Transformation">
            <PROPERTY Class="Point3" Name="Translation">0.0000000000000000, 0.0000000000000000, 0.0000000000000000</PROPERTY>
            <PROPERTY Class="Matrix3" Name="Rotation">
                <ROW>1.0000000000000000, 0.0000000000000000, 0.0000000000000000</ROW>
                <ROW>0.0000000000000000, 1.0000000000000000, 0.0000000000000000</ROW>
                <ROW>0.0000000000000000, 0.0000000000000000, 1.0000000000000000</ROW>
            </PROPERTY>
            <PROPERTY Class="Float" Name="Scale">1.0000000000000000</PROPERTY>
        </COMPONENT>
        <COMPONENT LinkID="23" Class="NiSceneGraphComponent" Name="Scene Graph">
            <PROPERTY Class="String" Name="NIF File Path" Asset="TRUE">.\..\02_Modeling\Block\020500\CA_GOD_C_M_SA_GODROAD2001_01.nif</PROPERTY>
        </COMPONENT>
        <COMPONENT LinkID="24" Class="NiTransformationComponent" Name="Transformation">
            <PROPERTY Class="Point3" Name="Translation">2897.5092773437500000, 344.7776184082031200, 68.7121276855468750</PROPERTY>
            <PROPERTY Class="Matrix3" Name="Rotation">
                <ROW>-0.0018494427204132, 0.9999772310256958, -0.0064921337179840</ROW>
                <ROW>-0.9999964833259583, -0.0018374621868134, 0.0018442354630679</ROW>
                <ROW>0.0018322654068470, 0.0064955223351717, 0.9999772310256958</ROW>
            </PROPERTY>
            <PROPERTY Class="Float" Name="Scale">1.4561128616333008</PROPERTY>
        </COMPONENT>
        <COMPONENT LinkID="25" Class="NiSceneGraphComponent" Name="Scene Graph" MasterLinkID="23" />
        <ENTITY LinkID="26" Class="NiGeneralEntity" Name="Nature_MdGrass2001_04 07" Type="Object" UsePhysX="FALSE" PostfixTexture="" Optimization="2" AlphaGroup="1" RandomAni="TRUE" TemplateID="71,48,79,4a,f4,20,ee,40,87,11,34,9e,88,32,36,b2" MasterLinkID="27">
            <COMPONENT RefLinkID="31" />
            <COMPONENT RefLinkID="32" />
            <COMPONENT RefLinkID="33" />
        </ENTITY>
        <ENTITY LinkID="27" Class="NiGeneralEntity" Name="[Object]Grass.Nature_MdGrass2001_04" TemplateID="71,48,79,4a,f4,20,ee,40,87,11,34,9e,88,32,36,b2">
            <COMPONENT RefLinkID="28" />
            <COMPONENT RefLinkID="29" />
            <COMPONENT RefLinkID="30" />
        </ENTITY>
        <COMPONENT LinkID="28" Class="NiTransformationComponent" Name="Transformation">
            <PROPERTY Class="Point3" Name="Translation">0.0000000000000000, 0.0000000000000000, 0.0000000000000000</PROPERTY>
            <PROPERTY Class="Matrix3" Name="Rotation">
                <ROW>1.0000000000000000, 0.0000000000000000, 0.0000000000000000</ROW>
                <ROW>0.0000000000000000, 1.0000000000000000, 0.0000000000000000</ROW>
                <ROW>0.0000000000000000, 0.0000000000000000, 1.0000000000000000</ROW>
            </PROPERTY>
            <PROPERTY Class="Float" Name="Scale">1.0000000000000000</PROPERTY>
        </COMPONENT>
        <COMPONENT LinkID="29" Class="NiSceneGraphComponent" Name="Scene Graph">
            <PROPERTY Class="String" Name="NIF File Path" Asset="TRUE">.\..\..\00_Object\Grass\Nature_MdGrass2001_04.nif</PROPERTY>
        </COMPONENT>
        <COMPONENT LinkID="30" Class="NiGeneralComponent" Name="Hide Object" TemplateID="f6,46,16,db,61,92,23,47,b5,4a,da,2d,42,d7,85,b9">
            <PROPERTY Class="Float" Name="Alpha Value" SemanticType="Float" DisplayName="Alpha Value" Description="">0.4000000059604645</PROPERTY>
            <PROPERTY Class="Boolean" Name="Alpha Enable" SemanticType="Boolean" DisplayName="Alpha Enable" Description="">FALSE</PROPERTY>
            <PROPERTY Class="Boolean" Name="Hide Object" SemanticType="Boolean" DisplayName="Hide Object" Description="">FALSE</PROPERTY>
        </COMPONENT>
        <COMPONENT LinkID="31" Class="NiTransformationComponent" Name="Transformation">
            <PROPERTY Class="Point3" Name="Translation">2551.9641113281250000, 306.3912658691406200, 186.8913879394531300</PROPERTY>
            <PROPERTY Class="Matrix3" Name="Rotation">
                <ROW>0.9966548681259155, 0.0222051441669464, 0.0786552280187607</ROW>
                <ROW>-0.0271269977092743, 0.9977031946182251, 0.0620704852044582</ROW>
                <ROW>-0.0770963355898857, -0.0639966577291489, 0.9949677586555481</ROW>
            </PROPERTY>
            <PROPERTY Class="Float" Name="Scale">1.0000000000000000</PROPERTY>
        </COMPONENT>
        <COMPONENT LinkID="32" Class="NiSceneGraphComponent" Name="Scene Graph" MasterLinkID="29" />
        <COMPONENT LinkID="33" Class="NiGeneralComponent" Name="Hide Object" TemplateID="f6,46,16,db,61,92,23,47,b5,4a,da,2d,42,d7,85,b9" MasterLinkID="30" />
        <ENTITY LinkID="34" Class="NiGeneralEntity" Name="Nature_Stone4003_01 23" Type="Object" UsePhysX="FALSE" PostfixTexture="" Optimization="0" AlphaGroup="1" RandomAni="TRUE" TemplateID="3,2d,b4,26,7,d3,b,40,80,db,fd,81,cc,1a,51,e3" MasterLinkID="35">
            <COMPONENT RefLinkID="38" />
            <COMPONENT RefLinkID="39" />
        </ENTITY>
        <ENTITY LinkID="35" Class="NiGeneralEntity" Name="[Object]Stone.Nature_Stone4003_01" TemplateID="3,2d,b4,26,7,d3,b,40,80,db,fd,81,cc,1a,51,e3">
            <COMPONENT RefLinkID="36" />
            <COMPONENT RefLinkID="37" />
        </ENTITY>
        <COMPONENT LinkID="36" Class="NiTransformationComponent" Name="Transformation">
            <PROPERTY Class="Point3" Name="Translation">0.0000000000000000, 0.0000000000000000, 0.0000000000000000</PROPERTY>
            <PROPERTY Class="Matrix3" Name="Rotation">
                <ROW>1.0000000000000000, 0.0000000000000000, 0.0000000000000000</ROW>
                <ROW>0.0000000000000000, 1.0000000000000000, 0.0000000000000000</ROW>
                <ROW>0.0000000000000000, 0.0000000000000000, 1.0000000000000000</ROW>
            </PROPERTY>
            <PROPERTY Class="Float" Name="Scale">1.0000000000000000</PROPERTY>
        </COMPONENT>
        <COMPONENT LinkID="37" Class="NiSceneGraphComponent" Name="Scene Graph">
            <PROPERTY Class="String" Name="NIF File Path" Asset="TRUE">.\..\..\00_Object\Stone\Nature_Stone4003_01.nif</PROPERTY>
        </COMPONENT>
        <COMPONENT LinkID="38" Class="NiTransformationComponent" Name="Transformation">
            <PROPERTY Class="Point3" Name="Translation">7.6509814262390137, 274.8651733398437500, 241.2267456054687500</PROPERTY>
            <PROPERTY Class="Matrix3" Name="Rotation">
                <ROW>-0.9798200726509094, 0.1843129396438599, 0.0773374214768410</ROW>
                <ROW>-0.1811826825141907, -0.9823837876319885, 0.0457678325474262</ROW>
                <ROW>0.0844106227159500, 0.0308320354670286, 0.9959539175033569</ROW>
            </PROPERTY>
            <PROPERTY Class="Float" Name="Scale">0.5000000000000000</PROPERTY>
        </COMPONENT>
        <COMPONENT LinkID="39" Class="NiSceneGraphComponent" Name="Scene Graph" MasterLinkID="37" />
        <ENTITY LinkID="40" Class="NiGeneralEntity" Name="CA_GOD_C_M_SA_GODROAD2001_01 31" Type="Object" UsePhysX="FALSE" PostfixTexture="" Optimization="0" AlphaGroup="3" RandomAni="TRUE" TemplateID="76,11,57,1,d6,5c,23,47,9b,26,55,8c,a6,c8,64,37" MasterLinkID="21">
            <COMPONENT RefLinkID="41" />
            <COMPONENT RefLinkID="42" />
        </ENTITY>
        <COMPONENT LinkID="41" Class="NiTransformationComponent" Name="Transformation">
            <PROPERTY Class="Point3" Name="Translation">3029.2507324218750000, 252.0687255859375000, 167.8607330322265600</PROPERTY>
            <PROPERTY Class="Matrix3" Name="Rotation">
                <ROW>-0.0889978408813477, 0.9960118532180786, -0.0063066938892007</ROW>
                <ROW>-0.9960300326347351, -0.0889842361211777, 0.0024030443746597</ROW>
                <ROW>0.0018322654068470, 0.0064955223351717, 0.9999772310256958</ROW>
            </PROPERTY>
            <PROPERTY Class="Float" Name="Scale">1.4561128616333008</PROPERTY>
        </COMPONENT>
        <COMPONENT LinkID="42" Class="NiSceneGraphComponent" Name="Scene Graph" MasterLinkID="23" />
        <ENTITY LinkID="43" Class="NiGeneralEntity" Name="Nature_GrassA1001_01 42" Type="Object" UsePhysX="FALSE" PostfixTexture="" Optimization="0" AlphaGroup="1" RandomAni="TRUE" TemplateID="91,85,e1,c6,81,e1,fa,4e,b0,26,99,d8,66,e1,9f,a9" MasterLinkID="44">
            <COMPONENT RefLinkID="47" />
            <COMPONENT RefLinkID="48" />
        </ENTITY>
        <ENTITY LinkID="44" Class="NiGeneralEntity" Name="[Object]Grass.Nature_GrassA1001_01" TemplateID="91,85,e1,c6,81,e1,fa,4e,b0,26,99,d8,66,e1,9f,a9">
            <COMPONENT RefLinkID="45" />
            <COMPONENT RefLinkID="46" />
        </ENTITY>
        <COMPONENT LinkID="45" Class="NiTransformationComponent" Name="Transformation">
            <PROPERTY Class="Point3" Name="Translation">0.0000000000000000, 0.0000000000000000, 0.0000000000000000</PROPERTY>
            <PROPERTY Class="Matrix3" Name="Rotation">
                <ROW>1.0000000000000000, 0.0000000000000000, 0.0000000000000000</ROW>
                <ROW>0.0000000000000000, 1.0000000000000000, 0.0000000000000000</ROW>
                <ROW>0.0000000000000000, 0.0000000000000000, 1.0000000000000000</ROW>
            </PROPERTY>
            <PROPERTY Class="Float" Name="Scale">1.0000000000000000</PROPERTY>
        </COMPONENT>
        <COMPONENT LinkID="46" Class="NiSceneGraphComponent" Name="Scene Graph">
            <PROPERTY Class="String" Name="NIF File Path" Asset="TRUE">.\..\..\00_Object\Grass\Nature_GrassA1001_01.nif</PROPERTY>
        </COMPONENT>
        <COMPONENT LinkID="47" Class="NiTransformationComponent" Name="Transformation">
            <PROPERTY Class="Point3" Name="Translation">41.6762161254882810, 287.9704589843750000, 239.0396423339843700</PROPERTY>
            <PROPERTY Class="Matrix3" Name="Rotation">
                <ROW>1.0000000000000000, 0.0000000000000000, 0.0000000000000000</ROW>
                <ROW>0.0000000000000000, 1.0000000000000000, 0.0000000000000000</ROW>
                <ROW>0.0000000000000000, 0.0000000000000000, 1.0000000000000000</ROW>
            </PROPERTY>
            <PROPERTY Class="Float" Name="Scale">1.0000000000000000</PROPERTY>
        </COMPONENT>
        <COMPONENT LinkID="48" Class="NiSceneGraphComponent" Name="Scene Graph" MasterLinkID="46" />
        <ENTITY LinkID="49" Class="NiGeneralEntity" Name="CA_GOD_P_M_M_FishBG 02" Type="Object" UsePhysX="FALSE" PostfixTexture="" Optimization="0" AlphaGroup="1" RandomAni="TRUE" TemplateID="fd,36,db,a3,1a,77,fc,49,87,b3,f5,3e,fe,6,d7,c5" MasterLinkID="1">
            <COMPONENT RefLinkID="50" />
            <COMPONENT RefLinkID="51" />
            <COMPONENT RefLinkID="52" />
        </ENTITY>
        <COMPONENT LinkID="50" Class="NiTransformationComponent" Name="Transformation">
            <PROPERTY Class="Point3" Name="Translation">-2489.5832519531250000, 295.1951599121093700, 237.2806091308593700</PROPERTY>
            <PROPERTY Class="Matrix3" Name="Rotation">
                <ROW>0.6246613264083862, -0.7805229425430298, -0.0241283625364304</ROW>
                <ROW>0.7808955907821655, 0.6243513226509094, 0.0196797288954258</ROW>
                <ROW>-0.0002959221601486, -0.0311349034309387, 0.9995149374008179</ROW>
            </PROPERTY>
            <PROPERTY Class="Float" Name="Scale">0.2895584702491760</PROPERTY>
        </COMPONENT>
        <COMPONENT LinkID="51" Class="NiSceneGraphComponent" Name="Scene Graph" MasterLinkID="3">
            <PROPERTY Class="String" Name="NIF File Path" Asset="TRUE">.\..\..\00_Object\Statue\CA_GOD_P_M_M_FishBG.nif</PROPERTY>
        </COMPONENT>
        <COMPONENT LinkID="52" Class="NiGeneralComponent" Name="Hide Object" TemplateID="f6,46,16,db,61,92,23,47,b5,4a,da,2d,42,d7,85,b9" MasterLinkID="4" />
        <ENTITY LinkID="53" Class="NiGeneralEntity" Name="CA_GOD_P_M_M_FishBG 14" Type="Object" UsePhysX="FALSE" PostfixTexture="" Optimization="0" AlphaGroup="1" RandomAni="TRUE" TemplateID="fd,36,db,a3,1a,77,fc,49,87,b3,f5,3e,fe,6,d7,c5" MasterLinkID="1">
            <COMPONENT RefLinkID="54" />
            <COMPONENT RefLinkID="55" />
            <COMPONENT RefLinkID="56" />
        </ENTITY>
        <COMPONENT LinkID="54" Class="NiTransformationComponent" Name="Transformation">
            <PROPERTY Class="Point3" Name="Translation">2557.5483398437500000, 386.2652282714843700, -73.0321960449218750</PROPERTY>
            <PROPERTY Class="Matrix3" Name="Rotation">
                <ROW>0.8856902122497559, 0.1622095704078674, 0.4350183010101318</ROW>
                <ROW>-0.3383549749851227, 0.8671126961708069, 0.3655564785003662</ROW>
                <ROW>-0.3179130554199219, -0.4709603488445282, 0.8228777050971985</ROW>
            </PROPERTY>
            <PROPERTY Class="Float" Name="Scale">0.8128259778022766</PROPERTY>
        </COMPONENT>
        <COMPONENT LinkID="55" Class="NiSceneGraphComponent" Name="Scene Graph" MasterLinkID="3">
            <PROPERTY Class="String" Name="NIF File Path" Asset="TRUE">.\..\..\00_Object\Statue\CA_GOD_P_M_M_FishBG.nif</PROPERTY>
        </COMPONENT>
        <COMPONENT LinkID="56" Class="NiGeneralComponent" Name="Hide Object" TemplateID="f6,46,16,db,61,92,23,47,b5,4a,da,2d,42,d7,85,b9" MasterLinkID="4" />
        <ENTITY LinkID="57" Class="NiGeneralEntity" Name="CA_GOD_P_B_M_GODROAD1004_01 02" Type="Object" UsePhysX="FALSE" PostfixTexture="" Optimization="0" AlphaGroup="3" RandomAni="TRUE" TemplateID="dd,c0,64,d7,26,13,51,42,a9,c7,ae,1b,46,ee,6a,71" MasterLinkID="58">
            <COMPONENT RefLinkID="61" />
            <COMPONENT RefLinkID="62" />
        </ENTITY>
        <ENTITY LinkID="58" Class="NiGeneralEntity" Name="[Block]020500.CA_GOD_P_B_M_GODROAD1004_01" TemplateID="dd,c0,64,d7,26,13,51,42,a9,c7,ae,1b,46,ee,6a,71">
            <COMPONENT RefLinkID="59" />
            <COMPONENT RefLinkID="60" />
        </ENTITY>
        <COMPONENT LinkID="59" Class="NiTransformationComponent" Name="Transformation">
            <PROPERTY Class="Point3" Name="Translation">0.0000000000000000, 0.0000000000000000, 0.0000000000000000</PROPERTY>
            <PROPERTY Class="Matrix3" Name="Rotation">
                <ROW>1.0000000000000000, 0.0000000000000000, 0.0000000000000000</ROW>
                <ROW>0.0000000000000000, 1.0000000000000000, 0.0000000000000000</ROW>
                <ROW>0.0000000000000000, 0.0000000000000000, 1.0000000000000000</ROW>
            </PROPERTY>
            <PROPERTY Class="Float" Name="Scale">1.0000000000000000</PROPERTY>
        </COMPONENT>
        <COMPONENT LinkID="60" Class="NiSceneGraphComponent" Name="Scene Graph">
            <PROPERTY Class="String" Name="NIF File Path" Asset="TRUE">.\..\02_Modeling\Block\020500\CA_GOD_P_B_M_GODROAD1004_01.nif</PROPERTY>
        </COMPONENT>
        <COMPONENT LinkID="61" Class="NiTransformationComponent" Name="Transformation">
            <PROPERTY Class="Point3" Name="Translation">2713.8447265625000000, 509.8625488281250000, -22.4456176757812500</PROPERTY>
            <PROPERTY Class="Matrix3" Name="Rotation">
                <ROW>-1.0000000000000000, 0.0000000874227624, 0.0000000000522806</ROW>
                <ROW>-0.0000000874227766, -0.9999998211860657, -0.0005980199202895</ROW>
                <ROW>0.0000000000000000, -0.0005980199202895, 0.9999998211860657</ROW>
            </PROPERTY>
            <PROPERTY Class="Float" Name="Scale">1.0000000000000000</PROPERTY>
        </COMPONENT>
        <COMPONENT LinkID="62" Class="NiSceneGraphComponent" Name="Scene Graph" MasterLinkID="60" />
        <ENTITY LinkID="63" Class="NiGeneralEntity" Name="Nature_Stone4003_01 14" Type="Object" UsePhysX="FALSE" PostfixTexture="" Optimization="0" AlphaGroup="1" RandomAni="TRUE" TemplateID="3,2d,b4,26,7,d3,b,40,80,db,fd,81,cc,1a,51,e3" MasterLinkID="35">
            <COMPONENT RefLinkID="64" />
            <COMPONENT RefLinkID="65" />
        </ENTITY>
        <COMPONENT LinkID="64" Class="NiTransformationComponent" Name="Transformation">
            <PROPERTY Class="Point3" Name="Translation">-1085.0463867187500000, 491.0732421875000000, 420.3248291015625000</PROPERTY>
            <PROPERTY Class="Matrix3" Name="Rotation">
                <ROW>0.9880651831626892, -0.1540366709232330, 0.0000000000000000</ROW>
                <ROW>0.1540366709232330, 0.9880651831626892, 0.0000000000000000</ROW>
                <ROW>0.0000000000000000, 0.0000000000000000, 1.0000000000000000</ROW>
            </PROPERTY>
            <PROPERTY Class="Float" Name="Scale">1.3338025808334351</PROPERTY>
        </COMPONENT>
        <COMPONENT LinkID="65" Class="NiSceneGraphComponent" Name="Scene Graph" MasterLinkID="37" />
        <ENTITY LinkID="66" Class="NiGeneralEntity" Name="Nature_MdGrass1001_06 07" Type="Object" UsePhysX="FALSE" PostfixTexture="" Optimization="1" AlphaGroup="1" RandomAni="TRUE" TemplateID="24,97,70,96,b2,8e,50,40,95,ea,ba,7e,79,78,b6,bd" MasterLinkID="9">
            <COMPONENT RefLinkID="67" />
            <COMPONENT RefLinkID="68" />
            <COMPONENT RefLinkID="69" />
        </ENTITY>
        <COMPONENT LinkID="67" Class="NiTransformationComponent" Name="Transformation">
            <PROPERTY Class="Point3" Name="Translation">99.9246826171875000, 260.5084838867187500, 226.3787384033203100</PROPERTY>
            <PROPERTY Class="Matrix3" Name="Rotation">
                <ROW>-0.9216682910919190, -0.3879784345626831, 0.0000000000000000</ROW>
                <ROW>0.3879784345626831, -0.9216682910919190, 0.0000000000000000</ROW>
                <ROW>0.0000000000000000, 0.0000000000000000, 1.0000000000000000</ROW>
            </PROPERTY>
            <PROPERTY Class="Float" Name="Scale">1.5832519531250000</PROPERTY>
        </COMPONENT>
        <COMPONENT LinkID="68" Class="NiSceneGraphComponent" Name="Scene Graph" MasterLinkID="11" />
        <COMPONENT LinkID="69" Class="NiGeneralComponent" Name="Hide Object" TemplateID="f6,46,16,db,61,92,23,47,b5,4a,da,2d,42,d7,85,b9" MasterLinkID="12" />
        <ENTITY LinkID="70" Class="NiGeneralEntity" Name="CA_GOD_P_S_SA_Relic2002_01 11" Type="Object" UsePhysX="FALSE" PostfixTexture="" Optimization="0" AlphaGroup="1" RandomAni="TRUE" TemplateID="38,f4,9,8f,18,b2,3a,4f,94,ad,30,f7,6e,9d,82,5a" MasterLinkID="71">
            <COMPONENT RefLinkID="74" />
            <COMPONENT RefLinkID="75" />
        </ENTITY>
        <ENTITY LinkID="71" Class="NiGeneralEntity" Name="[Block]020500.CA_GOD_P_S_SA_Relic2002_01" TemplateID="59,9b,c5,1d,66,a5,68,4b,9a,cc,c8,b8,33,b1,db,65">
            <COMPONENT RefLinkID="72" />
            <COMPONENT RefLinkID="73" />
        </ENTITY>
        <COMPONENT LinkID="72" Class="NiTransformationComponent" Name="Transformation">
            <PROPERTY Class="Point3" Name="Translation">0.0000000000000000, 0.0000000000000000, 0.0000000000000000</PROPERTY>
            <PROPERTY Class="Matrix3" Name="Rotation">
                <ROW>1.0000000000000000, 0.0000000000000000, 0.0000000000000000</ROW>
                <ROW>0.0000000000000000, 1.0000000000000000, 0.0000000000000000</ROW>
                <ROW>0.0000000000000000, 0.0000000000000000, 1.0000000000000000</ROW>
            </PROPERTY>
            <PROPERTY Class="Float" Name="Scale">1.0000000000000000</PROPERTY>
        </COMPONENT>
        <COMPONENT LinkID="73" Class="NiSceneGraphComponent" Name="Scene Graph">
            <PROPERTY Class="String" Name="NIF File Path" Asset="TRUE">.\..\02_Modeling\Block\020500\CA_GOD_P_S_SA_Relic2002_01.nif</PROPERTY>
        </COMPONENT>
        <COMPONENT LinkID="74" Class="NiTransformationComponent" Name="Transformation">
            <PROPERTY Class="Point3" Name="Translation">37.1401634216308590, 417.9747314453125000, 264.6903076171875000</PROPERTY>
            <PROPERTY Class="Matrix3" Name="Rotation">
                <ROW>1.0000000000000000, 0.0000000000000000, 0.0000000000000000</ROW>
                <ROW>0.0000000000000000, 1.0000000000000000, 0.0000000000000000</ROW>
                <ROW>0.0000000000000000, 0.0000000000000000, 1.0000000000000000</ROW>
            </PROPERTY>
            <PROPERTY Class="Float" Name="Scale">2.0000000000000000</PROPERTY>
        </COMPONENT>
        <COMPONENT LinkID="75" Class="NiSceneGraphComponent" Name="Scene Graph" MasterLinkID="73" />
        <ENTITY LinkID="76" Class="NiGeneralEntity" Name="CA_GOD_P_M_M_FishBG 17" Type="Object" UsePhysX="FALSE" PostfixTexture="" Optimization="0" AlphaGroup="1" RandomAni="TRUE" TemplateID="fd,36,db,a3,1a,77,fc,49,87,b3,f5,3e,fe,6,d7,c5" MasterLinkID="1">
            <COMPONENT RefLinkID="77" />
            <COMPONENT RefLinkID="78" />
            <COMPONENT RefLinkID="79" />
        </ENTITY>
        <COMPONENT LinkID="77" Class="NiTransformationComponent" Name="Transformation">
            <PROPERTY Class="Point3" Name="Translation">-848.1077880859375000, 585.5519409179687500, 330.0880126953125000</PROPERTY>
            <PROPERTY Class="Matrix3" Name="Rotation">
                <ROW>0.8565520048141480, -0.5151574015617371, 0.0305223669856787</ROW>
                <ROW>0.5160235166549683, 0.8557006120681763, -0.0386772938072681</ROW>
                <ROW>-0.0061930716037750, 0.0488794445991516, 0.9987855553627014</ROW>
            </PROPERTY>
            <PROPERTY Class="Float" Name="Scale">0.6999999880790710</PROPERTY>
        </COMPONENT>
        <COMPONENT LinkID="78" Class="NiSceneGraphComponent" Name="Scene Graph" MasterLinkID="3">
            <PROPERTY Class="String" Name="NIF File Path" Asset="TRUE">.\..\..\00_Object\Statue\CA_GOD_P_M_M_FishBG.nif</PROPERTY>
        </COMPONENT>
        <COMPONENT LinkID="79" Class="NiGeneralComponent" Name="Hide Object" TemplateID="f6,46,16,db,61,92,23,47,b5,4a,da,2d,42,d7,85,b9" MasterLinkID="4" />
        <ENTITY LinkID="80" Class="NiGeneralEntity" Name="Nature_MdGrass1001_06 13" Type="Object" UsePhysX="FALSE" PostfixTexture="" Optimization="0" AlphaGroup="1" RandomAni="TRUE" TemplateID="24,97,70,96,b2,8e,50,40,95,ea,ba,7e,79,78,b6,bd" MasterLinkID="9">
            <COMPONENT RefLinkID="81" />
            <COMPONENT RefLinkID="82" />
            <COMPONENT RefLinkID="83" />
        </ENTITY>
        <COMPONENT LinkID="81" Class="NiTransformationComponent" Name="Transformation">
            <PROPERTY Class="Point3" Name="Translation">2583.6853027343750000, 274.1664733886718700, 181.2630310058593700</PROPERTY>
            <PROPERTY Class="Matrix3" Name="Rotation">
                <ROW>-0.9081818461418152, 0.4185755848884583, 0.0000000000000000</ROW>
                <ROW>-0.4185755848884583, -0.9081818461418152, 0.0000000000000000</ROW>
                <ROW>0.0000000000000000, 0.0000000000000000, 1.0000000000000000</ROW>
            </PROPERTY>
            <PROPERTY Class="Float" Name="Scale">1.0000000000000000</PROPERTY>
        </COMPONENT>
        <COMPONENT LinkID="82" Class="NiSceneGraphComponent" Name="Scene Graph" MasterLinkID="11" />
        <COMPONENT LinkID="83" Class="NiGeneralComponent" Name="Hide Object" TemplateID="f6,46,16,db,61,92,23,47,b5,4a,da,2d,42,d7,85,b9" MasterLinkID="12" />
        <ENTITY LinkID="84" Class="NiGeneralEntity" Name="Nature_Stone4003_01 22" Type="Object" UsePhysX="FALSE" PostfixTexture="" Optimization="0" AlphaGroup="1" RandomAni="TRUE" TemplateID="3,2d,b4,26,7,d3,b,40,80,db,fd,81,cc,1a,51,e3" MasterLinkID="35">
            <COMPONENT RefLinkID="85" />
            <COMPONENT RefLinkID="86" />
        </ENTITY>
        <COMPONENT LinkID="85" Class="NiTransformationComponent" Name="Transformation">
            <PROPERTY Class="Point3" Name="Translation">19.7054920196533200, 283.5502319335937500, 236.2531890869140600</PROPERTY>
            <PROPERTY Class="Matrix3" Name="Rotation">
                <ROW>-0.9798200726509094, 0.1843129396438599, 0.0773374214768410</ROW>
                <ROW>-0.1811826825141907, -0.9823837876319885, 0.0457678325474262</ROW>
                <ROW>0.0844106227159500, 0.0308320354670286, 0.9959539175033569</ROW>
            </PROPERTY>
            <PROPERTY Class="Float" Name="Scale">0.9928747415542603</PROPERTY>
        </COMPONENT>
        <COMPONENT LinkID="86" Class="NiSceneGraphComponent" Name="Scene Graph" MasterLinkID="37" />
        <ENTITY LinkID="87" Class="NiGeneralEntity" Name="Nature_MdGrass1001_06 06" Type="Object" UsePhysX="FALSE" PostfixTexture="" Optimization="0" AlphaGroup="1" RandomAni="TRUE" TemplateID="24,97,70,96,b2,8e,50,40,95,ea,ba,7e,79,78,b6,bd" MasterLinkID="9">
            <COMPONENT RefLinkID="88" />
            <COMPONENT RefLinkID="89" />
            <COMPONENT RefLinkID="90" />
        </ENTITY>
        <COMPONENT LinkID="88" Class="NiTransformationComponent" Name="Transformation">
            <PROPERTY Class="Point3" Name="Translation">-62.3624725341796880, 285.8423767089843700, 251.1977081298828100</PROPERTY>
            <PROPERTY Class="Matrix3" Name="Rotation">
                <ROW>-0.0080586764961481, -0.9879179596900940, 0.1547686755657196</ROW>
                <ROW>0.9812988638877869, -0.0375802665948868, -0.1887865811586380</ROW>
                <ROW>0.1923219114542007, 0.1503529548645020, 0.9697455167770386</ROW>
            </PROPERTY>
            <PROPERTY Class="Float" Name="Scale">1.0000000000000000</PROPERTY>
        </COMPONENT>
        <COMPONENT LinkID="89" Class="NiSceneGraphComponent" Name="Scene Graph" MasterLinkID="11" />
        <COMPONENT LinkID="90" Class="NiGeneralComponent" Name="Hide Object" TemplateID="f6,46,16,db,61,92,23,47,b5,4a,da,2d,42,d7,85,b9" MasterLinkID="12" />
        <ENTITY LinkID="91" Class="NiGeneralEntity" Name="CA_GOD_P_B_M_GODROAD1004_01 12" Type="Object" UsePhysX="FALSE" PostfixTexture="" Optimization="0" AlphaGroup="3" RandomAni="TRUE" TemplateID="dd,c0,64,d7,26,13,51,42,a9,c7,ae,1b,46,ee,6a,71" MasterLinkID="58">
            <COMPONENT RefLinkID="92" />
            <COMPONENT RefLinkID="93" />
        </ENTITY>
        <COMPONENT LinkID="92" Class="NiTransformationComponent" Name="Transformation">
            <PROPERTY Class="Point3" Name="Translation">-1425.1528320312500000, 544.0317382812500000, 175.9709472656250000</PROPERTY>
            <PROPERTY Class="Matrix3" Name="Rotation">
                <ROW>1.0000000000000000, 0.0000000000000000, 0.0000000000000000</ROW>
                <ROW>0.0000000000000000, 0.9999998211860657, 0.0005980199202895</ROW>
                <ROW>0.0000000000000000, -0.0005980199202895, 0.9999998211860657</ROW>
            </PROPERTY>
            <PROPERTY Class="Float" Name="Scale">1.0000000000000000</PROPERTY>
        </COMPONENT>
        <COMPONENT LinkID="93" Class="NiSceneGraphComponent" Name="Scene Graph" MasterLinkID="60" />
        <ENTITY LinkID="94" Class="NiGeneralEntity" Name="CA_GOD_C_M_SA_GODROAD2001_01 33" Type="Object" UsePhysX="FALSE" PostfixTexture="" Optimization="0" AlphaGroup="3" RandomAni="TRUE" TemplateID="76,11,57,1,d6,5c,23,47,9b,26,55,8c,a6,c8,64,37" MasterLinkID="21">
            <COMPONENT RefLinkID="95" />
            <COMPONENT RefLinkID="96" />
        </ENTITY>
        <COMPONENT LinkID="95" Class="NiTransformationComponent" Name="Transformation">
            <PROPERTY Class="Point3" Name="Translation">3022.4299316406250000, -1.8100528717041016, 68.5519104003906250</PROPERTY>
            <PROPERTY Class="Matrix3" Name="Rotation">
                <ROW>0.6393938064575195, 0.7688714861869812, -0.0035333773121238</ROW>
                <ROW>-0.7688748836517334, 0.6393673419952393, -0.0063926065340638</ROW>
                <ROW>-0.0026559829711914, 0.0068041160702705, 0.9999732971191406</ROW>
            </PROPERTY>
            <PROPERTY Class="Float" Name="Scale">1.4561128616333008</PROPERTY>
        </COMPONENT>
        <COMPONENT LinkID="96" Class="NiSceneGraphComponent" Name="Scene Graph" MasterLinkID="23" />
        <ENTITY LinkID="97" Class="NiGeneralEntity" Name="Nature_MdGrass1001_06 19" Type="Object" UsePhysX="FALSE" PostfixTexture="" Optimization="1" AlphaGroup="1" RandomAni="TRUE" TemplateID="24,97,70,96,b2,8e,50,40,95,ea,ba,7e,79,78,b6,bd" MasterLinkID="9">
            <COMPONENT RefLinkID="98" />
            <COMPONENT RefLinkID="99" />
            <COMPONENT RefLinkID="100" />
        </ENTITY>
        <COMPONENT LinkID="98" Class="NiTransformationComponent" Name="Transformation">
            <PROPERTY Class="Point3" Name="Translation">2552.5659179687500000, 292.4745178222656200, 186.1548767089843700</PROPERTY>
            <PROPERTY Class="Matrix3" Name="Rotation">
                <ROW>0.9337426424026489, 0.3360538780689240, 0.1232572942972183</ROW>
                <ROW>-0.2898007035255432, 0.9118605256080627, -0.2907331585884094</ROW>
                <ROW>-0.2100954651832581, 0.2357498854398727, 0.9488318562507629</ROW>
            </PROPERTY>
            <PROPERTY Class="Float" Name="Scale">0.8889116644859314</PROPERTY>
        </COMPONENT>
        <COMPONENT LinkID="99" Class="NiSceneGraphComponent" Name="Scene Graph" MasterLinkID="11" />
        <COMPONENT LinkID="100" Class="NiGeneralComponent" Name="Hide Object" TemplateID="f6,46,16,db,61,92,23,47,b5,4a,da,2d,42,d7,85,b9" MasterLinkID="12" />
        <ENTITY LinkID="101" Class="NiGeneralEntity" Name="CA_GOD_P_M_M_FishBG 15" Type="Object" UsePhysX="FALSE" PostfixTexture="" Optimization="0" AlphaGroup="1" RandomAni="TRUE" TemplateID="fd,36,db,a3,1a,77,fc,49,87,b3,f5,3e,fe,6,d7,c5" MasterLinkID="1">
            <COMPONENT RefLinkID="102" />
            <COMPONENT RefLinkID="103" />
            <COMPONENT RefLinkID="104" />
        </ENTITY>
        <COMPONENT LinkID="102" Class="NiTransformationComponent" Name="Transformation">
            <PROPERTY Class="Point3" Name="Translation">2179.2419433593750000, 447.8772583007812500, -73.0319595336914060</PROPERTY>
            <PROPERTY Class="Matrix3" Name="Rotation">
                <ROW>0.9657956957817078, -0.0267125070095062, 0.2579244077205658</ROW>
                <ROW>-0.1064916402101517, 0.8660675287246704, 0.4884532690048218</ROW>
                <ROW>-0.2364277243614197, -0.4992128610610962, 0.8335997462272644</ROW>
            </PROPERTY>
            <PROPERTY Class="Float" Name="Scale">0.6349450349807739</PROPERTY>
        </COMPONENT>
        <COMPONENT LinkID="103" Class="NiSceneGraphComponent" Name="Scene Graph" MasterLinkID="3">
            <PROPERTY Class="String" Name="NIF File Path" Asset="TRUE">.\..\..\00_Object\Statue\CA_GOD_P_M_M_FishBG.nif</PROPERTY>
        </COMPONENT>
        <COMPONENT LinkID="104" Class="NiGeneralComponent" Name="Hide Object" TemplateID="f6,46,16,db,61,92,23,47,b5,4a,da,2d,42,d7,85,b9" MasterLinkID="4" />
        <ENTITY LinkID="105" Class="NiGeneralEntity" Name="Art_Wayornament1001_01 01" Type="Object" UsePhysX="FALSE" PostfixTexture="" Optimization="0" AlphaGroup="1" RandomAni="TRUE" TemplateID="58,fe,f2,3,6c,18,89,43,b3,6f,fc,b7,50,66,f1,36" MasterLinkID="106">
            <COMPONENT RefLinkID="110" />
            <COMPONENT RefLinkID="111" />
            <COMPONENT RefLinkID="112" />
        </ENTITY>
        <ENTITY LinkID="106" Class="NiGeneralEntity" Name="[Object]Statue.Art_Wayornament1001_01" TemplateID="58,fe,f2,3,6c,18,89,43,b3,6f,fc,b7,50,66,f1,36">
            <COMPONENT RefLinkID="107" />
            <COMPONENT RefLinkID="108" />
            <COMPONENT RefLinkID="109" />
