<?xml version="1.0" ?>
<GSA Major="1" Minor="0" Patch="0">
    <PALETTES_DIRECTORY>
        <PALETTE_DIR IDX="0" DIRECTORY=".\..\..\..\..\..\ToolBin\SceneDesigner\Release\Data\" />
        <PALETTE_DIR IDX="1" DIRECTORY=".\..\..\Palettes\" />
    </PALETTES_DIRECTORY>
    <PALETTES>
        <PALETTE NAME="Default" DIR_IDX="0" />
        <PALETTE NAME="General" DIR_IDX="1" />
        <PALETTE NAME="Block" DIR_IDX="1" />
        <PALETTE NAME="Object" DIR_IDX="1" />
        <PALETTE NAME="Effect" DIR_IDX="1" />
        <PALETTE NAME="Felloruss" DIR_IDX="1" />
        <PALETTE NAME="Event" DIR_IDX="1" />
    </PALETTES>
    <OBJECTS>
        <ENTITY LinkID="0" Class="NiGeneralEntity" Name="Art_WoodPole1001_01 21" Type="Object" UsePhysX="FALSE" PostfixTexture="" Optimization="0" AlphaGroup="1" RandomAni="FALSE" TemplateID="d7,e5,c2,10,73,fe,8f,41,a7,30,68,10,98,9e,5b,de" MasterLinkID="1">
            <COMPONENT RefLinkID="5" />
            <COMPONENT RefLinkID="6" />
            <COMPONENT RefLinkID="7" />
        </ENTITY>
        <ENTITY LinkID="1" Class="NiGeneralEntity" Name="[Object]Fance.Art_WoodPole1001_01" TemplateID="d7,e5,c2,10,73,fe,8f,41,a7,30,68,10,98,9e,5b,de">
            <COMPONENT RefLinkID="2" />
            <COMPONENT RefLinkID="3" />
            <COMPONENT RefLinkID="4" />
        </ENTITY>
        <COMPONENT LinkID="2" Class="NiTransformationComponent" Name="Transformation">
            <PROPERTY Class="Point3" Name="Translation">0.0000000000000000, 0.0000000000000000, 0.0000000000000000</PROPERTY>
            <PROPERTY Class="Matrix3" Name="Rotation">
                <ROW>1.0000000000000000, 0.0000000000000000, 0.0000000000000000</ROW>
                <ROW>0.0000000000000000, 1.0000000000000000, 0.0000000000000000</ROW>
                <ROW>0.0000000000000000, 0.0000000000000000, 1.0000000000000000</ROW>
            </PROPERTY>
            <PROPERTY Class="Float" Name="Scale">1.0000000000000000</PROPERTY>
        </COMPONENT>
        <COMPONENT LinkID="3" Class="NiSceneGraphComponent" Name="Scene Graph">
            <PROPERTY Class="String" Name="NIF File Path" Asset="TRUE">.\..\..\00_Object\Fance\Art_WoodPole1001_01.nif</PROPERTY>
        </COMPONENT>
        <COMPONENT LinkID="4" Class="NiGeneralComponent" Name="Hide Object" TemplateID="f6,46,16,db,61,92,23,47,b5,4a,da,2d,42,d7,85,b9">
            <PROPERTY Class="Float" Name="Alpha Value" SemanticType="Float" DisplayName="Alpha Value" Description="">0.4000000059604645</PROPERTY>
            <PROPERTY Class="Boolean" Name="Alpha Enable" SemanticType="Boolean" DisplayName="Alpha Enable" Description="">FALSE</PROPERTY>
            <PROPERTY Class="Boolean" Name="Hide Object" SemanticType="Boolean" DisplayName="Hide Object" Description="">FALSE</PROPERTY>
        </COMPONENT>
        <COMPONENT LinkID="5" Class="NiTransformationComponent" Name="Transformation">
            <PROPERTY Class="Point3" Name="Translation">3529.3117675781250000, 801.5836791992187500, 11.1586961746215820</PROPERTY>
            <PROPERTY Class="Matrix3" Name="Rotation">
                <ROW>-0.9780427813529968, 0.0287687368690968, -0.2064090669155121</ROW>
                <ROW>0.1997231990098953, -0.1534915864467621, -0.9677555561065674</ROW>
                <ROW>-0.0595231428742409, -0.9877310991287231, 0.1443755328655243</ROW>
            </PROPERTY>
            <PROPERTY Class="Float" Name="Scale">0.9574909806251526</PROPERTY>
        </COMPONENT>
        <COMPONENT LinkID="6" Class="NiSceneGraphComponent" Name="Scene Graph" MasterLinkID="3" />
        <COMPONENT LinkID="7" Class="NiGeneralComponent" Name="Hide Object" TemplateID="f6,46,16,db,61,92,23,47,b5,4a,da,2d,42,d7,85,b9" MasterLinkID="4" />
        <ENTITY LinkID="8" Class="NiGeneralEntity" Name="CA_FALLlDOWNTREE_Fungus1003_01 31" Type="Object" UsePhysX="FALSE" PostfixTexture="" Optimization="0" AlphaGroup="1" RandomAni="FALSE" TemplateID="7b,87,48,e2,ca,79,29,46,b1,28,8e,19,cd,cc,c,40" MasterLinkID="9">
            <COMPONENT RefLinkID="13" />
            <COMPONENT RefLinkID="14" />
            <COMPONENT RefLinkID="15" />
        </ENTITY>
        <ENTITY LinkID="9" Class="NiGeneralEntity" Name="[Object]Grass.CA_FALLlDOWNTREE_Fungus1003_01" TemplateID="7b,87,48,e2,ca,79,29,46,b1,28,8e,19,cd,cc,c,40">
            <COMPONENT RefLinkID="10" />
            <COMPONENT RefLinkID="11" />
            <COMPONENT RefLinkID="12" />
        </ENTITY>
        <COMPONENT LinkID="10" Class="NiTransformationComponent" Name="Transformation">
            <PROPERTY Class="Point3" Name="Translation">0.0000000000000000, 0.0000000000000000, 0.0000000000000000</PROPERTY>
            <PROPERTY Class="Matrix3" Name="Rotation">
                <ROW>1.0000000000000000, 0.0000000000000000, 0.0000000000000000</ROW>
                <ROW>0.0000000000000000, 1.0000000000000000, 0.0000000000000000</ROW>
                <ROW>0.0000000000000000, 0.0000000000000000, 1.0000000000000000</ROW>
            </PROPERTY>
            <PROPERTY Class="Float" Name="Scale">1.0000000000000000</PROPERTY>
        </COMPONENT>
        <COMPONENT LinkID="11" Class="NiSceneGraphComponent" Name="Scene Graph">
            <PROPERTY Class="String" Name="NIF File Path" Asset="TRUE">.\..\..\00_Object\Grass\CA_FALLlDOWNTREE_Fungus1003_01.nif</PROPERTY>
        </COMPONENT>
        <COMPONENT LinkID="12" Class="NiGeneralComponent" Name="Hide Object" TemplateID="f6,46,16,db,61,92,23,47,b5,4a,da,2d,42,d7,85,b9">
            <PROPERTY Class="Float" Name="Alpha Value" SemanticType="Float" DisplayName="Alpha Value" Description="">0.4000000059604645</PROPERTY>
            <PROPERTY Class="Boolean" Name="Alpha Enable" SemanticType="Boolean" DisplayName="Alpha Enable" Description="">FALSE</PROPERTY>
            <PROPERTY Class="Boolean" Name="Hide Object" SemanticType="Boolean" DisplayName="Hide Object" Description="">FALSE</PROPERTY>
        </COMPONENT>
        <COMPONENT LinkID="13" Class="NiTransformationComponent" Name="Transformation">
            <PROPERTY Class="Point3" Name="Translation">3444.4345703125000000, 823.3228759765625000, 37.8508186340332030</PROPERTY>
            <PROPERTY Class="Matrix3" Name="Rotation">
                <ROW>-0.8115947246551514, 0.5662328004837036, -0.1438553482294083</ROW>
                <ROW>-0.3746174275875092, -0.6933408975601196, -0.6155810952186585</ROW>
                <ROW>-0.4483031034469605, -0.4457117617130280, 0.7748324871063232</ROW>
            </PROPERTY>
            <PROPERTY Class="Float" Name="Scale">0.4375448226928711</PROPERTY>
        </COMPONENT>
        <COMPONENT LinkID="14" Class="NiSceneGraphComponent" Name="Scene Graph" MasterLinkID="11" />
        <COMPONENT LinkID="15" Class="NiGeneralComponent" Name="Hide Object" TemplateID="f6,46,16,db,61,92,23,47,b5,4a,da,2d,42,d7,85,b9" MasterLinkID="12" />
        <ENTITY LinkID="16" Class="NiGeneralEntity" Name="Art_WoodPole1001_01 22" Type="Object" UsePhysX="FALSE" PostfixTexture="" Optimization="0" AlphaGroup="1" RandomAni="FALSE" TemplateID="d7,e5,c2,10,73,fe,8f,41,a7,30,68,10,98,9e,5b,de" MasterLinkID="1">
            <COMPONENT RefLinkID="17" />
            <COMPONENT RefLinkID="18" />
            <COMPONENT RefLinkID="19" />
        </ENTITY>
        <COMPONENT LinkID="17" Class="NiTransformationComponent" Name="Transformation">
            <PROPERTY Class="Point3" Name="Translation">3473.5886230468750000, 811.6244506835937500, 9.2377700805664062</PROPERTY>
            <PROPERTY Class="Matrix3" Name="Rotation">
                <ROW>-0.8426042795181274, 0.1034280210733414, -0.5285078883171082</ROW>
                <ROW>0.5125519037246704, -0.1471261978149414, -0.8459575772285461</ROW>
                <ROW>-0.1652530431747437, -0.9836953282356262, 0.0709569305181503</ROW>
            </PROPERTY>
            <PROPERTY Class="Float" Name="Scale">0.7671514153480530</PROPERTY>
        </COMPONENT>
        <COMPONENT LinkID="18" Class="NiSceneGraphComponent" Name="Scene Graph" MasterLinkID="3" />
        <COMPONENT LinkID="19" Class="NiGeneralComponent" Name="Hide Object" TemplateID="f6,46,16,db,61,92,23,47,b5,4a,da,2d,42,d7,85,b9" MasterLinkID="4" />
        <ENTITY LinkID="20" Class="NiGeneralEntity" Name="Nature_Flower3001_01 02" Type="Object" UsePhysX="FALSE" PostfixTexture="" Optimization="0" AlphaGroup="1" RandomAni="TRUE" TemplateID="78,47,b3,b0,af,d,fc,40,a2,b3,23,74,c3,aa,e5,d6" MasterLinkID="21">
            <COMPONENT RefLinkID="26" />
            <COMPONENT RefLinkID="27" />
            <COMPONENT RefLinkID="28" />
            <COMPONENT RefLinkID="29" />
        </ENTITY>
        <ENTITY LinkID="21" Class="NiGeneralEntity" Name="[Object]Flower.Nature_Flower3001_01" TemplateID="78,47,b3,b0,af,d,fc,40,a2,b3,23,74,c3,aa,e5,d6">
            <COMPONENT RefLinkID="22" />
            <COMPONENT RefLinkID="23" />
            <COMPONENT RefLinkID="24" />
            <COMPONENT RefLinkID="25" />
        </ENTITY>
        <COMPONENT LinkID="22" Class="NiTransformationComponent" Name="Transformation">
            <PROPERTY Class="Point3" Name="Translation">0.0000000000000000, 0.0000000000000000, 0.0000000000000000</PROPERTY>
            <PROPERTY Class="Matrix3" Name="Rotation">
                <ROW>1.0000000000000000, 0.0000000000000000, 0.0000000000000000</ROW>
                <ROW>0.0000000000000000, 1.0000000000000000, 0.0000000000000000</ROW>
                <ROW>0.0000000000000000, 0.0000000000000000, 1.0000000000000000</ROW>
            </PROPERTY>
            <PROPERTY Class="Float" Name="Scale">1.0000000000000000</PROPERTY>
        </COMPONENT>
        <COMPONENT LinkID="23" Class="NiSceneGraphComponent" Name="Scene Graph">
            <PROPERTY Class="String" Name="NIF File Path" Asset="TRUE">.\..\..\00_Object\Flower\Nature_Flower3001_01.nif</PROPERTY>
        </COMPONENT>
        <COMPONENT LinkID="24" Class="NiGeneralComponent" Name="Hide Object" TemplateID="f6,46,16,db,61,92,23,47,b5,4a,da,2d,42,d7,85,b9">
            <PROPERTY Class="Float" Name="Alpha Value" SemanticType="Float" DisplayName="Alpha Value" Description="">0.4000000059604645</PROPERTY>
            <PROPERTY Class="Boolean" Name="Alpha Enable" SemanticType="Boolean" DisplayName="Alpha Enable" Description="">FALSE</PROPERTY>
            <PROPERTY Class="Boolean" Name="Hide Object" SemanticType="Boolean" DisplayName="Hide Object" Description="">FALSE</PROPERTY>
        </COMPONENT>
        <COMPONENT LinkID="25" Class="NiGeneralComponent" Name="GlowMap" TemplateID="c,37,ef,c9,e6,13,8,4b,86,49,c3,29,48,1b,b2,c8">
            <PROPERTY Class="Boolean" Name="Enable" SemanticType="Boolean" DisplayName="Enable" Description="">FALSE</PROPERTY>
        </COMPONENT>
        <COMPONENT LinkID="26" Class="NiTransformationComponent" Name="Transformation">
            <PROPERTY Class="Point3" Name="Translation">3458.7568359375000000, 761.5935058593750000, -12.7091426849365230</PROPERTY>
            <PROPERTY Class="Matrix3" Name="Rotation">
                <ROW>0.9991283416748047, 0.0417445003986359, 0.0000000000000000</ROW>
                <ROW>-0.0417445003986359, 0.9991283416748047, 0.0000000000000000</ROW>
                <ROW>0.0000000000000000, 0.0000000000000000, 1.0000000000000000</ROW>
            </PROPERTY>
            <PROPERTY Class="Float" Name="Scale">0.8490822315216065</PROPERTY>
        </COMPONENT>
        <COMPONENT LinkID="27" Class="NiSceneGraphComponent" Name="Scene Graph" MasterLinkID="23" />
        <COMPONENT LinkID="28" Class="NiGeneralComponent" Name="Hide Object" TemplateID="f6,46,16,db,61,92,23,47,b5,4a,da,2d,42,d7,85,b9" MasterLinkID="24" />
        <COMPONENT LinkID="29" Class="NiGeneralComponent" Name="GlowMap" TemplateID="c,37,ef,c9,e6,13,8,4b,86,49,c3,29,48,1b,b2,c8" MasterLinkID="25" />
        <ENTITY LinkID="30" Class="NiGeneralEntity" Name="Nature_Flower3001_04 02" Type="Object" UsePhysX="FALSE" PostfixTexture="" Optimization="0" AlphaGroup="1" RandomAni="TRUE" TemplateID="a1,31,21,bf,7e,3,c8,4d,be,a1,84,3d,6c,67,d1,7d" MasterLinkID="31">
            <COMPONENT RefLinkID="35" />
            <COMPONENT RefLinkID="36" />
            <COMPONENT RefLinkID="37" />
        </ENTITY>
        <ENTITY LinkID="31" Class="NiGeneralEntity" Name="[Object]Flower.Nature_Flower3001_04" TemplateID="a1,31,21,bf,7e,3,c8,4d,be,a1,84,3d,6c,67,d1,7d">
            <COMPONENT RefLinkID="32" />
            <COMPONENT RefLinkID="33" />
            <COMPONENT RefLinkID="34" />
        </ENTITY>
        <COMPONENT LinkID="32" Class="NiTransformationComponent" Name="Transformation">
            <PROPERTY Class="Point3" Name="Translation">0.0000000000000000, 0.0000000000000000, 0.0000000000000000</PROPERTY>
            <PROPERTY Class="Matrix3" Name="Rotation">
                <ROW>1.0000000000000000, 0.0000000000000000, 0.0000000000000000</ROW>
                <ROW>0.0000000000000000, 1.0000000000000000, 0.0000000000000000</ROW>
                <ROW>0.0000000000000000, 0.0000000000000000, 1.0000000000000000</ROW>
            </PROPERTY>
            <PROPERTY Class="Float" Name="Scale">1.0000000000000000</PROPERTY>
        </COMPONENT>
        <COMPONENT LinkID="33" Class="NiSceneGraphComponent" Name="Scene Graph">
            <PROPERTY Class="String" Name="NIF File Path" Asset="TRUE">.\..\..\00_Object\Flower\Nature_Flower3001_04.nif</PROPERTY>
        </COMPONENT>
        <COMPONENT LinkID="34" Class="NiGeneralComponent" Name="Hide Object" TemplateID="f6,46,16,db,61,92,23,47,b5,4a,da,2d,42,d7,85,b9">
            <PROPERTY Class="Float" Name="Alpha Value" SemanticType="Float" DisplayName="Alpha Value" Description="">0.4000000059604645</PROPERTY>
            <PROPERTY Class="Boolean" Name="Alpha Enable" SemanticType="Boolean" DisplayName="Alpha Enable" Description="">FALSE</PROPERTY>
            <PROPERTY Class="Boolean" Name="Hide Object" SemanticType="Boolean" DisplayName="Hide Object" Description="">FALSE</PROPERTY>
        </COMPONENT>
        <COMPONENT LinkID="35" Class="NiTransformationComponent" Name="Transformation">
            <PROPERTY Class="Point3" Name="Translation">3399.0529785156250000, 733.8376464843750000, -12.0408716201782230</PROPERTY>
            <PROPERTY Class="Matrix3" Name="Rotation">
                <ROW>0.9999899268150330, 0.0045126676559448, 0.0000000000000000</ROW>
                <ROW>-0.0045126676559448, 0.9999899268150330, 0.0000000000000000</ROW>
                <ROW>0.0000000000000000, 0.0000000000000000, 1.0000000000000000</ROW>
            </PROPERTY>
            <PROPERTY Class="Float" Name="Scale">0.7184330821037293</PROPERTY>
        </COMPONENT>
        <COMPONENT LinkID="36" Class="NiSceneGraphComponent" Name="Scene Graph" MasterLinkID="33" />
        <COMPONENT LinkID="37" Class="NiGeneralComponent" Name="Hide Object" TemplateID="f6,46,16,db,61,92,23,47,b5,4a,da,2d,42,d7,85,b9" MasterLinkID="34" />
        <ENTITY LinkID="38" Class="NiGeneralEntity" Name="CA_FALLlDOWNTREE_Fungus1001_03 11" Type="Object" UsePhysX="FALSE" PostfixTexture="" Optimization="0" AlphaGroup="1" RandomAni="FALSE" TemplateID="1e,f9,f9,4a,8,bb,42,4c,be,14,88,0,60,6e,b4,7f" MasterLinkID="39">
            <COMPONENT RefLinkID="43" />
            <COMPONENT RefLinkID="44" />
            <COMPONENT RefLinkID="45" />
        </ENTITY>
        <ENTITY LinkID="39" Class="NiGeneralEntity" Name="[Object]Grass.CA_FALLlDOWNTREE_Fungus1001_03" TemplateID="1e,f9,f9,4a,8,bb,42,4c,be,14,88,0,60,6e,b4,7f">
            <COMPONENT RefLinkID="40" />
            <COMPONENT RefLinkID="41" />
            <COMPONENT RefLinkID="42" />
        </ENTITY>
        <COMPONENT LinkID="40" Class="NiTransformationComponent" Name="Transformation">
            <PROPERTY Class="Point3" Name="Translation">0.0000000000000000, 0.0000000000000000, 0.0000000000000000</PROPERTY>
            <PROPERTY Class="Matrix3" Name="Rotation">
                <ROW>1.0000000000000000, 0.0000000000000000, 0.0000000000000000</ROW>
                <ROW>0.0000000000000000, 1.0000000000000000, 0.0000000000000000</ROW>
                <ROW>0.0000000000000000, 0.0000000000000000, 1.0000000000000000</ROW>
            </PROPERTY>
            <PROPERTY Class="Float" Name="Scale">1.0000000000000000</PROPERTY>
        </COMPONENT>
        <COMPONENT LinkID="41" Class="NiSceneGraphComponent" Name="Scene Graph">
            <PROPERTY Class="String" Name="NIF File Path" Asset="TRUE">.\..\..\00_Object\Grass\CA_FALLlDOWNTREE_Fungus1001_03.nif</PROPERTY>
        </COMPONENT>
        <COMPONENT LinkID="42" Class="NiGeneralComponent" Name="Hide Object" TemplateID="f6,46,16,db,61,92,23,47,b5,4a,da,2d,42,d7,85,b9">
            <PROPERTY Class="Float" Name="Alpha Value" SemanticType="Float" DisplayName="Alpha Value" Description="">0.4000000059604645</PROPERTY>
            <PROPERTY Class="Boolean" Name="Alpha Enable" SemanticType="Boolean" DisplayName="Alpha Enable" Description="">FALSE</PROPERTY>
            <PROPERTY Class="Boolean" Name="Hide Object" SemanticType="Boolean" DisplayName="Hide Object" Description="">FALSE</PROPERTY>
        </COMPONENT>
        <COMPONENT LinkID="43" Class="NiTransformationComponent" Name="Transformation">
            <PROPERTY Class="Point3" Name="Translation">3391.4858398437500000, 804.3206176757812500, -11.5813713073730470</PROPERTY>
            <PROPERTY Class="Matrix3" Name="Rotation">
                <ROW>0.9952700734138489, 0.0971470773220062, 0.0000000000000000</ROW>
                <ROW>-0.0960051640868187, 0.9835712313652039, 0.1528749018907547</ROW>
                <ROW>0.0148513503372669, -0.1521518081426621, 0.9882455468177795</ROW>
            </PROPERTY>
            <PROPERTY Class="Float" Name="Scale">0.5511522889137268</PROPERTY>
        </COMPONENT>
        <COMPONENT LinkID="44" Class="NiSceneGraphComponent" Name="Scene Graph" MasterLinkID="41" />
        <COMPONENT LinkID="45" Class="NiGeneralComponent" Name="Hide Object" TemplateID="f6,46,16,db,61,92,23,47,b5,4a,da,2d,42,d7,85,b9" MasterLinkID="42" />
        <ENTITY LinkID="46" Class="NiGeneralEntity" Name="Nature_Flower3001_01 67" Type="Object" UsePhysX="FALSE" PostfixTexture="" Optimization="0" AlphaGroup="1" RandomAni="TRUE" TemplateID="78,47,b3,b0,af,d,fc,40,a2,b3,23,74,c3,aa,e5,d6" MasterLinkID="21">
            <COMPONENT RefLinkID="47" />
            <COMPONENT RefLinkID="48" />
            <COMPONENT RefLinkID="49" />
            <COMPONENT RefLinkID="50" />
        </ENTITY>
        <COMPONENT LinkID="47" Class="NiTransformationComponent" Name="Transformation">
            <PROPERTY Class="Point3" Name="Translation">3367.3908691406250000, 835.9587402343750000, -14.4879150390625000</PROPERTY>
            <PROPERTY Class="Matrix3" Name="Rotation">
                <ROW>0.9611493349075317, 0.2760291099548340, 0.0000000000000000</ROW>
                <ROW>-0.2760291099548340, 0.9611493349075317, 0.0000000000000000</ROW>
                <ROW>0.0000000000000000, 0.0000000000000000, 1.0000000000000000</ROW>
            </PROPERTY>
            <PROPERTY Class="Float" Name="Scale">0.8082681298255920</PROPERTY>
        </COMPONENT>
        <COMPONENT LinkID="48" Class="NiSceneGraphComponent" Name="Scene Graph" MasterLinkID="23" />
        <COMPONENT LinkID="49" Class="NiGeneralComponent" Name="Hide Object" TemplateID="f6,46,16,db,61,92,23,47,b5,4a,da,2d,42,d7,85,b9" MasterLinkID="24" />
        <COMPONENT LinkID="50" Class="NiGeneralComponent" Name="GlowMap" TemplateID="c,37,ef,c9,e6,13,8,4b,86,49,c3,29,48,1b,b2,c8" MasterLinkID="25" />
        <ENTITY LinkID="51" Class="NiGeneralEntity" Name="Nature_FungusBlue1001_01_Ani 13" Type="Object" UsePhysX="FALSE" PostfixTexture="" Optimization="0" AlphaGroup="1" RandomAni="TRUE" TemplateID="4,61,ad,b5,a5,1c,d0,40,b0,34,2c,b0,d4,a1,c6,62" MasterLinkID="52">
            <COMPONENT RefLinkID="57" />
            <COMPONENT RefLinkID="58" />
            <COMPONENT RefLinkID="59" />
            <COMPONENT RefLinkID="60" />
        </ENTITY>
        <ENTITY LinkID="52" Class="NiGeneralEntity" Name="[Object]Grass.Nature_FungusBlue1001_01_Ani" TemplateID="e5,16,29,44,e6,d2,33,44,b6,b7,f0,ef,a1,fd,e3,6">
            <COMPONENT RefLinkID="53" />
            <COMPONENT RefLinkID="54" />
            <COMPONENT RefLinkID="55" />
            <COMPONENT RefLinkID="56" />
        </ENTITY>
        <COMPONENT LinkID="53" Class="NiTransformationComponent" Name="Transformation">
            <PROPERTY Class="Point3" Name="Translation">0.0000000000000000, 0.0000000000000000, 0.0000000000000000</PROPERTY>
            <PROPERTY Class="Matrix3" Name="Rotation">
                <ROW>1.0000000000000000, 0.0000000000000000, 0.0000000000000000</ROW>
                <ROW>0.0000000000000000, 1.0000000000000000, 0.0000000000000000</ROW>
                <ROW>0.0000000000000000, 0.0000000000000000, 1.0000000000000000</ROW>
            </PROPERTY>
            <PROPERTY Class="Float" Name="Scale">1.0000000000000000</PROPERTY>
        </COMPONENT>
        <COMPONENT LinkID="54" Class="NiSceneGraphComponent" Name="Scene Graph">
            <PROPERTY Class="String" Name="NIF File Path" Asset="TRUE">.\..\..\00_Object\Grass\Nature_FungusBlue1001_01_Ani.nif</PROPERTY>
        </COMPONENT>
        <COMPONENT LinkID="55" Class="NiGeneralComponent" Name="Animation Object" TemplateID="c5,83,7b,6f,ea,53,7d,45,95,5a,2e,ab,38,28,a5,76">
            <PROPERTY Class="Float" Name="Phase" SemanticType="Float" DisplayName="Phase" Description="">-1000.0000000000000000</PROPERTY>
        </COMPONENT>
        <COMPONENT LinkID="56" Class="NiGeneralComponent" Name="Hide Object" TemplateID="f6,46,16,db,61,92,23,47,b5,4a,da,2d,42,d7,85,b9">
            <PROPERTY Class="Float" Name="Alpha Value" SemanticType="Float" DisplayName="Alpha Value" Description="">0.4000000059604645</PROPERTY>
            <PROPERTY Class="Boolean" Name="Alpha Enable" SemanticType="Boolean" DisplayName="Alpha Enable" Description="">FALSE</PROPERTY>
            <PROPERTY Class="Boolean" Name="Hide Object" SemanticType="Boolean" DisplayName="Hide Object" Description="">FALSE</PROPERTY>
        </COMPONENT>
        <COMPONENT LinkID="57" Class="NiTransformationComponent" Name="Transformation">
            <PROPERTY Class="Point3" Name="Translation">3352.0317382812500000, 905.6786499023437500, -11.0973520278930660</PROPERTY>
            <PROPERTY Class="Matrix3" Name="Rotation">
                <ROW>-0.5195386409759522, 0.8540954589843750, -0.0245070308446884</ROW>
                <ROW>-0.7252792716026306, -0.4559810459613800, -0.5158015489578247</ROW>
                <ROW>-0.4517184495925903, -0.2502044141292572, 0.8563575744628906</ROW>
            </PROPERTY>
            <PROPERTY Class="Float" Name="Scale">0.6203275918960571</PROPERTY>
        </COMPONENT>
        <COMPONENT LinkID="58" Class="NiSceneGraphComponent" Name="Scene Graph" MasterLinkID="54" />
        <COMPONENT LinkID="59" Class="NiGeneralComponent" Name="Animation Object" TemplateID="c5,83,7b,6f,ea,53,7d,45,95,5a,2e,ab,38,28,a5,76" MasterLinkID="55" />
        <COMPONENT LinkID="60" Class="NiGeneralComponent" Name="Hide Object" TemplateID="f6,46,16,db,61,92,23,47,b5,4a,da,2d,42,d7,85,b9" MasterLinkID="56" />
        <ENTITY LinkID="61" Class="NiGeneralEntity" Name="Art_WoodPole1001_01 20" Type="Object" UsePhysX="FALSE" PostfixTexture="" Optimization="0" AlphaGroup="1" RandomAni="FALSE" TemplateID="d7,e5,c2,10,73,fe,8f,41,a7,30,68,10,98,9e,5b,de" MasterLinkID="1">
            <COMPONENT RefLinkID="62" />
            <COMPONENT RefLinkID="63" />
            <COMPONENT RefLinkID="64" />
        </ENTITY>
        <COMPONENT LinkID="62" Class="NiTransformationComponent" Name="Transformation">
            <PROPERTY Class="Point3" Name="Translation">3396.2326660156250000, 889.4158935546875000, 23.1733856201171880</PROPERTY>
            <PROPERTY Class="Matrix3" Name="Rotation">
                <ROW>-0.4520885646343231, 0.0093873953446746, -0.8919235467910767</ROW>
                <ROW>0.8793796896934509, 0.1721251308917999, -0.4439187645912170</ROW>
                <ROW>0.1493552476167679, -0.9850302338600159, -0.0860709324479103</ROW>
            </PROPERTY>
            <PROPERTY Class="Float" Name="Scale">0.9574909806251526</PROPERTY>
        </COMPONENT>
        <COMPONENT LinkID="63" Class="NiSceneGraphComponent" Name="Scene Graph" MasterLinkID="3" />
        <COMPONENT LinkID="64" Class="NiGeneralComponent" Name="Hide Object" TemplateID="f6,46,16,db,61,92,23,47,b5,4a,da,2d,42,d7,85,b9" MasterLinkID="4" />
        <ENTITY LinkID="65" Class="NiGeneralEntity" Name="Nature_Flower3001_04 38" Type="Object" UsePhysX="FALSE" PostfixTexture="" Optimization="0" AlphaGroup="1" RandomAni="TRUE" TemplateID="a1,31,21,bf,7e,3,c8,4d,be,a1,84,3d,6c,67,d1,7d" MasterLinkID="31">
            <COMPONENT RefLinkID="66" />
            <COMPONENT RefLinkID="67" />
            <COMPONENT RefLinkID="68" />
        </ENTITY>
        <COMPONENT LinkID="66" Class="NiTransformationComponent" Name="Transformation">
            <PROPERTY Class="Point3" Name="Translation">3353.1918945312500000, 968.3621215820312500, -11.6623163223266600</PROPERTY>
            <PROPERTY Class="Matrix3" Name="Rotation">
                <ROW>0.6886395215988159, 0.7251039147377014, 0.0000000000000000</ROW>
                <ROW>-0.7251039147377014, 0.6886395215988159, 0.0000000000000000</ROW>
                <ROW>0.0000000000000000, 0.0000000000000000, 1.0000000000000000</ROW>
            </PROPERTY>
            <PROPERTY Class="Float" Name="Scale">1.0000000000000000</PROPERTY>
        </COMPONENT>
        <COMPONENT LinkID="67" Class="NiSceneGraphComponent" Name="Scene Graph" MasterLinkID="33" />
        <COMPONENT LinkID="68" Class="NiGeneralComponent" Name="Hide Object" TemplateID="f6,46,16,db,61,92,23,47,b5,4a,da,2d,42,d7,85,b9" MasterLinkID="34" />
        <ENTITY LinkID="69" Class="NiGeneralEntity" Name="Nature_Flower3001_04 01" Type="Object" UsePhysX="FALSE" PostfixTexture="" Optimization="0" AlphaGroup="1" RandomAni="TRUE" TemplateID="a1,31,21,bf,7e,3,c8,4d,be,a1,84,3d,6c,67,d1,7d" MasterLinkID="31">
            <COMPONENT RefLinkID="70" />
            <COMPONENT RefLinkID="71" />
            <COMPONENT RefLinkID="72" />
        </ENTITY>
        <COMPONENT LinkID="70" Class="NiTransformationComponent" Name="Transformation">
            <PROPERTY Class="Point3" Name="Translation">3492.8996582031250000, 701.9547729492187500, -13.6978683471679690</PROPERTY>
            <PROPERTY Class="Matrix3" Name="Rotation">
                <ROW>0.9990248680114746, -0.0441498681902885, 0.0000000000000000</ROW>
                <ROW>0.0441498681902885, 0.9990248680114746, 0.0000000000000000</ROW>
                <ROW>0.0000000000000000, 0.0000000000000000, 1.0000000000000000</ROW>
            </PROPERTY>
            <PROPERTY Class="Float" Name="Scale">0.7076680660247803</PROPERTY>
        </COMPONENT>
        <COMPONENT LinkID="71" Class="NiSceneGraphComponent" Name="Scene Graph" MasterLinkID="33" />
        <COMPONENT LinkID="72" Class="NiGeneralComponent" Name="Hide Object" TemplateID="f6,46,16,db,61,92,23,47,b5,4a,da,2d,42,d7,85,b9" MasterLinkID="34" />
        <ENTITY LinkID="73" Class="NiGeneralEntity" Name="Art_FungusHouse2001_01 02" Type="Object" UsePhysX="FALSE" PostfixTexture="" Optimization="0" AlphaGroup="1" RandomAni="TRUE" TemplateID="d9,11,b1,50,b8,9f,c,45,aa,7b,12,90,e2,a,d8,6c" MasterLinkID="74">
            <COMPONENT RefLinkID="77" />
            <COMPONENT RefLinkID="78" />
        </ENTITY>
        <ENTITY LinkID="74" Class="NiGeneralEntity" Name="[Object]House.Art_FungusHouse2001_01" TemplateID="d9,11,b1,50,b8,9f,c,45,aa,7b,12,90,e2,a,d8,6c">
            <COMPONENT RefLinkID="75" />
            <COMPONENT RefLinkID="76" />
        </ENTITY>
        <COMPONENT LinkID="75" Class="NiTransformationComponent" Name="Transformation">
            <PROPERTY Class="Point3" Name="Translation">0.0000000000000000, 0.0000000000000000, 0.0000000000000000</PROPERTY>
            <PROPERTY Class="Matrix3" Name="Rotation">
                <ROW>1.0000000000000000, 0.0000000000000000, 0.0000000000000000</ROW>
                <ROW>0.0000000000000000, 1.0000000000000000, 0.0000000000000000</ROW>
                <ROW>0.0000000000000000, 0.0000000000000000, 1.0000000000000000</ROW>
            </PROPERTY>
            <PROPERTY Class="Float" Name="Scale">1.0000000000000000</PROPERTY>
        </COMPONENT>
        <COMPONENT LinkID="76" Class="NiSceneGraphComponent" Name="Scene Graph">
            <PROPERTY Class="String" Name="NIF File Path" Asset="TRUE">.\..\..\00_Object\House\Art_FungusHouse2001_01.nif</PROPERTY>
        </COMPONENT>
        <COMPONENT LinkID="77" Class="NiTransformationComponent" Name="Transformation">
            <PROPERTY Class="Point3" Name="Translation">3657.7170410156250000, 837.3535766601562500, -24.9305820465087890</PROPERTY>
            <PROPERTY Class="Matrix3" Name="Rotation">
                <ROW>0.9986321330070496, 0.0522858351469040, 0.0000000000000000</ROW>
                <ROW>-0.0516761578619480, 0.9869875311851502, 0.1522665023803711</ROW>
                <ROW>0.0079613812267780, -0.1520582139492035, 0.9883394837379456</ROW>
            </PROPERTY>
            <PROPERTY Class="Float" Name="Scale">1.5000000000000000</PROPERTY>
        </COMPONENT>
        <COMPONENT LinkID="78" Class="NiSceneGraphComponent" Name="Scene Graph" MasterLinkID="76" />
        <ENTITY LinkID="79" Class="NiGeneralEntity" Name="Nature_Flower3001_01 29" Type="Object" UsePhysX="FALSE" PostfixTexture="" Optimization="0" AlphaGroup="1" RandomAni="TRUE" TemplateID="78,47,b3,b0,af,d,fc,40,a2,b3,23,74,c3,aa,e5,d6" MasterLinkID="21">
            <COMPONENT RefLinkID="80" />
            <COMPONENT RefLinkID="81" />
            <COMPONENT RefLinkID="82" />
            <COMPONENT RefLinkID="83" />
        </ENTITY>
        <COMPONENT LinkID="80" Class="NiTransformationComponent" Name="Transformation">
            <PROPERTY Class="Point3" Name="Translation">3541.3464355468750000, 745.3760375976562500, -15.0592327117919920</PROPERTY>
            <PROPERTY Class="Matrix3" Name="Rotation">
                <ROW>0.9784966111183167, -0.2062628567218781, 0.0000000000000000</ROW>
                <ROW>0.2062628567218781, 0.9784966111183167, 0.0000000000000000</ROW>
                <ROW>0.0000000000000000, 0.0000000000000000, 1.0000000000000000</ROW>
            </PROPERTY>
            <PROPERTY Class="Float" Name="Scale">0.8053140640258789</PROPERTY>
        </COMPONENT>
        <COMPONENT LinkID="81" Class="NiSceneGraphComponent" Name="Scene Graph" MasterLinkID="23" />
        <COMPONENT LinkID="82" Class="NiGeneralComponent" Name="Hide Object" TemplateID="f6,46,16,db,61,92,23,47,b5,4a,da,2d,42,d7,85,b9" MasterLinkID="24" />
        <COMPONENT LinkID="83" Class="NiGeneralComponent" Name="GlowMap" TemplateID="c,37,ef,c9,e6,13,8,4b,86,49,c3,29,48,1b,b2,c8" MasterLinkID="25" />
        <ENTITY LinkID="84" Class="NiGeneralEntity" Name="Nature_FungusWhite1001_01_Ani 15" Type="Object" UsePhysX="FALSE" PostfixTexture="" Optimization="0" AlphaGroup="1" RandomAni="TRUE" TemplateID="61,ba,b3,4c,2d,cb,65,47,9f,88,ca,33,fc,c0,ee,6e" MasterLinkID="85">
            <COMPONENT RefLinkID="90" />
            <COMPONENT RefLinkID="91" />
            <COMPONENT RefLinkID="92" />
            <COMPONENT RefLinkID="93" />
            <COMPONENT RefLinkID="94" />
        </ENTITY>
        <ENTITY LinkID="85" Class="NiGeneralEntity" Name="[Object]Grass.Nature_FungusWhite1001_01_Ani" TemplateID="c1,ff,f6,ac,cf,41,b9,4a,81,63,bc,3f,a1,99,b,a4">
            <COMPONENT RefLinkID="86" />
            <COMPONENT RefLinkID="87" />
            <COMPONENT RefLinkID="55" />
            <COMPONENT RefLinkID="88" />
            <COMPONENT RefLinkID="89" />
        </ENTITY>
        <COMPONENT LinkID="86" Class="NiTransformationComponent" Name="Transformation">
            <PROPERTY Class="Point3" Name="Translation">0.0000000000000000, 0.0000000000000000, 0.0000000000000000</PROPERTY>
            <PROPERTY Class="Matrix3" Name="Rotation">
                <ROW>1.0000000000000000, 0.0000000000000000, 0.0000000000000000</ROW>
                <ROW>0.0000000000000000, 1.0000000000000000, 0.0000000000000000</ROW>
                <ROW>0.0000000000000000, 0.0000000000000000, 1.0000000000000000</ROW>
            </PROPERTY>
            <PROPERTY Class="Float" Name="Scale">1.0000000000000000</PROPERTY>
        </COMPONENT>
        <COMPONENT LinkID="87" Class="NiSceneGraphComponent" Name="Scene Graph">
            <PROPERTY Class="String" Name="NIF File Path" Asset="TRUE">.\..\..\00_Object\Grass\Nature_FungusWhite1001_01_Ani.nif</PROPERTY>
        </COMPONENT>
        <COMPONENT LinkID="88" Class="NiGeneralComponent" Name="Hide Object" TemplateID="f6,46,16,db,61,92,23,47,b5,4a,da,2d,42,d7,85,b9">
            <PROPERTY Class="Float" Name="Alpha Value" SemanticType="Float" DisplayName="Alpha Value" Description="">0.4000000059604645</PROPERTY>
            <PROPERTY Class="Boolean" Name="Alpha Enable" SemanticType="Boolean" DisplayName="Alpha Enable" Description="">FALSE</PROPERTY>
            <PROPERTY Class="Boolean" Name="Hide Object" SemanticType="Boolean" DisplayName="Hide Object" Description="">FALSE</PROPERTY>
        </COMPONENT>
        <COMPONENT LinkID="89" Class="NiGeneralComponent" Name="GlowMap" TemplateID="c,37,ef,c9,e6,13,8,4b,86,49,c3,29,48,1b,b2,c8">
            <PROPERTY Class="Boolean" Name="Enable" SemanticType="Boolean" DisplayName="Enable" Description="">FALSE</PROPERTY>
        </COMPONENT>
        <COMPONENT LinkID="90" Class="NiTransformationComponent" Name="Transformation">
            <PROPERTY Class="Point3" Name="Translation">3524.8437500000000000, 842.2503662109375000, -9.7262697219848633</PROPERTY>
            <PROPERTY Class="Matrix3" Name="Rotation">
                <ROW>0.9870157241821289, 0.1594023257493973, -0.0197709407657385</ROW>
                <ROW>-0.1593703478574753, 0.9872137308120728, 0.0031923521310091</ROW>
                <ROW>0.0200270116329193, 0.0000000000000000, 0.9997994303703308</ROW>
            </PROPERTY>
            <PROPERTY Class="Float" Name="Scale">0.8432927727699280</PROPERTY>
        </COMPONENT>
        <COMPONENT LinkID="91" Class="NiSceneGraphComponent" Name="Scene Graph" MasterLinkID="87" />
        <COMPONENT LinkID="92" Class="NiGeneralComponent" Name="Animation Object" TemplateID="c5,83,7b,6f,ea,53,7d,45,95,5a,2e,ab,38,28,a5,76" MasterLinkID="55" />
        <COMPONENT LinkID="93" Class="NiGeneralComponent" Name="Hide Object" TemplateID="f6,46,16,db,61,92,23,47,b5,4a,da,2d,42,d7,85,b9" MasterLinkID="88" />
        <COMPONENT LinkID="94" Class="NiGeneralComponent" Name="GlowMap" TemplateID="c,37,ef,c9,e6,13,8,4b,86,49,c3,29,48,1b,b2,c8" MasterLinkID="89" />
        <ENTITY LinkID="95" Class="NiGeneralEntity" Name="Nature_FungusRed2001_01_Ani 09" Type="Object" UsePhysX="FALSE" PostfixTexture="" Optimization="0" AlphaGroup="1" RandomAni="TRUE" TemplateID="4,a9,aa,e9,fa,16,8e,45,8d,dd,6e,3b,63,48,4a,29" MasterLinkID="96">
            <COMPONENT RefLinkID="100" />
            <COMPONENT RefLinkID="101" />
            <COMPONENT RefLinkID="102" />
            <COMPONENT RefLinkID="103" />
        </ENTITY>
        <ENTITY LinkID="96" Class="NiGeneralEntity" Name="[Object]Grass.Nature_FungusRed2001_01_Ani" TemplateID="1e,b4,39,10,8d,67,ca,43,a5,85,f,4,75,ca,3e,4d">
            <COMPONENT RefLinkID="97" />
            <COMPONENT RefLinkID="98" />
            <COMPONENT RefLinkID="55" />
            <COMPONENT RefLinkID="99" />
        </ENTITY>
        <COMPONENT LinkID="97" Class="NiTransformationComponent" Name="Transformation">
            <PROPERTY Class="Point3" Name="Translation">0.0000000000000000, 0.0000000000000000, 0.0000000000000000</PROPERTY>
            <PROPERTY Class="Matrix3" Name="Rotation">
                <ROW>1.0000000000000000, 0.0000000000000000, 0.0000000000000000</ROW>
                <ROW>0.0000000000000000, 1.0000000000000000, 0.0000000000000000</ROW>
                <ROW>0.0000000000000000, 0.0000000000000000, 1.0000000000000000</ROW>
            </PROPERTY>
            <PROPERTY Class="Float" Name="Scale">1.0000000000000000</PROPERTY>
        </COMPONENT>
        <COMPONENT LinkID="98" Class="NiSceneGraphComponent" Name="Scene Graph">
            <PROPERTY Class="String" Name="NIF File Path" Asset="TRUE">.\..\..\00_Object\Grass\Nature_FungusRed2001_01_Ani.nif</PROPERTY>
        </COMPONENT>
        <COMPONENT LinkID="99" Class="NiGeneralComponent" Name="Hide Object" TemplateID="f6,46,16,db,61,92,23,47,b5,4a,da,2d,42,d7,85,b9">
            <PROPERTY Class="Float" Name="Alpha Value" SemanticType="Float" DisplayName="Alpha Value" Description="">0.4000000059604645</PROPERTY>
            <PROPERTY Class="Boolean" Name="Alpha Enable" SemanticType="Boolean" DisplayName="Alpha Enable" Description="">FALSE</PROPERTY>
            <PROPERTY Class="Boolean" Name="Hide Object" SemanticType="Boolean" DisplayName="Hide Object" Description="">FALSE</PROPERTY>
        </COMPONENT>
        <COMPONENT LinkID="100" Class="NiTransformationComponent" Name="Transformation">
            <PROPERTY Class="Point3" Name="Translation">3760.9719238281250000, 824.9124145507812500, -3.3261394500732422</PROPERTY>
            <PROPERTY Class="Matrix3" Name="Rotation">
                <ROW>-0.1677381694316864, -0.9578673839569092, 0.2331399917602539</ROW>
                <ROW>0.7199748158454895, -0.2805753946304321, -0.6347548961639404</ROW>
                <ROW>0.6734241843223572, 0.0613822191953659, 0.7367032766342163</ROW>
            </PROPERTY>
            <PROPERTY Class="Float" Name="Scale">0.7151010632514954</PROPERTY>
        </COMPONENT>
        <COMPONENT LinkID="101" Class="NiSceneGraphComponent" Name="Scene Graph" MasterLinkID="98" />
        <COMPONENT LinkID="102" Class="NiGeneralComponent" Name="Animation Object" TemplateID="c5,83,7b,6f,ea,53,7d,45,95,5a,2e,ab,38,28,a5,76" MasterLinkID="55" />
        <COMPONENT LinkID="103" Class="NiGeneralComponent" Name="Hide Object" TemplateID="f6,46,16,db,61,92,23,47,b5,4a,da,2d,42,d7,85,b9" MasterLinkID="99" />
        <ENTITY LinkID="104" Class="NiGeneralEntity" Name="Nature_Flower3001_03 44" Type="Object" UsePhysX="FALSE" PostfixTexture="" Optimization="0" AlphaGroup="1" RandomAni="TRUE" TemplateID="8e,50,47,60,12,a0,f5,45,88,cb,6b,c4,cd,b3,9d,b2" MasterLinkID="105">
            <COMPONENT RefLinkID="109" />
            <COMPONENT RefLinkID="110" />
            <COMPONENT RefLinkID="111" />
        </ENTITY>
        <ENTITY LinkID="105" Class="NiGeneralEntity" Name="[Object]Flower.Nature_Flower3001_03" TemplateID="8e,50,47,60,12,a0,f5,45,88,cb,6b,c4,cd,b3,9d,b2">
            <COMPONENT RefLinkID="106" />
            <COMPONENT RefLinkID="107" />
            <COMPONENT RefLinkID="108" />
        </ENTITY>
        <COMPONENT LinkID="106" Class="NiTransformationComponent" Name="Transformation">
            <PROPERTY Class="Point3" Name="Translation">0.0000000000000000, 0.0000000000000000, 0.0000000000000000</PROPERTY>
            <PROPERTY Class="Matrix3" Name="Rotation">
                <ROW>1.0000000000000000, 0.0000000000000000, 0.0000000000000000</ROW>
                <ROW>0.0000000000000000, 1.0000000000000000, 0.0000000000000000</ROW>
                <ROW>0.0000000000000000, 0.0000000000000000, 1.0000000000000000</ROW>
            </PROPERTY>
            <PROPERTY Class="Float" Name="Scale">1.0000000000000000</PROPERTY>
        </COMPONENT>
        <COMPONENT LinkID="107" Class="NiSceneGraphComponent" Name="Scene Graph">
            <PROPERTY Class="String" Name="NIF File Path" Asset="TRUE">.\..\..\00_Object\Flower\Nature_Flower3001_03.nif</PROPERTY>
        </COMPONENT>
        <COMPONENT LinkID="108" Class="NiGeneralComponent" Name="Hide Object" TemplateID="f6,46,16,db,61,92,23,47,b5,4a,da,2d,42,d7,85,b9">
            <PROPERTY Class="Float" Name="Alpha Value" SemanticType="Float" DisplayName="Alpha Value" Description="">0.4000000059604645</PROPERTY>
