<?xml version="1.0" ?>
<GSA Major="1" Minor="0" Patch="0">
    <PALETTES_DIRECTORY>
        <PALETTE_DIR IDX="0" DIRECTORY=".\..\01_Level\..\..\Palettes\" />
    </PALETTES_DIRECTORY>
    <PALETTES>
        <PALETTE NAME="General" DIR_IDX="0" />
        <PALETTE NAME="Block" DIR_IDX="0" />
        <PALETTE NAME="Object" DIR_IDX="0" />
        <PALETTE NAME="Effect" DIR_IDX="0" />
    </PALETTES>
    <OBJECTS>
        <ENTITY LinkID="0" Class="NiGeneralEntity" Name="Art_TreeHouse1002_01 01" Type="Object" UsePhysX="FALSE" PostfixTexture="" Optimization="0" AlphaGroup="1" RandomAni="TRUE" TemplateID="8d,c1,9,32,9f,d2,d6,47,87,e1,32,c4,d1,fa,3b,12" MasterLinkID="1">
            <COMPONENT RefLinkID="5" />
            <COMPONENT RefLinkID="6" />
            <COMPONENT RefLinkID="7" />
        </ENTITY>
        <ENTITY LinkID="1" Class="NiGeneralEntity" Name="[Object]Tree.Art_TreeHouse1002_01" TemplateID="8d,c1,9,32,9f,d2,d6,47,87,e1,32,c4,d1,fa,3b,12">
            <COMPONENT RefLinkID="2" />
            <COMPONENT RefLinkID="3" />
            <COMPONENT RefLinkID="4" />
        </ENTITY>
        <COMPONENT LinkID="2" Class="NiTransformationComponent" Name="Transformation">
            <PROPERTY Class="Point3" Name="Translation">0.0000000000000000, 0.0000000000000000, 0.0000000000000000</PROPERTY>
            <PROPERTY Class="Matrix3" Name="Rotation">
                <ROW>1.0000000000000000, 0.0000000000000000, 0.0000000000000000</ROW>
                <ROW>0.0000000000000000, 1.0000000000000000, 0.0000000000000000</ROW>
                <ROW>0.0000000000000000, 0.0000000000000000, 1.0000000000000000</ROW>
            </PROPERTY>
            <PROPERTY Class="Float" Name="Scale">1.0000000000000000</PROPERTY>
        </COMPONENT>
        <COMPONENT LinkID="3" Class="NiSceneGraphComponent" Name="Scene Graph">
            <PROPERTY Class="String" Name="NIF File Path" Asset="TRUE">.\..\..\00_Object\Tree\Art_TreeHouse1002_01.nif</PROPERTY>
        </COMPONENT>
        <COMPONENT LinkID="4" Class="NiGeneralComponent" Name="Hide Object" TemplateID="f6,46,16,db,61,92,23,47,b5,4a,da,2d,42,d7,85,b9">
            <PROPERTY Class="Float" Name="Alpha Value" SemanticType="Float" DisplayName="Alpha Value" Description="">0.4000000059604645</PROPERTY>
            <PROPERTY Class="Boolean" Name="Alpha Enable" SemanticType="Boolean" DisplayName="Alpha Enable" Description="">FALSE</PROPERTY>
            <PROPERTY Class="Boolean" Name="Hide Object" SemanticType="Boolean" DisplayName="Hide Object" Description="">FALSE</PROPERTY>
        </COMPONENT>
        <COMPONENT LinkID="5" Class="NiTransformationComponent" Name="Transformation">
            <PROPERTY Class="Point3" Name="Translation">-4537.4443359375000000, 4641.5834960937500000, 133.6739196777343700</PROPERTY>
            <PROPERTY Class="Matrix3" Name="Rotation">
                <ROW>0.9058142304420471, -0.3658849596977234, -0.2136092483997345</ROW>
                <ROW>0.4214916825294495, 0.8293489813804627, 0.3667765259742737</ROW>
                <ROW>0.0429586172103882, -0.4222658574581146, 0.9054536223411560</ROW>
            </PROPERTY>
            <PROPERTY Class="Float" Name="Scale">1.0000000000000000</PROPERTY>
        </COMPONENT>
        <COMPONENT LinkID="6" Class="NiSceneGraphComponent" Name="Scene Graph" MasterLinkID="3" />
        <COMPONENT LinkID="7" Class="NiGeneralComponent" Name="Hide Object" TemplateID="f6,46,16,db,61,92,23,47,b5,4a,da,2d,42,d7,85,b9" MasterLinkID="4" />
        <ENTITY LinkID="8" Class="NiGeneralEntity" Name="N_FDTREE_Road1001_01 77" Type="Object" UsePhysX="TRUE" PostfixTexture="" Optimization="0" AlphaGroup="0" RandomAni="FALSE" TemplateID="33,32,63,e0,4e,51,6a,4f,94,42,42,5d,7a,51,bd,39" MasterLinkID="9">
            <COMPONENT RefLinkID="13" />
            <COMPONENT RefLinkID="14" />
            <COMPONENT RefLinkID="15" />
        </ENTITY>
        <ENTITY LinkID="9" Class="NiGeneralEntity" Name="[Block]020430.N_FDTREE_Road1001_01" TemplateID="33,32,63,e0,4e,51,6a,4f,94,42,42,5d,7a,51,bd,39">
            <COMPONENT RefLinkID="10" />
            <COMPONENT RefLinkID="11" />
            <COMPONENT RefLinkID="12" />
        </ENTITY>
        <COMPONENT LinkID="10" Class="NiTransformationComponent" Name="Transformation">
            <PROPERTY Class="Point3" Name="Translation">0.0000000000000000, 0.0000000000000000, 0.0000000000000000</PROPERTY>
            <PROPERTY Class="Matrix3" Name="Rotation">
                <ROW>1.0000000000000000, 0.0000000000000000, 0.0000000000000000</ROW>
                <ROW>0.0000000000000000, 1.0000000000000000, 0.0000000000000000</ROW>
                <ROW>0.0000000000000000, 0.0000000000000000, 1.0000000000000000</ROW>
            </PROPERTY>
            <PROPERTY Class="Float" Name="Scale">1.0000000000000000</PROPERTY>
        </COMPONENT>
        <COMPONENT LinkID="11" Class="NiSceneGraphComponent" Name="Scene Graph">
            <PROPERTY Class="String" Name="NIF File Path" Asset="TRUE">.\..\02_Modeling\Block\020430\N_FDTREE_Road1001_01.nif</PROPERTY>
        </COMPONENT>
        <COMPONENT LinkID="12" Class="NiGeneralComponent" Name="Hide Object" TemplateID="f6,46,16,db,61,92,23,47,b5,4a,da,2d,42,d7,85,b9">
            <PROPERTY Class="Float" Name="Alpha Value" SemanticType="Float" DisplayName="Alpha Value" Description="">0.4000000059604645</PROPERTY>
            <PROPERTY Class="Boolean" Name="Alpha Enable" SemanticType="Boolean" DisplayName="Alpha Enable" Description="">FALSE</PROPERTY>
            <PROPERTY Class="Boolean" Name="Hide Object" SemanticType="Boolean" DisplayName="Hide Object" Description="">FALSE</PROPERTY>
        </COMPONENT>
        <COMPONENT LinkID="13" Class="NiTransformationComponent" Name="Transformation">
            <PROPERTY Class="Point3" Name="Translation">2412.4091796875000000, 3038.7763671875000000, -456.2648010253906200</PROPERTY>
            <PROPERTY Class="Matrix3" Name="Rotation">
                <ROW>0.7071067690849304, 0.7071067690849304, 0.0000000000000000</ROW>
                <ROW>-0.7071067690849304, 0.7071067690849304, 0.0000000000000000</ROW>
                <ROW>0.0000000000000000, 0.0000000000000000, 1.0000000000000000</ROW>
            </PROPERTY>
            <PROPERTY Class="Float" Name="Scale">1.0000000000000000</PROPERTY>
        </COMPONENT>
        <COMPONENT LinkID="14" Class="NiSceneGraphComponent" Name="Scene Graph" MasterLinkID="11" />
        <COMPONENT LinkID="15" Class="NiGeneralComponent" Name="Hide Object" TemplateID="f6,46,16,db,61,92,23,47,b5,4a,da,2d,42,d7,85,b9" MasterLinkID="12" />
        <ENTITY LinkID="16" Class="NiGeneralEntity" Name="N_FDTREE_Road1001_01 80" Type="Object" UsePhysX="TRUE" PostfixTexture="" Optimization="0" AlphaGroup="0" RandomAni="FALSE" TemplateID="33,32,63,e0,4e,51,6a,4f,94,42,42,5d,7a,51,bd,39" MasterLinkID="9">
            <COMPONENT RefLinkID="17" />
            <COMPONENT RefLinkID="18" />
            <COMPONENT RefLinkID="19" />
        </ENTITY>
        <COMPONENT LinkID="17" Class="NiTransformationComponent" Name="Transformation">
            <PROPERTY Class="Point3" Name="Translation">2590.3959960937500000, 2860.7885742187500000, -456.2648010253906200</PROPERTY>
            <PROPERTY Class="Matrix3" Name="Rotation">
                <ROW>-0.7071067690849304, 0.7071067690849304, 0.0000000000000000</ROW>
                <ROW>-0.7071067690849304, -0.7071067690849304, 0.0000000000000000</ROW>
                <ROW>0.0000000000000000, 0.0000000000000000, 1.0000000000000000</ROW>
            </PROPERTY>
            <PROPERTY Class="Float" Name="Scale">1.0000000000000000</PROPERTY>
        </COMPONENT>
        <COMPONENT LinkID="18" Class="NiSceneGraphComponent" Name="Scene Graph" MasterLinkID="11" />
        <COMPONENT LinkID="19" Class="NiGeneralComponent" Name="Hide Object" TemplateID="f6,46,16,db,61,92,23,47,b5,4a,da,2d,42,d7,85,b9" MasterLinkID="12" />
        <ENTITY LinkID="20" Class="NiGeneralEntity" Name="N_FDTREE_Road1002_01 08" Type="Object" UsePhysX="TRUE" PostfixTexture="" Optimization="0" AlphaGroup="0" RandomAni="FALSE" TemplateID="7e,58,58,ee,9,fd,d5,44,99,30,ce,5d,b0,27,8,6f" MasterLinkID="21">
            <COMPONENT RefLinkID="24" />
            <COMPONENT RefLinkID="25" />
            <COMPONENT RefLinkID="26" />
        </ENTITY>
        <ENTITY LinkID="21" Class="NiGeneralEntity" Name="[Block]020430.N_FDTREE_Road1002_01" TemplateID="7e,58,58,ee,9,fd,d5,44,99,30,ce,5d,b0,27,8,6f">
            <COMPONENT RefLinkID="22" />
            <COMPONENT RefLinkID="23" />
            <COMPONENT RefLinkID="12" />
        </ENTITY>
        <COMPONENT LinkID="22" Class="NiTransformationComponent" Name="Transformation">
            <PROPERTY Class="Point3" Name="Translation">0.0000000000000000, 0.0000000000000000, 0.0000000000000000</PROPERTY>
            <PROPERTY Class="Matrix3" Name="Rotation">
                <ROW>1.0000000000000000, 0.0000000000000000, 0.0000000000000000</ROW>
                <ROW>0.0000000000000000, 1.0000000000000000, 0.0000000000000000</ROW>
                <ROW>0.0000000000000000, 0.0000000000000000, 1.0000000000000000</ROW>
            </PROPERTY>
            <PROPERTY Class="Float" Name="Scale">1.0000000000000000</PROPERTY>
        </COMPONENT>
        <COMPONENT LinkID="23" Class="NiSceneGraphComponent" Name="Scene Graph">
            <PROPERTY Class="String" Name="NIF File Path" Asset="TRUE">.\..\02_Modeling\Block\020430\N_FDTREE_Road1002_01.nif</PROPERTY>
        </COMPONENT>
        <COMPONENT LinkID="24" Class="NiTransformationComponent" Name="Transformation">
            <PROPERTY Class="Point3" Name="Translation">-789.1580810546875000, 4581.9638671875000000, -505.9973754882812500</PROPERTY>
            <PROPERTY Class="Matrix3" Name="Rotation">
                <ROW>0.9510570168495178, 0.3090151548385620, 0.0001896155881695</ROW>
                <ROW>-0.3090151846408844, 0.9510569572448731, 0.0003059412410948</ROW>
                <ROW>-0.0000857947597979, -0.0003495616256259, 0.9999999403953552</ROW>
            </PROPERTY>
            <PROPERTY Class="Float" Name="Scale">1.0000000000000000</PROPERTY>
        </COMPONENT>
        <COMPONENT LinkID="25" Class="NiSceneGraphComponent" Name="Scene Graph" MasterLinkID="23" />
        <COMPONENT LinkID="26" Class="NiGeneralComponent" Name="Hide Object" TemplateID="f6,46,16,db,61,92,23,47,b5,4a,da,2d,42,d7,85,b9" MasterLinkID="12" />
        <ENTITY LinkID="27" Class="NiGeneralEntity" Name="N_FDTREE_Road1001_02 15" Type="Object" UsePhysX="TRUE" PostfixTexture="" Optimization="0" AlphaGroup="0" RandomAni="FALSE" TemplateID="d3,de,2f,1d,48,40,bc,43,a4,1a,4e,97,6f,59,8c,2f" MasterLinkID="28">
            <COMPONENT RefLinkID="32" />
            <COMPONENT RefLinkID="33" />
            <COMPONENT RefLinkID="34" />
        </ENTITY>
        <ENTITY LinkID="28" Class="NiGeneralEntity" Name="[Block]020430.N_FDTREE_Road1001_02" TemplateID="d3,de,2f,1d,48,40,bc,43,a4,1a,4e,97,6f,59,8c,2f">
            <COMPONENT RefLinkID="29" />
            <COMPONENT RefLinkID="30" />
            <COMPONENT RefLinkID="31" />
        </ENTITY>
        <COMPONENT LinkID="29" Class="NiTransformationComponent" Name="Transformation">
            <PROPERTY Class="Point3" Name="Translation">0.0000000000000000, 0.0000000000000000, 0.0000000000000000</PROPERTY>
            <PROPERTY Class="Matrix3" Name="Rotation">
                <ROW>1.0000000000000000, 0.0000000000000000, 0.0000000000000000</ROW>
                <ROW>0.0000000000000000, 1.0000000000000000, 0.0000000000000000</ROW>
                <ROW>0.0000000000000000, 0.0000000000000000, 1.0000000000000000</ROW>
            </PROPERTY>
            <PROPERTY Class="Float" Name="Scale">1.0000000000000000</PROPERTY>
        </COMPONENT>
        <COMPONENT LinkID="30" Class="NiSceneGraphComponent" Name="Scene Graph">
            <PROPERTY Class="String" Name="NIF File Path" Asset="TRUE">.\..\02_Modeling\Block\020430\N_FDTREE_Road1001_02.nif</PROPERTY>
        </COMPONENT>
        <COMPONENT LinkID="31" Class="NiGeneralComponent" Name="Hide Object" TemplateID="f6,46,16,db,61,92,23,47,b5,4a,da,2d,42,d7,85,b9">
            <PROPERTY Class="Float" Name="Alpha Value" SemanticType="Float" DisplayName="Alpha Value" Description="">0.4000000059604645</PROPERTY>
            <PROPERTY Class="Boolean" Name="Alpha Enable" SemanticType="Boolean" DisplayName="Alpha Enable" Description="">FALSE</PROPERTY>
            <PROPERTY Class="Boolean" Name="Hide Object" SemanticType="Boolean" DisplayName="Hide Object" Description="">FALSE</PROPERTY>
        </COMPONENT>
        <COMPONENT LinkID="32" Class="NiTransformationComponent" Name="Transformation">
            <PROPERTY Class="Point3" Name="Translation">2938.6401367187500000, 2866.1513671875000000, -456.2648010253906200</PROPERTY>
            <PROPERTY Class="Matrix3" Name="Rotation">
                <ROW>-0.7071068286895752, -0.7071067094802856, 0.0000000000000000</ROW>
                <ROW>0.7071067094802856, -0.7071068286895752, 0.0000000000000000</ROW>
                <ROW>0.0000000000000000, 0.0000000000000000, 1.0000000000000000</ROW>
            </PROPERTY>
            <PROPERTY Class="Float" Name="Scale">1.0000000000000000</PROPERTY>
        </COMPONENT>
        <COMPONENT LinkID="33" Class="NiSceneGraphComponent" Name="Scene Graph" MasterLinkID="30" />
        <COMPONENT LinkID="34" Class="NiGeneralComponent" Name="Hide Object" TemplateID="f6,46,16,db,61,92,23,47,b5,4a,da,2d,42,d7,85,b9" MasterLinkID="31" />
        <ENTITY LinkID="35" Class="NiGeneralEntity" Name="N_FDTREE_Road1001_01 78" Type="Object" UsePhysX="TRUE" PostfixTexture="" Optimization="0" AlphaGroup="0" RandomAni="FALSE" TemplateID="33,32,63,e0,4e,51,6a,4f,94,42,42,5d,7a,51,bd,39" MasterLinkID="9">
            <COMPONENT RefLinkID="36" />
            <COMPONENT RefLinkID="37" />
            <COMPONENT RefLinkID="38" />
        </ENTITY>
        <COMPONENT LinkID="36" Class="NiTransformationComponent" Name="Transformation">
            <PROPERTY Class="Point3" Name="Translation">2765.9624023437500000, 2685.2226562500000000, -456.2648010253906200</PROPERTY>
            <PROPERTY Class="Matrix3" Name="Rotation">
                <ROW>0.7071067690849304, 0.7071067690849304, 0.0000000000000000</ROW>
                <ROW>-0.7071067690849304, 0.7071067690849304, 0.0000000000000000</ROW>
                <ROW>0.0000000000000000, 0.0000000000000000, 1.0000000000000000</ROW>
            </PROPERTY>
            <PROPERTY Class="Float" Name="Scale">1.0000000000000000</PROPERTY>
        </COMPONENT>
        <COMPONENT LinkID="37" Class="NiSceneGraphComponent" Name="Scene Graph" MasterLinkID="11" />
        <COMPONENT LinkID="38" Class="NiGeneralComponent" Name="Hide Object" TemplateID="f6,46,16,db,61,92,23,47,b5,4a,da,2d,42,d7,85,b9" MasterLinkID="12" />
        <ENTITY LinkID="39" Class="NiGeneralEntity" Name="N_FDTREE_Road1001_01 79" Type="Object" UsePhysX="TRUE" PostfixTexture="" Optimization="0" AlphaGroup="0" RandomAni="FALSE" TemplateID="33,32,63,e0,4e,51,6a,4f,94,42,42,5d,7a,51,bd,39" MasterLinkID="9">
            <COMPONENT RefLinkID="40" />
            <COMPONENT RefLinkID="41" />
            <COMPONENT RefLinkID="42" />
        </ENTITY>
        <COMPONENT LinkID="40" Class="NiTransformationComponent" Name="Transformation">
            <PROPERTY Class="Point3" Name="Translation">2761.8637695312500000, 3042.9282226562500000, -456.2648010253906200</PROPERTY>
            <PROPERTY Class="Matrix3" Name="Rotation">
                <ROW>0.7071067690849304, 0.7071067690849304, 0.0000000000000000</ROW>
                <ROW>-0.7071067690849304, 0.7071067690849304, 0.0000000000000000</ROW>
                <ROW>0.0000000000000000, 0.0000000000000000, 1.0000000000000000</ROW>
            </PROPERTY>
            <PROPERTY Class="Float" Name="Scale">1.0000000000000000</PROPERTY>
        </COMPONENT>
        <COMPONENT LinkID="41" Class="NiSceneGraphComponent" Name="Scene Graph" MasterLinkID="11" />
        <COMPONENT LinkID="42" Class="NiGeneralComponent" Name="Hide Object" TemplateID="f6,46,16,db,61,92,23,47,b5,4a,da,2d,42,d7,85,b9" MasterLinkID="12" />
        <ENTITY LinkID="43" Class="NiGeneralEntity" Name="N_FDTREE_Road1001_02 16" Type="Object" UsePhysX="FALSE" PostfixTexture="" Optimization="0" AlphaGroup="0" RandomAni="FALSE" TemplateID="d3,de,2f,1d,48,40,bc,43,a4,1a,4e,97,6f,59,8c,2f" MasterLinkID="28">
            <COMPONENT RefLinkID="44" />
            <COMPONENT RefLinkID="45" />
            <COMPONENT RefLinkID="46" />
        </ENTITY>
        <COMPONENT LinkID="44" Class="NiTransformationComponent" Name="Transformation">
            <PROPERTY Class="Point3" Name="Translation">2590.3959960937500000, 3214.3422851562500000, -456.2648010253906200</PROPERTY>
            <PROPERTY Class="Matrix3" Name="Rotation">
                <ROW>-0.7071064114570618, 0.7071071267127991, 0.0000000000000000</ROW>
                <ROW>-0.7071071267127991, -0.7071064114570618, 0.0000000000000000</ROW>
                <ROW>0.0000000000000000, 0.0000000000000000, 1.0000000000000000</ROW>
            </PROPERTY>
            <PROPERTY Class="Float" Name="Scale">1.0000000000000000</PROPERTY>
        </COMPONENT>
        <COMPONENT LinkID="45" Class="NiSceneGraphComponent" Name="Scene Graph" MasterLinkID="30" />
        <COMPONENT LinkID="46" Class="NiGeneralComponent" Name="Hide Object" TemplateID="f6,46,16,db,61,92,23,47,b5,4a,da,2d,42,d7,85,b9" MasterLinkID="31" />
        <ENTITY LinkID="47" Class="NiGeneralEntity" Name="N_FDTREE_Road1001_01 82" Type="Object" UsePhysX="TRUE" PostfixTexture="" Optimization="0" AlphaGroup="0" RandomAni="FALSE" TemplateID="33,32,63,e0,4e,51,6a,4f,94,42,42,5d,7a,51,bd,39" MasterLinkID="9">
            <COMPONENT RefLinkID="48" />
            <COMPONENT RefLinkID="49" />
            <COMPONENT RefLinkID="50" />
        </ENTITY>
        <COMPONENT LinkID="48" Class="NiTransformationComponent" Name="Transformation">
            <PROPERTY Class="Point3" Name="Translation">2412.3540039062500000, 2685.2758789062500000, -456.2648010253906200</PROPERTY>
            <PROPERTY Class="Matrix3" Name="Rotation">
                <ROW>0.7071067690849304, 0.7071067690849304, 0.0000000000000000</ROW>
                <ROW>-0.7071067690849304, 0.7071067690849304, 0.0000000000000000</ROW>
                <ROW>0.0000000000000000, 0.0000000000000000, 1.0000000000000000</ROW>
            </PROPERTY>
            <PROPERTY Class="Float" Name="Scale">1.0000000000000000</PROPERTY>
        </COMPONENT>
        <COMPONENT LinkID="49" Class="NiSceneGraphComponent" Name="Scene Graph" MasterLinkID="11" />
        <COMPONENT LinkID="50" Class="NiGeneralComponent" Name="Hide Object" TemplateID="f6,46,16,db,61,92,23,47,b5,4a,da,2d,42,d7,85,b9" MasterLinkID="12" />
        <ENTITY LinkID="51" Class="NiGeneralEntity" Name="N_FDTREE_Road1001_02 18" Type="Object" UsePhysX="TRUE" PostfixTexture="" Optimization="0" AlphaGroup="0" RandomAni="FALSE" TemplateID="d3,de,2f,1d,48,40,bc,43,a4,1a,4e,97,6f,59,8c,2f" MasterLinkID="28">
            <COMPONENT RefLinkID="52" />
            <COMPONENT RefLinkID="53" />
            <COMPONENT RefLinkID="54" />
        </ENTITY>
        <COMPONENT LinkID="52" Class="NiTransformationComponent" Name="Transformation">
            <PROPERTY Class="Point3" Name="Translation">2589.1313476562500000, 2508.4995117187500000, -456.2648010253906200</PROPERTY>
            <PROPERTY Class="Matrix3" Name="Rotation">
                <ROW>0.7071067094802856, -0.7071068286895752, 0.0000000000000000</ROW>
                <ROW>0.7071068286895752, 0.7071067094802856, 0.0000000000000000</ROW>
                <ROW>0.0000000000000000, 0.0000000000000000, 1.0000000000000000</ROW>
            </PROPERTY>
            <PROPERTY Class="Float" Name="Scale">1.0000000000000000</PROPERTY>
        </COMPONENT>
        <COMPONENT LinkID="53" Class="NiSceneGraphComponent" Name="Scene Graph" MasterLinkID="30" />
        <COMPONENT LinkID="54" Class="NiGeneralComponent" Name="Hide Object" TemplateID="f6,46,16,db,61,92,23,47,b5,4a,da,2d,42,d7,85,b9" MasterLinkID="31" />
        <ENTITY LinkID="55" Class="NiGeneralEntity" Name="N_FDTREE_Road1001_02 19" Type="Object" UsePhysX="TRUE" PostfixTexture="" Optimization="0" AlphaGroup="0" RandomAni="FALSE" TemplateID="d3,de,2f,1d,48,40,bc,43,a4,1a,4e,97,6f,59,8c,2f" MasterLinkID="28">
            <COMPONENT RefLinkID="56" />
            <COMPONENT RefLinkID="57" />
            <COMPONENT RefLinkID="58" />
        </ENTITY>
        <COMPONENT LinkID="56" Class="NiTransformationComponent" Name="Transformation">
            <PROPERTY Class="Point3" Name="Translation">2235.5776367187500000, 2508.4995117187500000, -456.2648010253906200</PROPERTY>
            <PROPERTY Class="Matrix3" Name="Rotation">
                <ROW>0.7071067094802856, -0.7071068286895752, 0.0000000000000000</ROW>
                <ROW>0.7071068286895752, 0.7071067094802856, 0.0000000000000000</ROW>
                <ROW>0.0000000000000000, 0.0000000000000000, 1.0000000000000000</ROW>
            </PROPERTY>
            <PROPERTY Class="Float" Name="Scale">1.0000000000000000</PROPERTY>
        </COMPONENT>
        <COMPONENT LinkID="57" Class="NiSceneGraphComponent" Name="Scene Graph" MasterLinkID="30" />
        <COMPONENT LinkID="58" Class="NiGeneralComponent" Name="Hide Object" TemplateID="f6,46,16,db,61,92,23,47,b5,4a,da,2d,42,d7,85,b9" MasterLinkID="31" />
        <ENTITY LinkID="59" Class="NiGeneralEntity" Name="N_FDTREE_Road1001_01 81" Type="Object" UsePhysX="TRUE" PostfixTexture="" Optimization="0" AlphaGroup="0" RandomAni="FALSE" TemplateID="33,32,63,e0,4e,51,6a,4f,94,42,42,5d,7a,51,bd,39" MasterLinkID="9">
            <COMPONENT RefLinkID="60" />
            <COMPONENT RefLinkID="61" />
            <COMPONENT RefLinkID="62" />
        </ENTITY>
        <COMPONENT LinkID="60" Class="NiTransformationComponent" Name="Transformation">
            <PROPERTY Class="Point3" Name="Translation">2235.5776367187500000, 2862.0527343750000000, -456.2648010253906200</PROPERTY>
            <PROPERTY Class="Matrix3" Name="Rotation">
                <ROW>-0.7071067690849304, 0.7071067690849304, 0.0000000000000000</ROW>
                <ROW>-0.7071067690849304, -0.7071067690849304, 0.0000000000000000</ROW>
                <ROW>0.0000000000000000, 0.0000000000000000, 1.0000000000000000</ROW>
            </PROPERTY>
            <PROPERTY Class="Float" Name="Scale">1.0000000000000000</PROPERTY>
        </COMPONENT>
        <COMPONENT LinkID="61" Class="NiSceneGraphComponent" Name="Scene Graph" MasterLinkID="11" />
        <COMPONENT LinkID="62" Class="NiGeneralComponent" Name="Hide Object" TemplateID="f6,46,16,db,61,92,23,47,b5,4a,da,2d,42,d7,85,b9" MasterLinkID="12" />
        <ENTITY LinkID="63" Class="NiGeneralEntity" Name="N_FDTREE_Road1001_01 83" Type="Object" UsePhysX="TRUE" PostfixTexture="" Optimization="0" AlphaGroup="0" RandomAni="FALSE" TemplateID="33,32,63,e0,4e,51,6a,4f,94,42,42,5d,7a,51,bd,39" MasterLinkID="9">
            <COMPONENT RefLinkID="64" />
            <COMPONENT RefLinkID="65" />
            <COMPONENT RefLinkID="66" />
        </ENTITY>
        <COMPONENT LinkID="64" Class="NiTransformationComponent" Name="Transformation">
            <PROPERTY Class="Point3" Name="Translation">2060.0112304687500000, 2684.0649414062500000, -456.2648010253906200</PROPERTY>
            <PROPERTY Class="Matrix3" Name="Rotation">
                <ROW>0.7071067690849304, 0.7071067690849304, 0.0000000000000000</ROW>
                <ROW>-0.7071067690849304, 0.7071067690849304, 0.0000000000000000</ROW>
                <ROW>0.0000000000000000, 0.0000000000000000, 1.0000000000000000</ROW>
            </PROPERTY>
            <PROPERTY Class="Float" Name="Scale">1.0000000000000000</PROPERTY>
        </COMPONENT>
        <COMPONENT LinkID="65" Class="NiSceneGraphComponent" Name="Scene Graph" MasterLinkID="11" />
        <COMPONENT LinkID="66" Class="NiGeneralComponent" Name="Hide Object" TemplateID="f6,46,16,db,61,92,23,47,b5,4a,da,2d,42,d7,85,b9" MasterLinkID="12" />
        <ENTITY LinkID="67" Class="NiGeneralEntity" Name="N_FDTREE_RoadProp1002_01 181" Type="Object" UsePhysX="TRUE" PostfixTexture="" Optimization="0" AlphaGroup="0" RandomAni="FALSE" TemplateID="2,e0,cf,72,d0,40,4,4a,a9,90,20,4,74,e3,9a,75" MasterLinkID="68">
            <COMPONENT RefLinkID="71" />
            <COMPONENT RefLinkID="72" />
            <COMPONENT RefLinkID="73" />
        </ENTITY>
        <ENTITY LinkID="68" Class="NiGeneralEntity" Name="[Block]020430.N_FDTREE_RoadProp1002_01" TemplateID="2,e0,cf,72,d0,40,4,4a,a9,90,20,4,74,e3,9a,75">
            <COMPONENT RefLinkID="69" />
            <COMPONENT RefLinkID="70" />
            <COMPONENT RefLinkID="12" />
        </ENTITY>
        <COMPONENT LinkID="69" Class="NiTransformationComponent" Name="Transformation">
            <PROPERTY Class="Point3" Name="Translation">0.0000000000000000, 0.0000000000000000, 0.0000000000000000</PROPERTY>
            <PROPERTY Class="Matrix3" Name="Rotation">
                <ROW>1.0000000000000000, 0.0000000000000000, 0.0000000000000000</ROW>
                <ROW>0.0000000000000000, 1.0000000000000000, 0.0000000000000000</ROW>
                <ROW>0.0000000000000000, 0.0000000000000000, 1.0000000000000000</ROW>
            </PROPERTY>
            <PROPERTY Class="Float" Name="Scale">1.0000000000000000</PROPERTY>
        </COMPONENT>
        <COMPONENT LinkID="70" Class="NiSceneGraphComponent" Name="Scene Graph">
            <PROPERTY Class="String" Name="NIF File Path" Asset="TRUE">.\..\02_Modeling\Block\020430\N_FDTREE_RoadProp1002_01.nif</PROPERTY>
        </COMPONENT>
        <COMPONENT LinkID="71" Class="NiTransformationComponent" Name="Transformation">
            <PROPERTY Class="Point3" Name="Translation">2003.2832031250000000, 2750.4672851562500000, -447.3989562988281200</PROPERTY>
            <PROPERTY Class="Matrix3" Name="Rotation">
                <ROW>-0.7071068286895752, -0.7071067690849304, 0.0000000000000000</ROW>
                <ROW>0.7071067690849304, -0.7071068286895752, 0.0000000000000000</ROW>
                <ROW>0.0000000000000000, 0.0000000000000000, 1.0000000000000000</ROW>
            </PROPERTY>
            <PROPERTY Class="Float" Name="Scale">0.6557021141052246</PROPERTY>
        </COMPONENT>
        <COMPONENT LinkID="72" Class="NiSceneGraphComponent" Name="Scene Graph" MasterLinkID="70" />
        <COMPONENT LinkID="73" Class="NiGeneralComponent" Name="Hide Object" TemplateID="f6,46,16,db,61,92,23,47,b5,4a,da,2d,42,d7,85,b9" MasterLinkID="12" />
        <ENTITY LinkID="74" Class="NiGeneralEntity" Name="N_FDTREE_RoadProp1002_01 182" Type="Object" UsePhysX="TRUE" PostfixTexture="" Optimization="0" AlphaGroup="0" RandomAni="FALSE" TemplateID="2,e0,cf,72,d0,40,4,4a,a9,90,20,4,74,e3,9a,75" MasterLinkID="68">
            <COMPONENT RefLinkID="75" />
            <COMPONENT RefLinkID="76" />
            <COMPONENT RefLinkID="77" />
        </ENTITY>
        <COMPONENT LinkID="75" Class="NiTransformationComponent" Name="Transformation">
            <PROPERTY Class="Point3" Name="Translation">1988.1616210937500000, 2765.5888671875000000, -427.9133605957031200</PROPERTY>
            <PROPERTY Class="Matrix3" Name="Rotation">
                <ROW>-0.7071068286895752, -0.7071067690849304, 0.0000000000000000</ROW>
                <ROW>0.7071067690849304, -0.7071068286895752, 0.0000000000000000</ROW>
                <ROW>0.0000000000000000, 0.0000000000000000, 1.0000000000000000</ROW>
            </PROPERTY>
            <PROPERTY Class="Float" Name="Scale">0.6557021141052246</PROPERTY>
        </COMPONENT>
        <COMPONENT LinkID="76" Class="NiSceneGraphComponent" Name="Scene Graph" MasterLinkID="70" />
        <COMPONENT LinkID="77" Class="NiGeneralComponent" Name="Hide Object" TemplateID="f6,46,16,db,61,92,23,47,b5,4a,da,2d,42,d7,85,b9" MasterLinkID="12" />
        <ENTITY LinkID="78" Class="NiGeneralEntity" Name="N_FDTREE_RoadProp1002_01 183" Type="Object" UsePhysX="TRUE" PostfixTexture="" Optimization="0" AlphaGroup="0" RandomAni="FALSE" TemplateID="2,e0,cf,72,d0,40,4,4a,a9,90,20,4,74,e3,9a,75" MasterLinkID="68">
            <COMPONENT RefLinkID="79" />
            <COMPONENT RefLinkID="80" />
            <COMPONENT RefLinkID="81" />
        </ENTITY>
        <COMPONENT LinkID="79" Class="NiTransformationComponent" Name="Transformation">
            <PROPERTY Class="Point3" Name="Translation">1972.8139648437500000, 2780.9370117187500000, -410.3766174316406200</PROPERTY>
            <PROPERTY Class="Matrix3" Name="Rotation">
                <ROW>-0.7071068286895752, -0.7071067690849304, 0.0000000000000000</ROW>
                <ROW>0.7071067690849304, -0.7071068286895752, 0.0000000000000000</ROW>
                <ROW>0.0000000000000000, 0.0000000000000000, 1.0000000000000000</ROW>
            </PROPERTY>
            <PROPERTY Class="Float" Name="Scale">0.6557021141052246</PROPERTY>
        </COMPONENT>
        <COMPONENT LinkID="80" Class="NiSceneGraphComponent" Name="Scene Graph" MasterLinkID="70" />
        <COMPONENT LinkID="81" Class="NiGeneralComponent" Name="Hide Object" TemplateID="f6,46,16,db,61,92,23,47,b5,4a,da,2d,42,d7,85,b9" MasterLinkID="12" />
        <ENTITY LinkID="82" Class="NiGeneralEntity" Name="N_FDTREE_Road1001_02 20" Type="Object" UsePhysX="FALSE" PostfixTexture="" Optimization="0" AlphaGroup="0" RandomAni="FALSE" TemplateID="d3,de,2f,1d,48,40,bc,43,a4,1a,4e,97,6f,59,8c,2f" MasterLinkID="28">
            <COMPONENT RefLinkID="83" />
            <COMPONENT RefLinkID="84" />
            <COMPONENT RefLinkID="85" />
        </ENTITY>
        <COMPONENT LinkID="83" Class="NiTransformationComponent" Name="Transformation">
            <PROPERTY Class="Point3" Name="Translation">1883.2338867187500000, 2860.8417968750000000, -456.2648010253906200</PROPERTY>
            <PROPERTY Class="Matrix3" Name="Rotation">
                <ROW>0.7071067690849304, 0.7071067690849304, 0.0000000000000000</ROW>
                <ROW>-0.7071067690849304, 0.7071067690849304, 0.0000000000000000</ROW>
                <ROW>0.0000000000000000, 0.0000000000000000, 1.0000000000000000</ROW>
            </PROPERTY>
            <PROPERTY Class="Float" Name="Scale">1.0000000000000000</PROPERTY>
        </COMPONENT>
        <COMPONENT LinkID="84" Class="NiSceneGraphComponent" Name="Scene Graph" MasterLinkID="30" />
        <COMPONENT LinkID="85" Class="NiGeneralComponent" Name="Hide Object" TemplateID="f6,46,16,db,61,92,23,47,b5,4a,da,2d,42,d7,85,b9" MasterLinkID="31" />
        <ENTITY LinkID="86" Class="NiGeneralEntity" Name="N_FDTREE_RoadProp1002_01 180" Type="Object" UsePhysX="TRUE" PostfixTexture="" Optimization="0" AlphaGroup="0" RandomAni="FALSE" TemplateID="2,e0,cf,72,d0,40,4,4a,a9,90,20,4,74,e3,9a,75" MasterLinkID="68">
            <COMPONENT RefLinkID="87" />
            <COMPONENT RefLinkID="88" />
            <COMPONENT RefLinkID="89" />
        </ENTITY>
        <COMPONENT LinkID="87" Class="NiTransformationComponent" Name="Transformation">
            <PROPERTY Class="Point3" Name="Translation">1949.4135742187500000, 2712.6547851562500000, -437.8248596191406200</PROPERTY>
            <PROPERTY Class="Matrix3" Name="Rotation">
                <ROW>-0.4154344797134399, -0.5425500273704529, 0.7301053404808044</ROW>
                <ROW>0.4921078979969025, 0.5409884452819824, 0.6820273399353027</ROW>
                <ROW>-0.7650125026702881, 0.6426283121109009, 0.0422478094696999</ROW>
            </PROPERTY>
            <PROPERTY Class="Float" Name="Scale">0.6487010717391968</PROPERTY>
        </COMPONENT>
        <COMPONENT LinkID="88" Class="NiSceneGraphComponent" Name="Scene Graph" MasterLinkID="70" />
        <COMPONENT LinkID="89" Class="NiGeneralComponent" Name="Hide Object" TemplateID="f6,46,16,db,61,92,23,47,b5,4a,da,2d,42,d7,85,b9" MasterLinkID="12" />
        <ENTITY LinkID="90" Class="NiGeneralEntity" Name="N_FDTREE_Road1002_02 09" Type="Object" UsePhysX="TRUE" PostfixTexture="" Optimization="0" AlphaGroup="0" RandomAni="FALSE" TemplateID="71,84,86,b6,d6,7e,67,4c,8b,a8,83,d5,2b,22,36,52" MasterLinkID="91">
            <COMPONENT RefLinkID="94" />
            <COMPONENT RefLinkID="95" />
            <COMPONENT RefLinkID="96" />
        </ENTITY>
        <ENTITY LinkID="91" Class="NiGeneralEntity" Name="[Block]020430.N_FDTREE_Road1002_02" TemplateID="71,84,86,b6,d6,7e,67,4c,8b,a8,83,d5,2b,22,36,52">
            <COMPONENT RefLinkID="92" />
            <COMPONENT RefLinkID="93" />
            <COMPONENT RefLinkID="12" />
        </ENTITY>
        <COMPONENT LinkID="92" Class="NiTransformationComponent" Name="Transformation">
            <PROPERTY Class="Point3" Name="Translation">0.0000000000000000, 0.0000000000000000, 0.0000000000000000</PROPERTY>
            <PROPERTY Class="Matrix3" Name="Rotation">
                <ROW>1.0000000000000000, 0.0000000000000000, 0.0000000000000000</ROW>
                <ROW>0.0000000000000000, 1.0000000000000000, 0.0000000000000000</ROW>
                <ROW>0.0000000000000000, 0.0000000000000000, 1.0000000000000000</ROW>
            </PROPERTY>
            <PROPERTY Class="Float" Name="Scale">1.0000000000000000</PROPERTY>
        </COMPONENT>
        <COMPONENT LinkID="93" Class="NiSceneGraphComponent" Name="Scene Graph">
            <PROPERTY Class="String" Name="NIF File Path" Asset="TRUE">.\..\02_Modeling\Block\020430\N_FDTREE_Road1002_02.nif</PROPERTY>
        </COMPONENT>
        <COMPONENT LinkID="94" Class="NiTransformationComponent" Name="Transformation">
            <PROPERTY Class="Point3" Name="Translation">1689.1918945312500000, 3060.1918945312500000, -411.2882385253906200</PROPERTY>
            <PROPERTY Class="Matrix3" Name="Rotation">
                <ROW>-0.7071067094802856, -0.7071068882942200, 0.0000000000000000</ROW>
                <ROW>0.7071068882942200, -0.7071067094802856, 0.0000000000000000</ROW>
                <ROW>0.0000000000000000, 0.0000000000000000, 1.0000000000000000</ROW>
            </PROPERTY>
            <PROPERTY Class="Float" Name="Scale">1.0000000000000000</PROPERTY>
        </COMPONENT>
        <COMPONENT LinkID="95" Class="NiSceneGraphComponent" Name="Scene Graph" MasterLinkID="93" />
        <COMPONENT LinkID="96" Class="NiGeneralComponent" Name="Hide Object" TemplateID="f6,46,16,db,61,92,23,47,b5,4a,da,2d,42,d7,85,b9" MasterLinkID="12" />
        <ENTITY LinkID="97" Class="NiGeneralEntity" Name="N_FDTREE_RoadProp1002_01 179" Type="Object" UsePhysX="TRUE" PostfixTexture="" Optimization="0" AlphaGroup="0" RandomAni="FALSE" TemplateID="2,e0,cf,72,d0,40,4,4a,a9,90,20,4,74,e3,9a,75" MasterLinkID="68">
            <COMPONENT RefLinkID="98" />
            <COMPONENT RefLinkID="99" />
            <COMPONENT RefLinkID="100" />
        </ENTITY>
        <COMPONENT LinkID="98" Class="NiTransformationComponent" Name="Transformation">
            <PROPERTY Class="Point3" Name="Translation">2039.9077148437500000, 2805.4282226562500000, -440.9785461425781200</PROPERTY>
            <PROPERTY Class="Matrix3" Name="Rotation">
                <ROW>0.5180241465568543, -0.5195819735527039, -0.6794744729995728</ROW>
                <ROW>-0.4317743480205536, 0.5268955826759338, -0.7320876717567444</ROW>
                <ROW>0.7383915781974793, 0.6726185679435730, 0.0486024059355259</ROW>
            </PROPERTY>
            <PROPERTY Class="Float" Name="Scale">0.6487010717391968</PROPERTY>
        </COMPONENT>
        <COMPONENT LinkID="99" Class="NiSceneGraphComponent" Name="Scene Graph" MasterLinkID="70" />
        <COMPONENT LinkID="100" Class="NiGeneralComponent" Name="Hide Object" TemplateID="f6,46,16,db,61,92,23,47,b5,4a,da,2d,42,d7,85,b9" MasterLinkID="12" />
        <ENTITY LinkID="101" Class="NiGeneralEntity" Name="N_FDTREE_Road1001_01 84" Type="Object" UsePhysX="TRUE" PostfixTexture="" Optimization="0" AlphaGroup="0" RandomAni="FALSE" TemplateID="33,32,63,e0,4e,51,6a,4f,94,42,42,5d,7a,51,bd,39" MasterLinkID="9">
            <COMPONENT RefLinkID="102" />
            <COMPONENT RefLinkID="103" />
            <COMPONENT RefLinkID="104" />
        </ENTITY>
        <COMPONENT LinkID="102" Class="NiTransformationComponent" Name="Transformation">
            <PROPERTY Class="Point3" Name="Translation">2061.2758789062500000, 3036.3544921875000000, -456.2648010253906200</PROPERTY>
            <PROPERTY Class="Matrix3" Name="Rotation">
                <ROW>0.7071067690849304, 0.7071067690849304, 0.0000000000000000</ROW>
                <ROW>-0.7071067690849304, 0.7071067690849304, 0.0000000000000000</ROW>
                <ROW>0.0000000000000000, 0.0000000000000000, 1.0000000000000000</ROW>
            </PROPERTY>
            <PROPERTY Class="Float" Name="Scale">1.0000000000000000</PROPERTY>
        </COMPONENT>
        <COMPONENT LinkID="103" Class="NiSceneGraphComponent" Name="Scene Graph" MasterLinkID="11" />
        <COMPONENT LinkID="104" Class="NiGeneralComponent" Name="Hide Object" TemplateID="f6,46,16,db,61,92,23,47,b5,4a,da,2d,42,d7,85,b9" MasterLinkID="12" />
        <ENTITY LinkID="105" Class="NiGeneralEntity" Name="N_FDTREE_Road1001_02 17" Type="Object" UsePhysX="FALSE" PostfixTexture="" Optimization="0" AlphaGroup="0" RandomAni="FALSE" TemplateID="d3,de,2f,1d,48,40,bc,43,a4,1a,4e,97,6f,59,8c,2f" MasterLinkID="28">
            <COMPONENT RefLinkID="106" />
            <COMPONENT RefLinkID="107" />
            <COMPONENT RefLinkID="108" />
        </ENTITY>
        <COMPONENT LinkID="106" Class="NiTransformationComponent" Name="Transformation">
            <PROPERTY Class="Point3" Name="Translation">2236.8422851562500000, 3214.3417968750000000, -456.2648010253906200</PROPERTY>
            <PROPERTY Class="Matrix3" Name="Rotation">
                <ROW>-0.7071064114570618, 0.7071071267127991, 0.0000000000000000</ROW>
                <ROW>-0.7071071267127991, -0.7071064114570618, 0.0000000000000000</ROW>
                <ROW>0.0000000000000000, 0.0000000000000000, 1.0000000000000000</ROW>
            </PROPERTY>
            <PROPERTY Class="Float" Name="Scale">1.0000000000000000</PROPERTY>
        </COMPONENT>
        <COMPONENT LinkID="107" Class="NiSceneGraphComponent" Name="Scene Graph" MasterLinkID="30" />
        <COMPONENT LinkID="108" Class="NiGeneralComponent" Name="Hide Object" TemplateID="f6,46,16,db,61,92,23,47,b5,4a,da,2d,42,d7,85,b9" MasterLinkID="31" />
        <ENTITY LinkID="109" Class="NiGeneralEntity" Name="N_FDTREE_RoadProp1002_01 177" Type="Object" UsePhysX="TRUE" PostfixTexture="" Optimization="0" AlphaGroup="0" RandomAni="FALSE" TemplateID="2,e0,cf,72,d0,40,4,4a,a9,90,20,4,74,e3,9a,75" MasterLinkID="68">
            <COMPONENT RefLinkID="110" />
            <COMPONENT RefLinkID="111" />
            <COMPONENT RefLinkID="112" />
        </ENTITY>
        <COMPONENT LinkID="110" Class="NiTransformationComponent" Name="Transformation">
            <PROPERTY Class="Point3" Name="Translation">1845.7373046875000000, 2906.2260742187500000, -399.8129577636718800</PROPERTY>
            <PROPERTY Class="Matrix3" Name="Rotation">
                <ROW>-0.7071068286895752, -0.7071067690849304, 0.0000000000000000</ROW>
                <ROW>0.7071067690849304, -0.7071068286895752, 0.0000000000000000</ROW>
                <ROW>0.0000000000000000, 0.0000000000000000, 1.0000000000000000</ROW>
            </PROPERTY>
            <PROPERTY Class="Float" Name="Scale">0.6557021141052246</PROPERTY>
        </COMPONENT>
        <COMPONENT LinkID="111" Class="NiSceneGraphComponent" Name="Scene Graph" MasterLinkID="70" />
        <COMPONENT LinkID="112" Class="NiGeneralComponent" Name="Hide Object" TemplateID="f6,46,16,db,61,92,23,47,b5,4a,da,2d,42,d7,85,b9" MasterLinkID="12" />
