<?xml version="1.0" ?>
<GSA Major="1" Minor="0" Patch="0">
    <PALETTES_DIRECTORY>
        <PALETTE_DIR IDX="0" DIRECTORY=".\..\..\..\..\..\ToolBin\SceneDesigner\Release\Data\" />
        <PALETTE_DIR IDX="1" DIRECTORY=".\..\..\Palettes\" />
    </PALETTES_DIRECTORY>
    <PALETTES>
        <PALETTE NAME="Default" DIR_IDX="0" />
        <PALETTE NAME="General" DIR_IDX="1" />
        <PALETTE NAME="Block" DIR_IDX="1" />
        <PALETTE NAME="Object" DIR_IDX="1" />
        <PALETTE NAME="Effect" DIR_IDX="1" />
    </PALETTES>
    <OBJECTS>
        <ENTITY LinkID="0" Class="NiGeneralEntity" Name="Camera 01" Type="MainCamera" UsePhysX="FALSE" PostfixTexture="" Optimization="0" AlphaGroup="0" RandomAni="TRUE" TemplateID="31,e4,f1,ae,7f,4f,58,4e,87,63,e3,36,31,5c,49,3a" MasterLinkID="1">
            <COMPONENT RefLinkID="4" />
            <COMPONENT RefLinkID="5" />
        </ENTITY>
        <ENTITY LinkID="1" Class="NiGeneralEntity" Name="[General]Cameras.Camera" TemplateID="31,e4,f1,ae,7f,4f,58,4e,87,63,e3,36,31,5c,49,3a">
            <COMPONENT RefLinkID="2" />
            <COMPONENT RefLinkID="3" />
        </ENTITY>
        <COMPONENT LinkID="2" Class="NiTransformationComponent" Name="Transformation">
            <PROPERTY Class="Point3" Name="Translation">0.0000000000000000, 0.0000000000000000, 0.0000000000000000</PROPERTY>
            <PROPERTY Class="Matrix3" Name="Rotation">
                <ROW>1.0000000000000000, 0.0000000000000000, 0.0000000000000000</ROW>
                <ROW>0.0000000000000000, 1.0000000000000000, 0.0000000000000000</ROW>
                <ROW>0.0000000000000000, 0.0000000000000000, 1.0000000000000000</ROW>
            </PROPERTY>
            <PROPERTY Class="Float" Name="Scale">1.0000000000000000</PROPERTY>
        </COMPONENT>
        <COMPONENT LinkID="3" Class="NiCameraComponent" Name="Camera">
            <PROPERTY Class="Float" Name="Field of View">90.0000000000000000</PROPERTY>
            <PROPERTY Class="Float" Name="Aspect Ratio">1.3333300352096558</PROPERTY>
            <PROPERTY Class="Float" Name="Near Clipping Plane">1.0000000000000000</PROPERTY>
            <PROPERTY Class="Float" Name="Far Clipping Plane">10000.0000000000000000</PROPERTY>
            <PROPERTY Class="Boolean" Name="Orthographic">FALSE</PROPERTY>
        </COMPONENT>
        <COMPONENT LinkID="4" Class="NiTransformationComponent" Name="Transformation">
            <PROPERTY Class="Point3" Name="Translation">1128.2100830078125000, -3098.7817382812500000, 0.0015716552734375</PROPERTY>
            <PROPERTY Class="Matrix3" Name="Rotation">
                <ROW>0.0000000000000019, 0.0000000437113883, 1.0000000000000000</ROW>
                <ROW>1.0000000000000000, -0.0000000437113883, 0.0000000000000000</ROW>
                <ROW>0.0000000437113883, 1.0000000000000000, -0.0000000437113883</ROW>
            </PROPERTY>
            <PROPERTY Class="Float" Name="Scale">1.0000000000000000</PROPERTY>
        </COMPONENT>
        <COMPONENT LinkID="5" Class="NiCameraComponent" Name="Camera">
            <PROPERTY Class="Float" Name="Field of View">90.0000000000000000</PROPERTY>
            <PROPERTY Class="Float" Name="Aspect Ratio">1.3333300352096558</PROPERTY>
            <PROPERTY Class="Float" Name="Near Clipping Plane">1.0000000000000000</PROPERTY>
            <PROPERTY Class="Float" Name="Far Clipping Plane">10000.0000000000000000</PROPERTY>
            <PROPERTY Class="Boolean" Name="Orthographic">FALSE</PROPERTY>
        </COMPONENT>
        <ENTITY LinkID="6" Class="NiGeneralEntity" Name="BaseWater1001_01 01" Type="Object" UsePhysX="FALSE" PostfixTexture="" Optimization="0" AlphaGroup="5" RandomAni="TRUE" TemplateID="26,35,a5,68,0,5c,72,40,b7,f5,26,9b,27,4,29,f7" MasterLinkID="7">
            <COMPONENT RefLinkID="11" />
            <COMPONENT RefLinkID="12" />
            <COMPONENT RefLinkID="13" />
        </ENTITY>
        <ENTITY LinkID="7" Class="NiGeneralEntity" Name="[Object]Sky.BaseWater1001_01" TemplateID="26,35,a5,68,0,5c,72,40,b7,f5,26,9b,27,4,29,f7">
            <COMPONENT RefLinkID="8" />
            <COMPONENT RefLinkID="9" />
            <COMPONENT RefLinkID="10" />
        </ENTITY>
        <COMPONENT LinkID="8" Class="NiTransformationComponent" Name="Transformation">
            <PROPERTY Class="Point3" Name="Translation">0.0000000000000000, 0.0000000000000000, 0.0000000000000000</PROPERTY>
            <PROPERTY Class="Matrix3" Name="Rotation">
                <ROW>1.0000000000000000, 0.0000000000000000, 0.0000000000000000</ROW>
                <ROW>0.0000000000000000, 1.0000000000000000, 0.0000000000000000</ROW>
                <ROW>0.0000000000000000, 0.0000000000000000, 1.0000000000000000</ROW>
            </PROPERTY>
            <PROPERTY Class="Float" Name="Scale">1.0000000000000000</PROPERTY>
        </COMPONENT>
        <COMPONENT LinkID="9" Class="NiSceneGraphComponent" Name="Scene Graph">
            <PROPERTY Class="String" Name="NIF File Path" Asset="TRUE">.\..\..\00_Object\Sky\BaseWater1001_01.nif</PROPERTY>
        </COMPONENT>
        <COMPONENT LinkID="10" Class="NiGeneralComponent" Name="Animation Object" TemplateID="c5,83,7b,6f,ea,53,7d,45,95,5a,2e,ab,38,28,a5,76">
            <PROPERTY Class="Float" Name="Phase" SemanticType="Float" DisplayName="Phase" Description="">-1000.0000000000000000</PROPERTY>
        </COMPONENT>
        <COMPONENT LinkID="11" Class="NiTransformationComponent" Name="Transformation">
            <PROPERTY Class="Point3" Name="Translation">-196.0927734375000000, 154.3371582031250000, 270.1030578613281300</PROPERTY>
            <PROPERTY Class="Matrix3" Name="Rotation">
                <ROW>1.0000000000000000, 0.0000000000000000, 0.0000000000000000</ROW>
                <ROW>0.0000000000000000, 1.0000000000000000, 0.0000000000000000</ROW>
                <ROW>0.0000000000000000, 0.0000000000000000, 1.0000000000000000</ROW>
            </PROPERTY>
            <PROPERTY Class="Float" Name="Scale">1.0000000000000000</PROPERTY>
        </COMPONENT>
        <COMPONENT LinkID="12" Class="NiSceneGraphComponent" Name="Scene Graph" MasterLinkID="9" />
        <COMPONENT LinkID="13" Class="NiGeneralComponent" Name="Animation Object" TemplateID="c5,83,7b,6f,ea,53,7d,45,95,5a,2e,ab,38,28,a5,76" MasterLinkID="10" />
        <ENTITY LinkID="14" Class="NiGeneralEntity" Name="IN_CT_MWA3003_1 04" Type="Object" UsePhysX="TRUE" PostfixTexture="" Optimization="0" AlphaGroup="3" RandomAni="TRUE" TemplateID="a9,45,61,4d,eb,1e,15,4a,9a,8d,4f,ea,81,92,ee,54" MasterLinkID="15">
            <COMPONENT RefLinkID="18" />
            <COMPONENT RefLinkID="19" />
        </ENTITY>
        <ENTITY LinkID="15" Class="NiGeneralEntity" Name="[Block]010100.IN_CT_MWA3003_1" TemplateID="a9,45,61,4d,eb,1e,15,4a,9a,8d,4f,ea,81,92,ee,54">
            <COMPONENT RefLinkID="16" />
            <COMPONENT RefLinkID="17" />
        </ENTITY>
        <COMPONENT LinkID="16" Class="NiTransformationComponent" Name="Transformation">
            <PROPERTY Class="Point3" Name="Translation">0.0000000000000000, 0.0000000000000000, 0.0000000000000000</PROPERTY>
            <PROPERTY Class="Matrix3" Name="Rotation">
                <ROW>1.0000000000000000, 0.0000000000000000, 0.0000000000000000</ROW>
                <ROW>0.0000000000000000, 1.0000000000000000, 0.0000000000000000</ROW>
                <ROW>0.0000000000000000, 0.0000000000000000, 1.0000000000000000</ROW>
            </PROPERTY>
            <PROPERTY Class="Float" Name="Scale">1.0000000000000000</PROPERTY>
        </COMPONENT>
        <COMPONENT LinkID="17" Class="NiSceneGraphComponent" Name="Scene Graph">
            <PROPERTY Class="String" Name="NIF File Path" Asset="TRUE">.\..\02_Modeling\Block\010100\IN_CT_MWA3003_1.nif</PROPERTY>
        </COMPONENT>
        <COMPONENT LinkID="18" Class="NiTransformationComponent" Name="Transformation">
            <PROPERTY Class="Point3" Name="Translation">1230.2154541015625000, 174.0051879882812500, -0.0021705627441406</PROPERTY>
            <PROPERTY Class="Matrix3" Name="Rotation">
                <ROW>-0.9990610480308533, -0.0433238446712494, 0.0000000000000000</ROW>
                <ROW>0.0433238446712494, -0.9990610480308533, 0.0000000000000000</ROW>
                <ROW>0.0000000000000000, 0.0000000000000000, 1.0000000000000000</ROW>
            </PROPERTY>
            <PROPERTY Class="Float" Name="Scale">1.0000000000000000</PROPERTY>
        </COMPONENT>
        <COMPONENT LinkID="19" Class="NiSceneGraphComponent" Name="Scene Graph" MasterLinkID="17" />
        <ENTITY LinkID="20" Class="NiGeneralEntity" Name="IN_CT_MWA3003_1 24" Type="Object" UsePhysX="TRUE" PostfixTexture="" Optimization="0" AlphaGroup="3" RandomAni="TRUE" TemplateID="a9,45,61,4d,eb,1e,15,4a,9a,8d,4f,ea,81,92,ee,54" MasterLinkID="15">
            <COMPONENT RefLinkID="21" />
            <COMPONENT RefLinkID="22" />
        </ENTITY>
        <COMPONENT LinkID="21" Class="NiTransformationComponent" Name="Transformation">
            <PROPERTY Class="Point3" Name="Translation">-707.2955322265625000, 198.8150177001953100, -0.0017414093017578</PROPERTY>
            <PROPERTY Class="Matrix3" Name="Rotation">
                <ROW>0.9990609884262085, 0.0433239638805389, 0.0000000000000000</ROW>
                <ROW>-0.0433239638805389, 0.9990609884262085, 0.0000000000000000</ROW>
                <ROW>0.0000000000000000, 0.0000000000000000, 1.0000000000000000</ROW>
            </PROPERTY>
            <PROPERTY Class="Float" Name="Scale">1.0000000000000000</PROPERTY>
        </COMPONENT>
        <COMPONENT LinkID="22" Class="NiSceneGraphComponent" Name="Scene Graph" MasterLinkID="17" />
        <ENTITY LinkID="23" Class="NiGeneralEntity" Name="IN_CT_MWA3003_1 01" Type="Object" UsePhysX="TRUE" PostfixTexture="" Optimization="0" AlphaGroup="3" RandomAni="TRUE" TemplateID="a9,45,61,4d,eb,1e,15,4a,9a,8d,4f,ea,81,92,ee,54" MasterLinkID="15">
            <COMPONENT RefLinkID="24" />
            <COMPONENT RefLinkID="25" />
        </ENTITY>
        <COMPONENT LinkID="24" Class="NiTransformationComponent" Name="Transformation">
            <PROPERTY Class="Point3" Name="Translation">586.2326660156250000, 199.2197418212890600, -0.0019569396972656</PROPERTY>
            <PROPERTY Class="Matrix3" Name="Rotation">
                <ROW>0.9990609884262085, 0.0433239638805389, 0.0000000000000000</ROW>
                <ROW>-0.0433239638805389, 0.9990609884262085, 0.0000000000000000</ROW>
                <ROW>0.0000000000000000, 0.0000000000000000, 1.0000000000000000</ROW>
            </PROPERTY>
            <PROPERTY Class="Float" Name="Scale">1.0000000000000000</PROPERTY>
        </COMPONENT>
        <COMPONENT LinkID="25" Class="NiSceneGraphComponent" Name="Scene Graph" MasterLinkID="17" />
        <ENTITY LinkID="26" Class="NiGeneralEntity" Name="IN_CT_MWA3003_1 02" Type="Object" UsePhysX="TRUE" PostfixTexture="" Optimization="0" AlphaGroup="3" RandomAni="TRUE" TemplateID="a9,45,61,4d,eb,1e,15,4a,9a,8d,4f,ea,81,92,ee,54" MasterLinkID="15">
            <COMPONENT RefLinkID="27" />
            <COMPONENT RefLinkID="28" />
        </ENTITY>
        <COMPONENT LinkID="27" Class="NiTransformationComponent" Name="Transformation">
            <PROPERTY Class="Point3" Name="Translation">799.0394287109375000, 173.8703002929687500, -0.0019569396972656</PROPERTY>
            <PROPERTY Class="Matrix3" Name="Rotation">
                <ROW>-0.9990610480308533, -0.0433238446712494, 0.0000000000000000</ROW>
                <ROW>0.0433238446712494, -0.9990610480308533, 0.0000000000000000</ROW>
                <ROW>0.0000000000000000, 0.0000000000000000, 1.0000000000000000</ROW>
            </PROPERTY>
            <PROPERTY Class="Float" Name="Scale">1.0000000000000000</PROPERTY>
        </COMPONENT>
        <COMPONENT LinkID="28" Class="NiSceneGraphComponent" Name="Scene Graph" MasterLinkID="17" />
        <ENTITY LinkID="29" Class="NiGeneralEntity" Name="IN_CT_MWA3003_1 03" Type="Object" UsePhysX="TRUE" PostfixTexture="" Optimization="0" AlphaGroup="3" RandomAni="TRUE" TemplateID="a9,45,61,4d,eb,1e,15,4a,9a,8d,4f,ea,81,92,ee,54" MasterLinkID="15">
            <COMPONENT RefLinkID="30" />
            <COMPONENT RefLinkID="31" />
        </ENTITY>
        <COMPONENT LinkID="30" Class="NiTransformationComponent" Name="Transformation">
            <PROPERTY Class="Point3" Name="Translation">1017.4086914062500000, 199.3546295166015600, -0.0021705627441406</PROPERTY>
            <PROPERTY Class="Matrix3" Name="Rotation">
                <ROW>0.9990609884262085, 0.0433239638805389, 0.0000000000000000</ROW>
                <ROW>-0.0433239638805389, 0.9990609884262085, 0.0000000000000000</ROW>
                <ROW>0.0000000000000000, 0.0000000000000000, 1.0000000000000000</ROW>
            </PROPERTY>
            <PROPERTY Class="Float" Name="Scale">1.0000000000000000</PROPERTY>
        </COMPONENT>
        <COMPONENT LinkID="31" Class="NiSceneGraphComponent" Name="Scene Graph" MasterLinkID="17" />
        <ENTITY LinkID="32" Class="NiGeneralEntity" Name="IN_CT_MWA1001_01 01" Type="Object" UsePhysX="FALSE" PostfixTexture="" Optimization="0" AlphaGroup="1" RandomAni="TRUE" TemplateID="21,14,2a,b0,ee,2,bb,46,b7,3c,32,7c,ed,c5,b5,f" MasterLinkID="33">
            <COMPONENT RefLinkID="36" />
            <COMPONENT RefLinkID="37" />
        </ENTITY>
        <ENTITY LinkID="33" Class="NiGeneralEntity" Name="[Block]010100.IN_CT_MWA1001_01" TemplateID="21,14,2a,b0,ee,2,bb,46,b7,3c,32,7c,ed,c5,b5,f">
            <COMPONENT RefLinkID="34" />
            <COMPONENT RefLinkID="35" />
        </ENTITY>
        <COMPONENT LinkID="34" Class="NiTransformationComponent" Name="Transformation">
            <PROPERTY Class="Point3" Name="Translation">0.0000000000000000, 0.0000000000000000, 0.0000000000000000</PROPERTY>
            <PROPERTY Class="Matrix3" Name="Rotation">
                <ROW>1.0000000000000000, 0.0000000000000000, 0.0000000000000000</ROW>
                <ROW>0.0000000000000000, 1.0000000000000000, 0.0000000000000000</ROW>
                <ROW>0.0000000000000000, 0.0000000000000000, 1.0000000000000000</ROW>
            </PROPERTY>
            <PROPERTY Class="Float" Name="Scale">1.0000000000000000</PROPERTY>
        </COMPONENT>
        <COMPONENT LinkID="35" Class="NiSceneGraphComponent" Name="Scene Graph">
            <PROPERTY Class="String" Name="NIF File Path" Asset="TRUE">.\..\02_Modeling\Block\010100\IN_CT_MWA1001_01.nif</PROPERTY>
        </COMPONENT>
        <COMPONENT LinkID="36" Class="NiTransformationComponent" Name="Transformation">
            <PROPERTY Class="Point3" Name="Translation">59.6350097656250000, 1850.4936523437500000, -65.2783660888671870</PROPERTY>
            <PROPERTY Class="Matrix3" Name="Rotation">
                <ROW>-0.9426054358482361, 0.3339085876941681, 0.0000000000000000</ROW>
                <ROW>-0.3339085876941681, -0.9426054358482361, 0.0000000000000000</ROW>
                <ROW>0.0000000000000000, 0.0000000000000000, 1.0000000000000000</ROW>
            </PROPERTY>
            <PROPERTY Class="Float" Name="Scale">1.0000000000000000</PROPERTY>
        </COMPONENT>
        <COMPONENT LinkID="37" Class="NiSceneGraphComponent" Name="Scene Graph" MasterLinkID="35" />
        <ENTITY LinkID="38" Class="NiGeneralEntity" Name="IN_CT_MWA1002_01 01" Type="Object" UsePhysX="FALSE" PostfixTexture="" Optimization="0" AlphaGroup="1" RandomAni="TRUE" TemplateID="be,f9,b9,24,df,aa,3b,43,88,9c,53,cf,cf,4c,6f,64" MasterLinkID="39">
            <COMPONENT RefLinkID="42" />
            <COMPONENT RefLinkID="43" />
        </ENTITY>
        <ENTITY LinkID="39" Class="NiGeneralEntity" Name="[Block]010100.IN_CT_MWA1002_01" TemplateID="be,f9,b9,24,df,aa,3b,43,88,9c,53,cf,cf,4c,6f,64">
            <COMPONENT RefLinkID="40" />
            <COMPONENT RefLinkID="41" />
        </ENTITY>
        <COMPONENT LinkID="40" Class="NiTransformationComponent" Name="Transformation">
            <PROPERTY Class="Point3" Name="Translation">0.0000000000000000, 0.0000000000000000, 0.0000000000000000</PROPERTY>
            <PROPERTY Class="Matrix3" Name="Rotation">
                <ROW>1.0000000000000000, 0.0000000000000000, 0.0000000000000000</ROW>
                <ROW>0.0000000000000000, 1.0000000000000000, 0.0000000000000000</ROW>
                <ROW>0.0000000000000000, 0.0000000000000000, 1.0000000000000000</ROW>
            </PROPERTY>
            <PROPERTY Class="Float" Name="Scale">1.0000000000000000</PROPERTY>
        </COMPONENT>
        <COMPONENT LinkID="41" Class="NiSceneGraphComponent" Name="Scene Graph">
            <PROPERTY Class="String" Name="NIF File Path" Asset="TRUE">.\..\02_Modeling\Block\010100\IN_CT_MWA1002_01.nif</PROPERTY>
        </COMPONENT>
        <COMPONENT LinkID="42" Class="NiTransformationComponent" Name="Transformation">
            <PROPERTY Class="Point3" Name="Translation">1002.2362060546875000, 2184.4003906250000000, 0.0014610290527344</PROPERTY>
            <PROPERTY Class="Matrix3" Name="Rotation">
                <ROW>-0.9426054358482361, 0.3339085876941681, 0.0000000000000000</ROW>
                <ROW>-0.3339085876941681, -0.9426054358482361, 0.0000000000000000</ROW>
                <ROW>0.0000000000000000, 0.0000000000000000, 1.0000000000000000</ROW>
            </PROPERTY>
            <PROPERTY Class="Float" Name="Scale">1.0000000000000000</PROPERTY>
        </COMPONENT>
        <COMPONENT LinkID="43" Class="NiSceneGraphComponent" Name="Scene Graph" MasterLinkID="41" />
        <ENTITY LinkID="44" Class="NiGeneralEntity" Name="IN_CT_MWA1001_01 02" Type="Object" UsePhysX="FALSE" PostfixTexture="" Optimization="0" AlphaGroup="1" RandomAni="TRUE" TemplateID="21,14,2a,b0,ee,2,bb,46,b7,3c,32,7c,ed,c5,b5,f" MasterLinkID="33">
            <COMPONENT RefLinkID="45" />
            <COMPONENT RefLinkID="46" />
        </ENTITY>
        <COMPONENT LinkID="45" Class="NiTransformationComponent" Name="Transformation">
            <PROPERTY Class="Point3" Name="Translation">530.9356689453125000, 2017.4470214843750000, -65.2783660888671870</PROPERTY>
            <PROPERTY Class="Matrix3" Name="Rotation">
                <ROW>-0.9426054358482361, 0.3339085876941681, 0.0000000000000000</ROW>
                <ROW>-0.3339085876941681, -0.9426054358482361, 0.0000000000000000</ROW>
                <ROW>0.0000000000000000, 0.0000000000000000, 1.0000000000000000</ROW>
            </PROPERTY>
            <PROPERTY Class="Float" Name="Scale">1.0000000000000000</PROPERTY>
        </COMPONENT>
        <COMPONENT LinkID="46" Class="NiSceneGraphComponent" Name="Scene Graph" MasterLinkID="35" />
        <ENTITY LinkID="47" Class="NiGeneralEntity" Name="IN_CT_MWA2001_01 01" Type="Object" UsePhysX="FALSE" PostfixTexture="" Optimization="0" AlphaGroup="1" RandomAni="TRUE" TemplateID="8f,52,f1,63,1c,aa,e,4e,a8,0,66,b9,1,6,9e,9d" MasterLinkID="48">
            <COMPONENT RefLinkID="51" />
            <COMPONENT RefLinkID="52" />
        </ENTITY>
        <ENTITY LinkID="48" Class="NiGeneralEntity" Name="[Block]010100.IN_CT_MWA2001_01" TemplateID="8f,52,f1,63,1c,aa,e,4e,a8,0,66,b9,1,6,9e,9d">
            <COMPONENT RefLinkID="49" />
            <COMPONENT RefLinkID="50" />
        </ENTITY>
        <COMPONENT LinkID="49" Class="NiTransformationComponent" Name="Transformation">
            <PROPERTY Class="Point3" Name="Translation">0.0000000000000000, 0.0000000000000000, 0.0000000000000000</PROPERTY>
            <PROPERTY Class="Matrix3" Name="Rotation">
                <ROW>1.0000000000000000, 0.0000000000000000, 0.0000000000000000</ROW>
                <ROW>0.0000000000000000, 1.0000000000000000, 0.0000000000000000</ROW>
                <ROW>0.0000000000000000, 0.0000000000000000, 1.0000000000000000</ROW>
            </PROPERTY>
            <PROPERTY Class="Float" Name="Scale">1.0000000000000000</PROPERTY>
        </COMPONENT>
        <COMPONENT LinkID="50" Class="NiSceneGraphComponent" Name="Scene Graph">
            <PROPERTY Class="String" Name="NIF File Path" Asset="TRUE">.\..\02_Modeling\Block\010100\IN_CT_MWA2001_01.nif</PROPERTY>
        </COMPONENT>
        <COMPONENT LinkID="51" Class="NiTransformationComponent" Name="Transformation">
            <PROPERTY Class="Point3" Name="Translation">-365.0826416015625000, 1552.0388183593750000, 3.8582115173339844</PROPERTY>
            <PROPERTY Class="Matrix3" Name="Rotation">
                <ROW>-0.9426054358482361, 0.3339085876941681, 0.0000000000000000</ROW>
                <ROW>-0.3339085876941681, -0.9426054358482361, 0.0000000000000000</ROW>
                <ROW>0.0000000000000000, 0.0000000000000000, 1.0000000000000000</ROW>
            </PROPERTY>
            <PROPERTY Class="Float" Name="Scale">1.0000000000000000</PROPERTY>
        </COMPONENT>
        <COMPONENT LinkID="52" Class="NiSceneGraphComponent" Name="Scene Graph" MasterLinkID="50" />
        <ENTITY LinkID="53" Class="NiGeneralEntity" Name="IN_CT_MWA3003_1 11" Type="Object" UsePhysX="TRUE" PostfixTexture="" Optimization="0" AlphaGroup="3" RandomAni="TRUE" TemplateID="a9,45,61,4d,eb,1e,15,4a,9a,8d,4f,ea,81,92,ee,54" MasterLinkID="15">
            <COMPONENT RefLinkID="54" />
            <COMPONENT RefLinkID="55" />
        </ENTITY>
        <COMPONENT LinkID="54" Class="NiTransformationComponent" Name="Transformation">
            <PROPERTY Class="Point3" Name="Translation">2523.7434082031250000, 174.4098510742187500, -0.0027961730957031</PROPERTY>
            <PROPERTY Class="Matrix3" Name="Rotation">
                <ROW>-0.9990610480308533, -0.0433238446712494, 0.0000000000000000</ROW>
                <ROW>0.0433238446712494, -0.9990610480308533, 0.0000000000000000</ROW>
                <ROW>0.0000000000000000, 0.0000000000000000, 1.0000000000000000</ROW>
            </PROPERTY>
            <PROPERTY Class="Float" Name="Scale">1.0000000000000000</PROPERTY>
        </COMPONENT>
        <COMPONENT LinkID="55" Class="NiSceneGraphComponent" Name="Scene Graph" MasterLinkID="17" />
        <ENTITY LinkID="56" Class="NiGeneralEntity" Name="Art_BeachBox5001_01 08" Type="Object" UsePhysX="FALSE" PostfixTexture="" Optimization="0" AlphaGroup="1" RandomAni="TRUE" TemplateID="2a,8d,a2,4c,cd,ae,1d,4c,89,9d,cc,c7,56,e9,b8,26" MasterLinkID="57">
            <COMPONENT RefLinkID="61" />
            <COMPONENT RefLinkID="62" />
            <COMPONENT RefLinkID="63" />
        </ENTITY>
        <ENTITY LinkID="57" Class="NiGeneralEntity" Name="[Object]Box.Art_BeachBox5001_01" TemplateID="2a,8d,a2,4c,cd,ae,1d,4c,89,9d,cc,c7,56,e9,b8,26">
            <COMPONENT RefLinkID="58" />
            <COMPONENT RefLinkID="59" />
            <COMPONENT RefLinkID="60" />
        </ENTITY>
        <COMPONENT LinkID="58" Class="NiTransformationComponent" Name="Transformation">
            <PROPERTY Class="Point3" Name="Translation">0.0000000000000000, 0.0000000000000000, 0.0000000000000000</PROPERTY>
            <PROPERTY Class="Matrix3" Name="Rotation">
                <ROW>1.0000000000000000, 0.0000000000000000, 0.0000000000000000</ROW>
                <ROW>0.0000000000000000, 1.0000000000000000, 0.0000000000000000</ROW>
                <ROW>0.0000000000000000, 0.0000000000000000, 1.0000000000000000</ROW>
            </PROPERTY>
            <PROPERTY Class="Float" Name="Scale">1.0000000000000000</PROPERTY>
        </COMPONENT>
        <COMPONENT LinkID="59" Class="NiSceneGraphComponent" Name="Scene Graph">
            <PROPERTY Class="String" Name="NIF File Path" Asset="TRUE">.\..\..\00_Object\Box\Art_BeachBox5001_01.nif</PROPERTY>
        </COMPONENT>
        <COMPONENT LinkID="60" Class="NiGeneralComponent" Name="Hide Object" TemplateID="f6,46,16,db,61,92,23,47,b5,4a,da,2d,42,d7,85,b9">
            <PROPERTY Class="Float" Name="Alpha Value" SemanticType="Float" DisplayName="Alpha Value" Description="">0.4000000059604645</PROPERTY>
            <PROPERTY Class="Boolean" Name="Alpha Enable" SemanticType="Boolean" DisplayName="Alpha Enable" Description="">FALSE</PROPERTY>
            <PROPERTY Class="Boolean" Name="Hide Object" SemanticType="Boolean" DisplayName="Hide Object" Description="">FALSE</PROPERTY>
        </COMPONENT>
        <COMPONENT LinkID="61" Class="NiTransformationComponent" Name="Transformation">
            <PROPERTY Class="Point3" Name="Translation">-846.9635620117187500, 109.7513732910156200, 297.2968444824218700</PROPERTY>
            <PROPERTY Class="Matrix3" Name="Rotation">
                <ROW>0.6352195739746094, 0.7723315954208374, 0.0000000000000000</ROW>
                <ROW>-0.7723315954208374, 0.6352195739746094, 0.0000000000000000</ROW>
                <ROW>0.0000000000000000, 0.0000000000000000, 1.0000000000000000</ROW>
            </PROPERTY>
            <PROPERTY Class="Float" Name="Scale">1.0000000000000000</PROPERTY>
        </COMPONENT>
        <COMPONENT LinkID="62" Class="NiSceneGraphComponent" Name="Scene Graph" MasterLinkID="59" />
        <COMPONENT LinkID="63" Class="NiGeneralComponent" Name="Hide Object" TemplateID="f6,46,16,db,61,92,23,47,b5,4a,da,2d,42,d7,85,b9" MasterLinkID="60" />
        <ENTITY LinkID="64" Class="NiGeneralEntity" Name="BGSky_1002_01 01" Type="SkyBox" UsePhysX="FALSE" PostfixTexture="" Optimization="0" AlphaGroup="5" RandomAni="TRUE" TemplateID="ea,3b,4b,d,dd,84,2,44,bd,f8,c,a8,b7,b0,4b,e2" MasterLinkID="65">
            <COMPONENT RefLinkID="68" />
            <COMPONENT RefLinkID="69" />
        </ENTITY>
        <ENTITY LinkID="65" Class="NiGeneralEntity" Name="[Object]Sky.BGSky_1002_01" TemplateID="23,40,df,80,16,66,65,48,8b,7a,61,54,9e,e6,4a,a6">
            <COMPONENT RefLinkID="66" />
            <COMPONENT RefLinkID="67" />
        </ENTITY>
        <COMPONENT LinkID="66" Class="NiTransformationComponent" Name="Transformation">
            <PROPERTY Class="Point3" Name="Translation">0.0000000000000000, 0.0000000000000000, 0.0000000000000000</PROPERTY>
            <PROPERTY Class="Matrix3" Name="Rotation">
                <ROW>1.0000000000000000, 0.0000000000000000, 0.0000000000000000</ROW>
                <ROW>0.0000000000000000, 1.0000000000000000, 0.0000000000000000</ROW>
                <ROW>0.0000000000000000, 0.0000000000000000, 1.0000000000000000</ROW>
            </PROPERTY>
            <PROPERTY Class="Float" Name="Scale">1.0000000000000000</PROPERTY>
        </COMPONENT>
        <COMPONENT LinkID="67" Class="NiSceneGraphComponent" Name="Scene Graph">
            <PROPERTY Class="String" Name="NIF File Path" Asset="TRUE">.\..\..\00_Object\Sky\BGSky_1002_01.nif</PROPERTY>
        </COMPONENT>
        <COMPONENT LinkID="68" Class="NiTransformationComponent" Name="Transformation">
            <PROPERTY Class="Point3" Name="Translation">961.4285888671875000, 965.0523681640625000, -0.0620832443237305</PROPERTY>
            <PROPERTY Class="Matrix3" Name="Rotation">
                <ROW>-0.5960708260536194, 0.8029317855834961, 0.0000000000000000</ROW>
                <ROW>-0.8029317855834961, -0.5960708260536194, 0.0000000000000000</ROW>
                <ROW>0.0000000000000000, 0.0000000000000000, 1.0000000000000000</ROW>
            </PROPERTY>
            <PROPERTY Class="Float" Name="Scale">1.6600803136825562</PROPERTY>
        </COMPONENT>
        <COMPONENT LinkID="69" Class="NiSceneGraphComponent" Name="Scene Graph" MasterLinkID="67" />
        <ENTITY LinkID="70" Class="NiGeneralEntity" Name="gate_next_base" Type="Trigger" UsePhysX="TRUE" PostfixTexture="" Optimization="0" AlphaGroup="5" RandomAni="FALSE" TemplateID="cc,68,ab,3d,80,d7,42,46,b5,a4,97,4d,ef,3d,b0,f3" Hidden="TRUE" MasterLinkID="71">
            <COMPONENT RefLinkID="75" />
            <COMPONENT RefLinkID="76" />
            <COMPONENT RefLinkID="77" />
        </ENTITY>
        <ENTITY LinkID="71" Class="NiGeneralEntity" Name="[General]Object.Kinematic55_noc_CylinderUP" TemplateID="cc,68,ab,3d,80,d7,42,46,b5,a4,97,4d,ef,3d,b0,f3">
            <COMPONENT RefLinkID="72" />
            <COMPONENT RefLinkID="73" />
            <COMPONENT RefLinkID="74" />
        </ENTITY>
        <COMPONENT LinkID="72" Class="NiTransformationComponent" Name="Transformation">
            <PROPERTY Class="Point3" Name="Translation">0.0000000000000000, 0.0000000000000000, 0.0000000000000000</PROPERTY>
            <PROPERTY Class="Matrix3" Name="Rotation">
                <ROW>1.0000000000000000, 0.0000000000000000, 0.0000000000000000</ROW>
                <ROW>0.0000000000000000, 1.0000000000000000, 0.0000000000000000</ROW>
                <ROW>0.0000000000000000, 0.0000000000000000, 1.0000000000000000</ROW>
            </PROPERTY>
            <PROPERTY Class="Float" Name="Scale">1.0000000000000000</PROPERTY>
        </COMPONENT>
        <COMPONENT LinkID="73" Class="NiSceneGraphComponent" Name="Scene Graph">
            <PROPERTY Class="String" Name="NIF File Path" Asset="TRUE">.\..\..\Palettes\Kinematic55_noc_CylinderUP.nif</PROPERTY>
        </COMPONENT>
        <COMPONENT LinkID="74" Class="NiGeneralComponent" Name="Hide Object" TemplateID="f6,46,16,db,61,92,23,47,b5,4a,da,2d,42,d7,85,b9">
            <PROPERTY Class="Float" Name="Alpha Value" SemanticType="Float" DisplayName="Alpha Value" Description="">0.4000000059604645</PROPERTY>
            <PROPERTY Class="Boolean" Name="Alpha Enable" SemanticType="Boolean" DisplayName="Alpha Enable" Description="">FALSE</PROPERTY>
            <PROPERTY Class="Boolean" Name="Hide Object" SemanticType="Boolean" DisplayName="Hide Object" Description="">FALSE</PROPERTY>
        </COMPONENT>
        <COMPONENT LinkID="75" Class="NiTransformationComponent" Name="Transformation">
            <PROPERTY Class="Point3" Name="Translation">2620.7990722656250000, 177.0939636230468800, 297.5830688476562500</PROPERTY>
            <PROPERTY Class="Matrix3" Name="Rotation">
                <ROW>1.0000000000000000, 0.0000000000000000, 0.0000000000000000</ROW>
                <ROW>0.0000000000000000, 1.0000000000000000, 0.0000000000000000</ROW>
                <ROW>0.0000000000000000, 0.0000000000000000, 1.0000000000000000</ROW>
            </PROPERTY>
            <PROPERTY Class="Float" Name="Scale">1.0000000000000000</PROPERTY>
        </COMPONENT>
        <COMPONENT LinkID="76" Class="NiSceneGraphComponent" Name="Scene Graph" MasterLinkID="73" />
        <COMPONENT LinkID="77" Class="NiGeneralComponent" Name="Hide Object" TemplateID="f6,46,16,db,61,92,23,47,b5,4a,da,2d,42,d7,85,b9" MasterLinkID="74" />
        <ENTITY LinkID="78" Class="NiGeneralEntity" Name="IN_CT_MWA2001_01 02" Type="Object" UsePhysX="FALSE" PostfixTexture="" Optimization="0" AlphaGroup="1" RandomAni="TRUE" TemplateID="8f,52,f1,63,1c,aa,e,4e,a8,0,66,b9,1,6,9e,9d" MasterLinkID="48">
            <COMPONENT RefLinkID="79" />
            <COMPONENT RefLinkID="80" />
        </ENTITY>
        <COMPONENT LinkID="79" Class="NiTransformationComponent" Name="Transformation">
            <PROPERTY Class="Point3" Name="Translation">1435.6281738281250000, 2458.3671875000000000, 4.7208518981933594</PROPERTY>
            <PROPERTY Class="Matrix3" Name="Rotation">
                <ROW>-0.9426054358482361, 0.3339085876941681, 0.0000000000000000</ROW>
                <ROW>-0.3339085876941681, -0.9426054358482361, 0.0000000000000000</ROW>
                <ROW>0.0000000000000000, 0.0000000000000000, 1.0000000000000000</ROW>
            </PROPERTY>
            <PROPERTY Class="Float" Name="Scale">1.0000000000000000</PROPERTY>
        </COMPONENT>
        <COMPONENT LinkID="80" Class="NiSceneGraphComponent" Name="Scene Graph" MasterLinkID="50" />
        <ENTITY LinkID="81" Class="NiGeneralEntity" Name="IN_CT_MWA3003_1 12" Type="Object" UsePhysX="TRUE" PostfixTexture="" Optimization="0" AlphaGroup="3" RandomAni="TRUE" TemplateID="a9,45,61,4d,eb,1e,15,4a,9a,8d,4f,ea,81,92,ee,54" MasterLinkID="15">
            <COMPONENT RefLinkID="82" />
            <COMPONENT RefLinkID="83" />
        </ENTITY>
        <COMPONENT LinkID="82" Class="NiTransformationComponent" Name="Transformation">
            <PROPERTY Class="Point3" Name="Translation">2742.1127929687500000, 199.8941802978515600, -0.0030097961425781</PROPERTY>
            <PROPERTY Class="Matrix3" Name="Rotation">
                <ROW>0.9990609884262085, 0.0433239638805389, 0.0000000000000000</ROW>
                <ROW>-0.0433239638805389, 0.9990609884262085, 0.0000000000000000</ROW>
                <ROW>0.0000000000000000, 0.0000000000000000, 1.0000000000000000</ROW>
            </PROPERTY>
            <PROPERTY Class="Float" Name="Scale">1.0000000000000000</PROPERTY>
        </COMPONENT>
        <COMPONENT LinkID="83" Class="NiSceneGraphComponent" Name="Scene Graph" MasterLinkID="17" />
        <ENTITY LinkID="84" Class="NiGeneralEntity" Name="IN_CT_MWA3003_1 05" Type="Object" UsePhysX="TRUE" PostfixTexture="" Optimization="0" AlphaGroup="3" RandomAni="TRUE" TemplateID="a9,45,61,4d,eb,1e,15,4a,9a,8d,4f,ea,81,92,ee,54" MasterLinkID="15">
            <COMPONENT RefLinkID="85" />
            <COMPONENT RefLinkID="86" />
        </ENTITY>
        <COMPONENT LinkID="85" Class="NiTransformationComponent" Name="Transformation">
            <PROPERTY Class="Point3" Name="Translation">2092.5673828125000000, 174.2749633789062500, -0.0025978088378906</PROPERTY>
            <PROPERTY Class="Matrix3" Name="Rotation">
                <ROW>-0.9990610480308533, -0.0433238446712494, 0.0000000000000000</ROW>
                <ROW>0.0433238446712494, -0.9990610480308533, 0.0000000000000000</ROW>
                <ROW>0.0000000000000000, 0.0000000000000000, 1.0000000000000000</ROW>
            </PROPERTY>
            <PROPERTY Class="Float" Name="Scale">1.0000000000000000</PROPERTY>
        </COMPONENT>
        <COMPONENT LinkID="86" Class="NiSceneGraphComponent" Name="Scene Graph" MasterLinkID="17" />
        <ENTITY LinkID="87" Class="NiGeneralEntity" Name="IN_CT_MWA3003_1 06" Type="Object" UsePhysX="TRUE" PostfixTexture="" Optimization="0" AlphaGroup="3" RandomAni="TRUE" TemplateID="a9,45,61,4d,eb,1e,15,4a,9a,8d,4f,ea,81,92,ee,54" MasterLinkID="15">
            <COMPONENT RefLinkID="88" />
            <COMPONENT RefLinkID="89" />
        </ENTITY>
        <COMPONENT LinkID="88" Class="NiTransformationComponent" Name="Transformation">
            <PROPERTY Class="Point3" Name="Translation">1448.5847167968750000, 199.4895172119140600, -0.0023841857910156</PROPERTY>
            <PROPERTY Class="Matrix3" Name="Rotation">
                <ROW>0.9990609884262085, 0.0433239638805389, 0.0000000000000000</ROW>
                <ROW>-0.0433239638805389, 0.9990609884262085, 0.0000000000000000</ROW>
                <ROW>0.0000000000000000, 0.0000000000000000, 1.0000000000000000</ROW>
            </PROPERTY>
            <PROPERTY Class="Float" Name="Scale">1.0000000000000000</PROPERTY>
        </COMPONENT>
        <COMPONENT LinkID="89" Class="NiSceneGraphComponent" Name="Scene Graph" MasterLinkID="17" />
        <ENTITY LinkID="90" Class="NiGeneralEntity" Name="IN_CT_MWA3003_1 07" Type="Object" UsePhysX="TRUE" PostfixTexture="" Optimization="0" AlphaGroup="3" RandomAni="TRUE" TemplateID="a9,45,61,4d,eb,1e,15,4a,9a,8d,4f,ea,81,92,ee,54" MasterLinkID="15">
            <COMPONENT RefLinkID="91" />
            <COMPONENT RefLinkID="92" />
        </ENTITY>
        <COMPONENT LinkID="91" Class="NiTransformationComponent" Name="Transformation">
            <PROPERTY Class="Point3" Name="Translation">1661.3916015625000000, 174.1400756835937500, -0.0023841857910156</PROPERTY>
            <PROPERTY Class="Matrix3" Name="Rotation">
                <ROW>-0.9990610480308533, -0.0433238446712494, 0.0000000000000000</ROW>
                <ROW>0.0433238446712494, -0.9990610480308533, 0.0000000000000000</ROW>
                <ROW>0.0000000000000000, 0.0000000000000000, 1.0000000000000000</ROW>
            </PROPERTY>
            <PROPERTY Class="Float" Name="Scale">1.0000000000000000</PROPERTY>
        </COMPONENT>
        <COMPONENT LinkID="92" Class="NiSceneGraphComponent" Name="Scene Graph" MasterLinkID="17" />
        <ENTITY LinkID="93" Class="NiGeneralEntity" Name="IN_CT_MWA3003_1 08" Type="Object" UsePhysX="TRUE" PostfixTexture="" Optimization="0" AlphaGroup="3" RandomAni="TRUE" TemplateID="a9,45,61,4d,eb,1e,15,4a,9a,8d,4f,ea,81,92,ee,54" MasterLinkID="15">
            <COMPONENT RefLinkID="94" />
            <COMPONENT RefLinkID="95" />
        </ENTITY>
        <COMPONENT LinkID="94" Class="NiTransformationComponent" Name="Transformation">
            <PROPERTY Class="Point3" Name="Translation">1879.7607421875000000, 199.6244049072265600, -0.0025978088378906</PROPERTY>
            <PROPERTY Class="Matrix3" Name="Rotation">
                <ROW>0.9990609884262085, 0.0433239638805389, 0.0000000000000000</ROW>
                <ROW>-0.0433239638805389, 0.9990609884262085, 0.0000000000000000</ROW>
                <ROW>0.0000000000000000, 0.0000000000000000, 1.0000000000000000</ROW>
            </PROPERTY>
            <PROPERTY Class="Float" Name="Scale">1.0000000000000000</PROPERTY>
        </COMPONENT>
        <COMPONENT LinkID="95" Class="NiSceneGraphComponent" Name="Scene Graph" MasterLinkID="17" />
        <ENTITY LinkID="96" Class="NiGeneralEntity" Name="Art_BeachBox5001_01 02" Type="Object" UsePhysX="FALSE" PostfixTexture="" Optimization="0" AlphaGroup="1" RandomAni="TRUE" TemplateID="2a,8d,a2,4c,cd,ae,1d,4c,89,9d,cc,c7,56,e9,b8,26" MasterLinkID="57">
            <COMPONENT RefLinkID="97" />
            <COMPONENT RefLinkID="98" />
            <COMPONENT RefLinkID="99" />
        </ENTITY>
        <COMPONENT LinkID="97" Class="NiTransformationComponent" Name="Transformation">
            <PROPERTY Class="Point3" Name="Translation">2018.8735351562500000, 1234.1386718750000000, 56.8903923034667970</PROPERTY>
            <PROPERTY Class="Matrix3" Name="Rotation">
                <ROW>0.9236801862716675, -0.3817114830017090, -0.0333342552185059</ROW>
                <ROW>0.3667122125625610, 0.9058870673179627, -0.2118743658065796</ROW>
                <ROW>0.1110719442367554, 0.1834800839424133, 0.9767282605171204</ROW>
            </PROPERTY>
            <PROPERTY Class="Float" Name="Scale">1.6182382106781006</PROPERTY>
        </COMPONENT>
        <COMPONENT LinkID="98" Class="NiSceneGraphComponent" Name="Scene Graph" MasterLinkID="59" />
        <COMPONENT LinkID="99" Class="NiGeneralComponent" Name="Hide Object" TemplateID="f6,46,16,db,61,92,23,47,b5,4a,da,2d,42,d7,85,b9" MasterLinkID="60" />
        <ENTITY LinkID="100" Class="NiGeneralEntity" Name="IN_CT_MWA3003_1 10" Type="Object" UsePhysX="TRUE" PostfixTexture="" Optimization="0" AlphaGroup="3" RandomAni="TRUE" TemplateID="a9,45,61,4d,eb,1e,15,4a,9a,8d,4f,ea,81,92,ee,54" MasterLinkID="15">
            <COMPONENT RefLinkID="101" />
            <COMPONENT RefLinkID="102" />
        </ENTITY>
        <COMPONENT LinkID="101" Class="NiTransformationComponent" Name="Transformation">
            <PROPERTY Class="Point3" Name="Translation">2310.9367675781250000, 199.7592926025390600, -0.0027961730957031</PROPERTY>
            <PROPERTY Class="Matrix3" Name="Rotation">
                <ROW>0.9990609884262085, 0.0433239638805389, 0.0000000000000000</ROW>
                <ROW>-0.0433239638805389, 0.9990609884262085, 0.0000000000000000</ROW>
                <ROW>0.0000000000000000, 0.0000000000000000, 1.0000000000000000</ROW>
            </PROPERTY>
            <PROPERTY Class="Float" Name="Scale">1.0000000000000000</PROPERTY>
        </COMPONENT>
        <COMPONENT LinkID="102" Class="NiSceneGraphComponent" Name="Scene Graph" MasterLinkID="17" />
        <ENTITY LinkID="103" Class="NiGeneralEntity" Name="Natere_Featherpalm2001_01 13" Type="Object" UsePhysX="FALSE" PostfixTexture="" Optimization="0" AlphaGroup="1" RandomAni="TRUE" TemplateID="a0,24,17,88,d7,b6,f8,48,97,d5,7a,d0,e1,80,86,8" MasterLinkID="104">
            <COMPONENT RefLinkID="108" />
            <COMPONENT RefLinkID="109" />
            <COMPONENT RefLinkID="110" />
            <COMPONENT RefLinkID="111" />
        </ENTITY>
