<?xml version="1.0" ?>
<GSA Major="1" Minor="0" Patch="0">
    <PALETTES_DIRECTORY>
        <PALETTE_DIR IDX="0" DIRECTORY=".\..\..\01_Ingrid\01_Level\..\..\Palettes\" />
    </PALETTES_DIRECTORY>
    <PALETTES>
        <PALETTE NAME="General" DIR_IDX="0" />
        <PALETTE NAME="Block" DIR_IDX="0" />
        <PALETTE NAME="Object" DIR_IDX="0" />
        <PALETTE NAME="Effect" DIR_IDX="0" />
        <PALETTE NAME="Lavita" DIR_IDX="0" />
        <PALETTE NAME="Event" DIR_IDX="0" />
    </PALETTES>
    <OBJECTS>
        <ENTITY LinkID="0" Class="NiGeneralEntity" Name="Art_BariGate2001_01 02" Type="Object" UsePhysX="FALSE" PostfixTexture="" Optimization="0" AlphaGroup="1" RandomAni="FALSE" TemplateID="9,5f,9,88,e5,b6,3a,41,bc,c2,72,e,1,6c,c2,e7" MasterLinkID="1">
            <COMPONENT RefLinkID="5" />
            <COMPONENT RefLinkID="6" />
            <COMPONENT RefLinkID="7" />
        </ENTITY>
        <ENTITY LinkID="1" Class="NiGeneralEntity" Name="[Object]Fance.Art_BariGate2001_01" TemplateID="9,5f,9,88,e5,b6,3a,41,bc,c2,72,e,1,6c,c2,e7">
            <COMPONENT RefLinkID="2" />
            <COMPONENT RefLinkID="3" />
            <COMPONENT RefLinkID="4" />
        </ENTITY>
        <COMPONENT LinkID="2" Class="NiTransformationComponent" Name="Transformation">
            <PROPERTY Class="Point3" Name="Translation">0.0000000000000000, 0.0000000000000000, 0.0000000000000000</PROPERTY>
            <PROPERTY Class="Matrix3" Name="Rotation">
                <ROW>1.0000000000000000, 0.0000000000000000, 0.0000000000000000</ROW>
                <ROW>0.0000000000000000, 1.0000000000000000, 0.0000000000000000</ROW>
                <ROW>0.0000000000000000, 0.0000000000000000, 1.0000000000000000</ROW>
            </PROPERTY>
            <PROPERTY Class="Float" Name="Scale">1.0000000000000000</PROPERTY>
        </COMPONENT>
        <COMPONENT LinkID="3" Class="NiSceneGraphComponent" Name="Scene Graph">
            <PROPERTY Class="String" Name="NIF File Path" Asset="TRUE">.\..\..\00_Object\Fance\Art_BariGate2001_01.nif</PROPERTY>
        </COMPONENT>
        <COMPONENT LinkID="4" Class="NiGeneralComponent" Name="Hide Object" TemplateID="f6,46,16,db,61,92,23,47,b5,4a,da,2d,42,d7,85,b9">
            <PROPERTY Class="Float" Name="Alpha Value" SemanticType="Float" DisplayName="Alpha Value" Description="">0.4000000059604645</PROPERTY>
            <PROPERTY Class="Boolean" Name="Alpha Enable" SemanticType="Boolean" DisplayName="Alpha Enable" Description="">FALSE</PROPERTY>
            <PROPERTY Class="Boolean" Name="Hide Object" SemanticType="Boolean" DisplayName="Hide Object" Description="">FALSE</PROPERTY>
        </COMPONENT>
        <COMPONENT LinkID="5" Class="NiTransformationComponent" Name="Transformation">
            <PROPERTY Class="Point3" Name="Translation">-279.3653259277343700, 325.4928894042968700, 5.0389137268066406</PROPERTY>
            <PROPERTY Class="Matrix3" Name="Rotation">
                <ROW>0.7427457571029663, 0.6695737242698669, 0.0000000000000000</ROW>
                <ROW>-0.6695737242698669, 0.7427457571029663, 0.0000000000000000</ROW>
                <ROW>0.0000000000000000, 0.0000000000000000, 1.0000000000000000</ROW>
            </PROPERTY>
            <PROPERTY Class="Float" Name="Scale">1.5000000000000000</PROPERTY>
        </COMPONENT>
        <COMPONENT LinkID="6" Class="NiSceneGraphComponent" Name="Scene Graph" MasterLinkID="3" />
        <COMPONENT LinkID="7" Class="NiGeneralComponent" Name="Hide Object" TemplateID="f6,46,16,db,61,92,23,47,b5,4a,da,2d,42,d7,85,b9" MasterLinkID="4" />
        <ENTITY LinkID="8" Class="NiGeneralEntity" Name="SM_Mountain1001_02 01" Type="Object" UsePhysX="FALSE" PostfixTexture="" Optimization="0" AlphaGroup="3" RandomAni="FALSE" TemplateID="ab,9e,1f,e4,81,f9,49,4b,87,45,14,83,4b,ee,2d,71" MasterLinkID="9">
            <COMPONENT RefLinkID="13" />
            <COMPONENT RefLinkID="14" />
            <COMPONENT RefLinkID="15" />
        </ENTITY>
        <ENTITY LinkID="9" Class="NiGeneralEntity" Name="[Block]030800.SM_Mountain1001_02" TemplateID="ab,9e,1f,e4,81,f9,49,4b,87,45,14,83,4b,ee,2d,71">
            <COMPONENT RefLinkID="10" />
            <COMPONENT RefLinkID="11" />
            <COMPONENT RefLinkID="12" />
        </ENTITY>
        <COMPONENT LinkID="10" Class="NiTransformationComponent" Name="Transformation">
            <PROPERTY Class="Point3" Name="Translation">0.0000000000000000, 0.0000000000000000, 0.0000000000000000</PROPERTY>
            <PROPERTY Class="Matrix3" Name="Rotation">
                <ROW>1.0000000000000000, 0.0000000000000000, 0.0000000000000000</ROW>
                <ROW>0.0000000000000000, 1.0000000000000000, 0.0000000000000000</ROW>
                <ROW>0.0000000000000000, 0.0000000000000000, 1.0000000000000000</ROW>
            </PROPERTY>
            <PROPERTY Class="Float" Name="Scale">1.0000000000000000</PROPERTY>
        </COMPONENT>
        <COMPONENT LinkID="11" Class="NiSceneGraphComponent" Name="Scene Graph">
            <PROPERTY Class="String" Name="NIF File Path" Asset="TRUE">.\..\02_Modeling\Block\030800\SM_Mountain1001_02.nif</PROPERTY>
        </COMPONENT>
        <COMPONENT LinkID="12" Class="NiGeneralComponent" Name="Hide Object" TemplateID="f6,46,16,db,61,92,23,47,b5,4a,da,2d,42,d7,85,b9">
            <PROPERTY Class="Float" Name="Alpha Value" SemanticType="Float" DisplayName="Alpha Value" Description="">0.4000000059604645</PROPERTY>
            <PROPERTY Class="Boolean" Name="Alpha Enable" SemanticType="Boolean" DisplayName="Alpha Enable" Description="">FALSE</PROPERTY>
            <PROPERTY Class="Boolean" Name="Hide Object" SemanticType="Boolean" DisplayName="Hide Object" Description="">FALSE</PROPERTY>
        </COMPONENT>
        <COMPONENT LinkID="13" Class="NiTransformationComponent" Name="Transformation">
            <PROPERTY Class="Point3" Name="Translation">86.2585754394531250, -456.4840393066406200, -520.8496704101562500</PROPERTY>
            <PROPERTY Class="Matrix3" Name="Rotation">
                <ROW>0.8729864358901978, 0.4753101468086243, 0.1094307228922844</ROW>
                <ROW>-0.4536188840866089, 0.8736549615859985, -0.1759462356567383</ROW>
                <ROW>-0.1792337149381638, 0.1039588302373886, 0.9782984256744385</ROW>
            </PROPERTY>
            <PROPERTY Class="Float" Name="Scale">0.7824716567993164</PROPERTY>
        </COMPONENT>
        <COMPONENT LinkID="14" Class="NiSceneGraphComponent" Name="Scene Graph" MasterLinkID="11" />
        <COMPONENT LinkID="15" Class="NiGeneralComponent" Name="Hide Object" TemplateID="f6,46,16,db,61,92,23,47,b5,4a,da,2d,42,d7,85,b9" MasterLinkID="12" />
        <ENTITY LinkID="16" Class="NiGeneralEntity" Name="SM_Stairlight1001_01 15" Type="Object" UsePhysX="FALSE" PostfixTexture="" Optimization="0" AlphaGroup="3" RandomAni="FALSE" TemplateID="29,42,74,6b,15,3d,63,47,9b,5f,9b,17,ad,e2,7c,2d" MasterLinkID="17">
            <COMPONENT RefLinkID="20" />
            <COMPONENT RefLinkID="21" />
            <COMPONENT RefLinkID="22" />
        </ENTITY>
        <ENTITY LinkID="17" Class="NiGeneralEntity" Name="[Block]030800.SM_Stairlight1001_01" TemplateID="29,42,74,6b,15,3d,63,47,9b,5f,9b,17,ad,e2,7c,2d">
            <COMPONENT RefLinkID="18" />
            <COMPONENT RefLinkID="19" />
            <COMPONENT RefLinkID="12" />
        </ENTITY>
        <COMPONENT LinkID="18" Class="NiTransformationComponent" Name="Transformation">
            <PROPERTY Class="Point3" Name="Translation">0.0000000000000000, 0.0000000000000000, 0.0000000000000000</PROPERTY>
            <PROPERTY Class="Matrix3" Name="Rotation">
                <ROW>1.0000000000000000, 0.0000000000000000, 0.0000000000000000</ROW>
                <ROW>0.0000000000000000, 1.0000000000000000, 0.0000000000000000</ROW>
                <ROW>0.0000000000000000, 0.0000000000000000, 1.0000000000000000</ROW>
            </PROPERTY>
            <PROPERTY Class="Float" Name="Scale">1.0000000000000000</PROPERTY>
        </COMPONENT>
        <COMPONENT LinkID="19" Class="NiSceneGraphComponent" Name="Scene Graph">
            <PROPERTY Class="String" Name="NIF File Path" Asset="TRUE">.\..\02_Modeling\Block\030800\SM_Stairlight1001_01.nif</PROPERTY>
        </COMPONENT>
        <COMPONENT LinkID="20" Class="NiTransformationComponent" Name="Transformation">
            <PROPERTY Class="Point3" Name="Translation">-182.2785339355468800, 413.5742797851562500, 6.6168308258056641</PROPERTY>
            <PROPERTY Class="Matrix3" Name="Rotation">
                <ROW>-0.9692540764808655, -0.2460615038871765, 0.0000000000000000</ROW>
                <ROW>0.2460615038871765, -0.9692540764808655, 0.0000000000000000</ROW>
                <ROW>0.0000000000000000, 0.0000000000000000, 1.0000000000000000</ROW>
            </PROPERTY>
            <PROPERTY Class="Float" Name="Scale">1.0000000000000000</PROPERTY>
        </COMPONENT>
        <COMPONENT LinkID="21" Class="NiSceneGraphComponent" Name="Scene Graph" MasterLinkID="19" />
        <COMPONENT LinkID="22" Class="NiGeneralComponent" Name="Hide Object" TemplateID="f6,46,16,db,61,92,23,47,b5,4a,da,2d,42,d7,85,b9" MasterLinkID="12" />
        <ENTITY LinkID="23" Class="NiGeneralEntity" Name="SM_Stairlight1001_01 12_i" Type="Object" UsePhysX="FALSE" PostfixTexture="" Optimization="0" AlphaGroup="3" RandomAni="FALSE" TemplateID="29,42,74,6b,15,3d,63,47,9b,5f,9b,17,ad,e2,7c,2d" MasterLinkID="17">
            <COMPONENT RefLinkID="24" />
            <COMPONENT RefLinkID="25" />
            <COMPONENT RefLinkID="26" />
        </ENTITY>
        <COMPONENT LinkID="24" Class="NiTransformationComponent" Name="Transformation">
            <PROPERTY Class="Point3" Name="Translation">159.8796691894531200, 376.9141235351562500, 6.6120090484619141</PROPERTY>
            <PROPERTY Class="Matrix3" Name="Rotation">
                <ROW>-0.1113049685955048, -0.9937862157821655, 0.0000000000000000</ROW>
                <ROW>0.9937862157821655, -0.1113049685955048, 0.0000000000000000</ROW>
                <ROW>0.0000000000000000, 0.0000000000000000, 1.0000000000000000</ROW>
            </PROPERTY>
            <PROPERTY Class="Float" Name="Scale">1.0000000000000000</PROPERTY>
        </COMPONENT>
        <COMPONENT LinkID="25" Class="NiSceneGraphComponent" Name="Scene Graph" MasterLinkID="19" />
        <COMPONENT LinkID="26" Class="NiGeneralComponent" Name="Hide Object" TemplateID="f6,46,16,db,61,92,23,47,b5,4a,da,2d,42,d7,85,b9" MasterLinkID="12" />
        <ENTITY LinkID="27" Class="NiGeneralEntity" Name="SM_Stairlight1001_01 11_i" Type="Object" UsePhysX="FALSE" PostfixTexture="" Optimization="0" AlphaGroup="3" RandomAni="FALSE" TemplateID="29,42,74,6b,15,3d,63,47,9b,5f,9b,17,ad,e2,7c,2d" MasterLinkID="17">
            <COMPONENT RefLinkID="28" />
            <COMPONENT RefLinkID="29" />
            <COMPONENT RefLinkID="30" />
        </ENTITY>
        <COMPONENT LinkID="28" Class="NiTransformationComponent" Name="Transformation">
            <PROPERTY Class="Point3" Name="Translation">88.6902160644531250, 436.9863891601562500, 6.6134738922119141</PROPERTY>
            <PROPERTY Class="Matrix3" Name="Rotation">
                <ROW>-0.1113049685955048, -0.9937862157821655, 0.0000000000000000</ROW>
                <ROW>0.9937862157821655, -0.1113049685955048, 0.0000000000000000</ROW>
                <ROW>0.0000000000000000, 0.0000000000000000, 1.0000000000000000</ROW>
            </PROPERTY>
            <PROPERTY Class="Float" Name="Scale">1.0000000000000000</PROPERTY>
        </COMPONENT>
        <COMPONENT LinkID="29" Class="NiSceneGraphComponent" Name="Scene Graph" MasterLinkID="19" />
        <COMPONENT LinkID="30" Class="NiGeneralComponent" Name="Hide Object" TemplateID="f6,46,16,db,61,92,23,47,b5,4a,da,2d,42,d7,85,b9" MasterLinkID="12" />
        <ENTITY LinkID="31" Class="NiGeneralEntity" Name="SM_Mountain1001_05 07" Type="Object" UsePhysX="FALSE" PostfixTexture="" Optimization="0" AlphaGroup="3" RandomAni="FALSE" TemplateID="27,2,f7,ea,a3,b8,90,41,a2,1a,e7,f,62,6f,11,d" MasterLinkID="32">
            <COMPONENT RefLinkID="36" />
            <COMPONENT RefLinkID="37" />
            <COMPONENT RefLinkID="38" />
        </ENTITY>
        <ENTITY LinkID="32" Class="NiGeneralEntity" Name="[Block]030800.SM_Mountain1001_05" TemplateID="27,2,f7,ea,a3,b8,90,41,a2,1a,e7,f,62,6f,11,d">
            <COMPONENT RefLinkID="33" />
            <COMPONENT RefLinkID="34" />
            <COMPONENT RefLinkID="35" />
        </ENTITY>
        <COMPONENT LinkID="33" Class="NiTransformationComponent" Name="Transformation">
            <PROPERTY Class="Point3" Name="Translation">0.0000000000000000, 0.0000000000000000, 0.0000000000000000</PROPERTY>
            <PROPERTY Class="Matrix3" Name="Rotation">
                <ROW>1.0000000000000000, 0.0000000000000000, 0.0000000000000000</ROW>
                <ROW>0.0000000000000000, 1.0000000000000000, 0.0000000000000000</ROW>
                <ROW>0.0000000000000000, 0.0000000000000000, 1.0000000000000000</ROW>
            </PROPERTY>
            <PROPERTY Class="Float" Name="Scale">1.0000000000000000</PROPERTY>
        </COMPONENT>
        <COMPONENT LinkID="34" Class="NiSceneGraphComponent" Name="Scene Graph">
            <PROPERTY Class="String" Name="NIF File Path" Asset="TRUE">.\..\02_Modeling\Block\030800\SM_Mountain1001_05.nif</PROPERTY>
        </COMPONENT>
        <COMPONENT LinkID="35" Class="NiGeneralComponent" Name="Hide Object" TemplateID="f6,46,16,db,61,92,23,47,b5,4a,da,2d,42,d7,85,b9">
            <PROPERTY Class="Float" Name="Alpha Value" SemanticType="Float" DisplayName="Alpha Value" Description="">0.4000000059604645</PROPERTY>
            <PROPERTY Class="Boolean" Name="Alpha Enable" SemanticType="Boolean" DisplayName="Alpha Enable" Description="">FALSE</PROPERTY>
            <PROPERTY Class="Boolean" Name="Hide Object" SemanticType="Boolean" DisplayName="Hide Object" Description="">FALSE</PROPERTY>
        </COMPONENT>
        <COMPONENT LinkID="36" Class="NiTransformationComponent" Name="Transformation">
            <PROPERTY Class="Point3" Name="Translation">33.4324035644531250, -501.4872741699218700, -410.2815856933593700</PROPERTY>
            <PROPERTY Class="Matrix3" Name="Rotation">
                <ROW>0.9915738105773926, 0.1033512502908707, -0.0781001374125481</ROW>
                <ROW>-0.1040720045566559, 0.9945561885833740, -0.0052038533613086</ROW>
                <ROW>0.0771371498703957, 0.0132880453020334, 0.9969319105148315</ROW>
            </PROPERTY>
            <PROPERTY Class="Float" Name="Scale">0.5813294649124146</PROPERTY>
        </COMPONENT>
        <COMPONENT LinkID="37" Class="NiSceneGraphComponent" Name="Scene Graph" MasterLinkID="34" />
        <COMPONENT LinkID="38" Class="NiGeneralComponent" Name="Hide Object" TemplateID="f6,46,16,db,61,92,23,47,b5,4a,da,2d,42,d7,85,b9" MasterLinkID="35" />
        <ENTITY LinkID="39" Class="NiGeneralEntity" Name="mon_Right_9" Type="Trigger" UsePhysX="TRUE" PostfixTexture="" Optimization="0" AlphaGroup="0" RandomAni="TRUE" TemplateID="89,8e,a0,2e,75,8c,ab,4c,a3,2b,b9,2c,85,90,bf,34" MasterLinkID="40">
            <COMPONENT RefLinkID="43" />
            <COMPONENT RefLinkID="44" />
        </ENTITY>
        <ENTITY LinkID="40" Class="NiGeneralEntity" Name="[General]Object.box_non_center" TemplateID="89,8e,a0,2e,75,8c,ab,4c,a3,2b,b9,2c,85,90,bf,34">
            <COMPONENT RefLinkID="41" />
            <COMPONENT RefLinkID="42" />
        </ENTITY>
        <COMPONENT LinkID="41" Class="NiTransformationComponent" Name="Transformation">
            <PROPERTY Class="Point3" Name="Translation">0.0000000000000000, 0.0000000000000000, 0.0000000000000000</PROPERTY>
            <PROPERTY Class="Matrix3" Name="Rotation">
                <ROW>1.0000000000000000, 0.0000000000000000, 0.0000000000000000</ROW>
                <ROW>0.0000000000000000, 1.0000000000000000, 0.0000000000000000</ROW>
                <ROW>0.0000000000000000, 0.0000000000000000, 1.0000000000000000</ROW>
            </PROPERTY>
            <PROPERTY Class="Float" Name="Scale">1.0000000000000000</PROPERTY>
        </COMPONENT>
        <COMPONENT LinkID="42" Class="NiSceneGraphComponent" Name="Scene Graph">
            <PROPERTY Class="String" Name="NIF File Path" Asset="TRUE">.\..\..\Palettes\box_non_center.nif</PROPERTY>
        </COMPONENT>
        <COMPONENT LinkID="43" Class="NiTransformationComponent" Name="Transformation">
            <PROPERTY Class="Point3" Name="Translation">693.6228027343750000, 135.4290771484375000, 37.3658027648925780</PROPERTY>
            <PROPERTY Class="Matrix3" Name="Rotation">
                <ROW>1.0000000000000000, 0.0000000000000000, 0.0000000000000000</ROW>
                <ROW>0.0000000000000000, 1.0000000000000000, 0.0000000000000000</ROW>
                <ROW>0.0000000000000000, 0.0000000000000000, 1.0000000000000000</ROW>
            </PROPERTY>
            <PROPERTY Class="Float" Name="Scale">1.0000000000000000</PROPERTY>
        </COMPONENT>
        <COMPONENT LinkID="44" Class="NiSceneGraphComponent" Name="Scene Graph" MasterLinkID="42" />
        <ENTITY LinkID="45" Class="NiGeneralEntity" Name="Camera 01" Type="MainCamera" UsePhysX="TRUE" PostfixTexture="" Optimization="Low" AlphaGroup="0" RandomAni="TRUE" TemplateID="31,e4,f1,ae,7f,4f,58,4e,87,63,e3,36,31,5c,49,3a" Hidden="TRUE" MasterLinkID="46">
            <COMPONENT RefLinkID="49" />
            <COMPONENT RefLinkID="50" />
        </ENTITY>
        <ENTITY LinkID="46" Class="NiGeneralEntity" Name="[General]Cameras.Camera" TemplateID="31,e4,f1,ae,7f,4f,58,4e,87,63,e3,36,31,5c,49,3a">
            <COMPONENT RefLinkID="47" />
            <COMPONENT RefLinkID="48" />
        </ENTITY>
        <COMPONENT LinkID="47" Class="NiTransformationComponent" Name="Transformation">
            <PROPERTY Class="Point3" Name="Translation">0.0000000000000000, 0.0000000000000000, 0.0000000000000000</PROPERTY>
            <PROPERTY Class="Matrix3" Name="Rotation">
                <ROW>1.0000000000000000, 0.0000000000000000, 0.0000000000000000</ROW>
                <ROW>0.0000000000000000, 1.0000000000000000, 0.0000000000000000</ROW>
                <ROW>0.0000000000000000, 0.0000000000000000, 1.0000000000000000</ROW>
            </PROPERTY>
            <PROPERTY Class="Float" Name="Scale">1.0000000000000000</PROPERTY>
        </COMPONENT>
        <COMPONENT LinkID="48" Class="NiCameraComponent" Name="Camera">
            <PROPERTY Class="Float" Name="Field of View">90.0000000000000000</PROPERTY>
            <PROPERTY Class="Float" Name="Aspect Ratio">1.3333300352096558</PROPERTY>
            <PROPERTY Class="Float" Name="Near Clipping Plane">1.0000000000000000</PROPERTY>
            <PROPERTY Class="Float" Name="Far Clipping Plane">10000.0000000000000000</PROPERTY>
            <PROPERTY Class="Boolean" Name="Orthographic">FALSE</PROPERTY>
        </COMPONENT>
        <COMPONENT LinkID="49" Class="NiTransformationComponent" Name="Transformation">
            <PROPERTY Class="Point3" Name="Translation">-1865.1965332031250000, -2188.6945800781250000, 395.1997985839843700</PROPERTY>
            <PROPERTY Class="Matrix3" Name="Rotation">
                <ROW>0.0264081433415413, 0.0111133046448231, 0.9995894432067871</ROW>
                <ROW>0.9213308095932007, 0.3877223134040833, -0.0286512747406960</ROW>
                <ROW>-0.3878815472126007, 0.9217091798782349, 0.0000000000000000</ROW>
            </PROPERTY>
            <PROPERTY Class="Float" Name="Scale">1.0000000000000000</PROPERTY>
        </COMPONENT>
        <COMPONENT LinkID="50" Class="NiCameraComponent" Name="Camera">
            <PROPERTY Class="Float" Name="Field of View">90.0000000000000000</PROPERTY>
            <PROPERTY Class="Float" Name="Aspect Ratio">1.3333300352096558</PROPERTY>
            <PROPERTY Class="Float" Name="Near Clipping Plane">1.0000000000000000</PROPERTY>
            <PROPERTY Class="Float" Name="Far Clipping Plane">10000.0000000000000000</PROPERTY>
            <PROPERTY Class="Boolean" Name="Orthographic">FALSE</PROPERTY>
        </COMPONENT>
        <ENTITY LinkID="51" Class="NiGeneralEntity" Name="SM_Mountain1001_05 06" Type="Object" UsePhysX="FALSE" PostfixTexture="" Optimization="0" AlphaGroup="3" RandomAni="FALSE" TemplateID="27,2,f7,ea,a3,b8,90,41,a2,1a,e7,f,62,6f,11,d" MasterLinkID="32">
            <COMPONENT RefLinkID="52" />
            <COMPONENT RefLinkID="53" />
            <COMPONENT RefLinkID="54" />
        </ENTITY>
        <COMPONENT LinkID="52" Class="NiTransformationComponent" Name="Transformation">
            <PROPERTY Class="Point3" Name="Translation">-695.2854003906250000, 1063.1002197265625000, 44.8772048950195310</PROPERTY>
            <PROPERTY Class="Matrix3" Name="Rotation">
                <ROW>-0.9315866827964783, 0.3572317063808441, 0.0673195645213127</ROW>
                <ROW>-0.3552410900592804, -0.9339212775230408, 0.0399347990751266</ROW>
                <ROW>0.0771371498703957, 0.0132880453020334, 0.9969319105148315</ROW>
            </PROPERTY>
            <PROPERTY Class="Float" Name="Scale">0.6767370700836182</PROPERTY>
        </COMPONENT>
        <COMPONENT LinkID="53" Class="NiSceneGraphComponent" Name="Scene Graph" MasterLinkID="34" />
        <COMPONENT LinkID="54" Class="NiGeneralComponent" Name="Hide Object" TemplateID="f6,46,16,db,61,92,23,47,b5,4a,da,2d,42,d7,85,b9" MasterLinkID="35" />
        <ENTITY LinkID="55" Class="NiGeneralEntity" Name="mon_Right_8" Type="Trigger" UsePhysX="TRUE" PostfixTexture="" Optimization="0" AlphaGroup="0" RandomAni="TRUE" TemplateID="89,8e,a0,2e,75,8c,ab,4c,a3,2b,b9,2c,85,90,bf,34" MasterLinkID="40">
            <COMPONENT RefLinkID="56" />
            <COMPONENT RefLinkID="57" />
        </ENTITY>
        <COMPONENT LinkID="56" Class="NiTransformationComponent" Name="Transformation">
            <PROPERTY Class="Point3" Name="Translation">692.1872558593750000, -38.6451416015625000, 37.3652534484863280</PROPERTY>
            <PROPERTY Class="Matrix3" Name="Rotation">
                <ROW>1.0000000000000000, 0.0000000000000000, 0.0000000000000000</ROW>
                <ROW>0.0000000000000000, 1.0000000000000000, 0.0000000000000000</ROW>
                <ROW>0.0000000000000000, 0.0000000000000000, 1.0000000000000000</ROW>
            </PROPERTY>
            <PROPERTY Class="Float" Name="Scale">1.0000000000000000</PROPERTY>
        </COMPONENT>
        <COMPONENT LinkID="57" Class="NiSceneGraphComponent" Name="Scene Graph" MasterLinkID="42" />
        <ENTITY LinkID="58" Class="NiGeneralEntity" Name="SM_Mountain1001_05 20" Type="Object" UsePhysX="FALSE" PostfixTexture="" Optimization="0" AlphaGroup="3" RandomAni="FALSE" TemplateID="27,2,f7,ea,a3,b8,90,41,a2,1a,e7,f,62,6f,11,d" MasterLinkID="32">
            <COMPONENT RefLinkID="59" />
            <COMPONENT RefLinkID="60" />
            <COMPONENT RefLinkID="61" />
        </ENTITY>
        <COMPONENT LinkID="59" Class="NiTransformationComponent" Name="Transformation">
            <PROPERTY Class="Point3" Name="Translation">918.7538452148437500, -386.8152160644531200, -581.3173828125000000</PROPERTY>
            <PROPERTY Class="Matrix3" Name="Rotation">
                <ROW>0.9163144826889038, -0.3950442671775818, -0.0656338930130005</ROW>
                <ROW>0.3929600119590759, 0.9185660481452942, -0.0426486134529114</ROW>
                <ROW>0.0771371498703957, 0.0132880453020334, 0.9969319105148315</ROW>
            </PROPERTY>
            <PROPERTY Class="Float" Name="Scale">0.6767370700836182</PROPERTY>
        </COMPONENT>
        <COMPONENT LinkID="60" Class="NiSceneGraphComponent" Name="Scene Graph" MasterLinkID="34" />
        <COMPONENT LinkID="61" Class="NiGeneralComponent" Name="Hide Object" TemplateID="f6,46,16,db,61,92,23,47,b5,4a,da,2d,42,d7,85,b9" MasterLinkID="35" />
        <ENTITY LinkID="62" Class="NiGeneralEntity" Name="SM_Stair1001_01 12" Type="Object" UsePhysX="TRUE" PostfixTexture="" Optimization="0" AlphaGroup="3" RandomAni="FALSE" TemplateID="eb,78,a8,2b,f7,22,ef,4c,9b,4c,1d,c7,f4,f2,e4,e0" MasterLinkID="63">
            <COMPONENT RefLinkID="66" />
            <COMPONENT RefLinkID="67" />
            <COMPONENT RefLinkID="68" />
        </ENTITY>
        <ENTITY LinkID="63" Class="NiGeneralEntity" Name="[Block]030800.SM_Stair1001_01" TemplateID="eb,78,a8,2b,f7,22,ef,4c,9b,4c,1d,c7,f4,f2,e4,e0">
            <COMPONENT RefLinkID="64" />
            <COMPONENT RefLinkID="65" />
            <COMPONENT RefLinkID="12" />
        </ENTITY>
        <COMPONENT LinkID="64" Class="NiTransformationComponent" Name="Transformation">
            <PROPERTY Class="Point3" Name="Translation">0.0000000000000000, 0.0000000000000000, 0.0000000000000000</PROPERTY>
            <PROPERTY Class="Matrix3" Name="Rotation">
                <ROW>1.0000000000000000, 0.0000000000000000, 0.0000000000000000</ROW>
                <ROW>0.0000000000000000, 1.0000000000000000, 0.0000000000000000</ROW>
                <ROW>0.0000000000000000, 0.0000000000000000, 1.0000000000000000</ROW>
            </PROPERTY>
            <PROPERTY Class="Float" Name="Scale">1.0000000000000000</PROPERTY>
        </COMPONENT>
        <COMPONENT LinkID="65" Class="NiSceneGraphComponent" Name="Scene Graph">
            <PROPERTY Class="String" Name="NIF File Path" Asset="TRUE">.\..\02_Modeling\Block\030800\SM_Stair1001_01.nif</PROPERTY>
        </COMPONENT>
        <COMPONENT LinkID="66" Class="NiTransformationComponent" Name="Transformation">
            <PROPERTY Class="Point3" Name="Translation">424.0984191894531200, 668.6534423828125000, 109.3095245361328100</PROPERTY>
            <PROPERTY Class="Matrix3" Name="Rotation">
                <ROW>0.7683640718460083, 0.6400130987167358, 0.0000000000000000</ROW>
                <ROW>-0.6400130987167358, 0.7683640718460083, 0.0000000000000000</ROW>
                <ROW>0.0000000000000000, 0.0000000000000000, 1.0000000000000000</ROW>
            </PROPERTY>
            <PROPERTY Class="Float" Name="Scale">1.0000000000000000</PROPERTY>
        </COMPONENT>
        <COMPONENT LinkID="67" Class="NiSceneGraphComponent" Name="Scene Graph" MasterLinkID="65" />
        <COMPONENT LinkID="68" Class="NiGeneralComponent" Name="Hide Object" TemplateID="f6,46,16,db,61,92,23,47,b5,4a,da,2d,42,d7,85,b9" MasterLinkID="12" />
        <ENTITY LinkID="69" Class="NiGeneralEntity" Name="SM_Stair1001_01 11" Type="Object" UsePhysX="TRUE" PostfixTexture="" Optimization="0" AlphaGroup="3" RandomAni="FALSE" TemplateID="eb,78,a8,2b,f7,22,ef,4c,9b,4c,1d,c7,f4,f2,e4,e0" MasterLinkID="63">
            <COMPONENT RefLinkID="70" />
            <COMPONENT RefLinkID="71" />
            <COMPONENT RefLinkID="72" />
        </ENTITY>
        <COMPONENT LinkID="70" Class="NiTransformationComponent" Name="Transformation">
            <PROPERTY Class="Point3" Name="Translation">-175.7804870605468700, 491.6846313476562500, 1.8779997825622559</PROPERTY>
            <PROPERTY Class="Matrix3" Name="Rotation">
                <ROW>0.8697354793548584, -0.4935181736946106, 0.0000000000000000</ROW>
                <ROW>0.4935181736946106, 0.8697354793548584, 0.0000000000000000</ROW>
                <ROW>0.0000000000000000, 0.0000000000000000, 1.0000000000000000</ROW>
            </PROPERTY>
            <PROPERTY Class="Float" Name="Scale">1.0000000000000000</PROPERTY>
        </COMPONENT>
        <COMPONENT LinkID="71" Class="NiSceneGraphComponent" Name="Scene Graph" MasterLinkID="65" />
        <COMPONENT LinkID="72" Class="NiGeneralComponent" Name="Hide Object" TemplateID="f6,46,16,db,61,92,23,47,b5,4a,da,2d,42,d7,85,b9" MasterLinkID="12" />
        <ENTITY LinkID="73" Class="NiGeneralEntity" Name="SM_Mountain1001_05 05" Type="Object" UsePhysX="FALSE" PostfixTexture="" Optimization="0" AlphaGroup="3" RandomAni="FALSE" TemplateID="27,2,f7,ea,a3,b8,90,41,a2,1a,e7,f,62,6f,11,d" MasterLinkID="32">
            <COMPONENT RefLinkID="74" />
            <COMPONENT RefLinkID="75" />
            <COMPONENT RefLinkID="76" />
        </ENTITY>
        <COMPONENT LinkID="74" Class="NiTransformationComponent" Name="Transformation">
            <PROPERTY Class="Point3" Name="Translation">-373.8254089355468700, 1250.1363525390625000, -154.1594848632812500</PROPERTY>
            <PROPERTY Class="Matrix3" Name="Rotation">
                <ROW>-0.9682502746582031, 0.2394721060991287, 0.0717260092496872</ROW>
                <ROW>-0.2377842217683792, -0.9708123803138733, 0.0313383489847183</ROW>
                <ROW>0.0771371498703957, 0.0132880453020334, 0.9969319105148315</ROW>
            </PROPERTY>
            <PROPERTY Class="Float" Name="Scale">0.6767370700836182</PROPERTY>
        </COMPONENT>
        <COMPONENT LinkID="75" Class="NiSceneGraphComponent" Name="Scene Graph" MasterLinkID="34" />
        <COMPONENT LinkID="76" Class="NiGeneralComponent" Name="Hide Object" TemplateID="f6,46,16,db,61,92,23,47,b5,4a,da,2d,42,d7,85,b9" MasterLinkID="35" />
        <ENTITY LinkID="77" Class="NiGeneralEntity" Name="SM_Stair1001_01 09_i" Type="Object" UsePhysX="TRUE" PostfixTexture="" Optimization="0" AlphaGroup="3" RandomAni="FALSE" TemplateID="eb,78,a8,2b,f7,22,ef,4c,9b,4c,1d,c7,f4,f2,e4,e0" MasterLinkID="63">
            <COMPONENT RefLinkID="78" />
            <COMPONENT RefLinkID="79" />
            <COMPONENT RefLinkID="80" />
        </ENTITY>
        <COMPONENT LinkID="78" Class="NiTransformationComponent" Name="Transformation">
            <PROPERTY Class="Point3" Name="Translation">164.0788879394531200, 458.4336547851562500, 1.8746428489685059</PROPERTY>
            <PROPERTY Class="Matrix3" Name="Rotation">
                <ROW>0.7683640718460083, 0.6400130987167358, 0.0000000000000000</ROW>
                <ROW>-0.6400130987167358, 0.7683640718460083, 0.0000000000000000</ROW>
                <ROW>0.0000000000000000, 0.0000000000000000, 1.0000000000000000</ROW>
            </PROPERTY>
            <PROPERTY Class="Float" Name="Scale">1.0000000000000000</PROPERTY>
        </COMPONENT>
        <COMPONENT LinkID="79" Class="NiSceneGraphComponent" Name="Scene Graph" MasterLinkID="65" />
        <COMPONENT LinkID="80" Class="NiGeneralComponent" Name="Hide Object" TemplateID="f6,46,16,db,61,92,23,47,b5,4a,da,2d,42,d7,85,b9" MasterLinkID="12" />
        <ENTITY LinkID="81" Class="NiGeneralEntity" Name="mon_Right_7" Type="Trigger" UsePhysX="TRUE" PostfixTexture="" Optimization="0" AlphaGroup="0" RandomAni="TRUE" TemplateID="89,8e,a0,2e,75,8c,ab,4c,a3,2b,b9,2c,85,90,bf,34" MasterLinkID="40">
            <COMPONENT RefLinkID="82" />
            <COMPONENT RefLinkID="83" />
        </ENTITY>
        <COMPONENT LinkID="82" Class="NiTransformationComponent" Name="Transformation">
            <PROPERTY Class="Point3" Name="Translation">692.7351074218750000, 43.8031005859375000, 37.3658027648925780</PROPERTY>
            <PROPERTY Class="Matrix3" Name="Rotation">
                <ROW>1.0000000000000000, 0.0000000000000000, 0.0000000000000000</ROW>
                <ROW>0.0000000000000000, 1.0000000000000000, 0.0000000000000000</ROW>
                <ROW>0.0000000000000000, 0.0000000000000000, 1.0000000000000000</ROW>
            </PROPERTY>
            <PROPERTY Class="Float" Name="Scale">1.0000000000000000</PROPERTY>
        </COMPONENT>
        <COMPONENT LinkID="83" Class="NiSceneGraphComponent" Name="Scene Graph" MasterLinkID="42" />
        <ENTITY LinkID="84" Class="NiGeneralEntity" Name="SM_Mountain1001_05 02" Type="Object" UsePhysX="FALSE" PostfixTexture="" Optimization="0" AlphaGroup="3" RandomAni="FALSE" TemplateID="27,2,f7,ea,a3,b8,90,41,a2,1a,e7,f,62,6f,11,d" MasterLinkID="32">
            <COMPONENT RefLinkID="85" />
            <COMPONENT RefLinkID="86" />
            <COMPONENT RefLinkID="87" />
        </ENTITY>
        <COMPONENT LinkID="85" Class="NiTransformationComponent" Name="Transformation">
            <PROPERTY Class="Point3" Name="Translation">83.5388488769531250, -485.8890991210937500, -553.4502563476562500</PROPERTY>
            <PROPERTY Class="Matrix3" Name="Rotation">
                <ROW>-0.9341709613800049, -0.3164446055889130, 0.1648859083652496</ROW>
                <ROW>0.2441659271717072, -0.9038565158843994, -0.3513208925724030</ROW>
                <ROW>0.2602068483829498, -0.2879342436790466, 0.9216214418411255</ROW>
            </PROPERTY>
            <PROPERTY Class="Float" Name="Scale">0.6767370700836182</PROPERTY>
        </COMPONENT>
        <COMPONENT LinkID="86" Class="NiSceneGraphComponent" Name="Scene Graph" MasterLinkID="34" />
        <COMPONENT LinkID="87" Class="NiGeneralComponent" Name="Hide Object" TemplateID="f6,46,16,db,61,92,23,47,b5,4a,da,2d,42,d7,85,b9" MasterLinkID="35" />
        <ENTITY LinkID="88" Class="NiGeneralEntity" Name="SM_Mountain1001_05 16_i" Type="Object" UsePhysX="FALSE" PostfixTexture="" Optimization="0" AlphaGroup="3" RandomAni="FALSE" TemplateID="27,2,f7,ea,a3,b8,90,41,a2,1a,e7,f,62,6f,11,d" MasterLinkID="32">
            <COMPONENT RefLinkID="89" />
            <COMPONENT RefLinkID="90" />
            <COMPONENT RefLinkID="91" />
        </ENTITY>
        <COMPONENT LinkID="89" Class="NiTransformationComponent" Name="Transformation">
            <PROPERTY Class="Point3" Name="Translation">2010.7507324218750000, -244.7509155273437500, -500.0556335449218800</PROPERTY>
            <PROPERTY Class="Matrix3" Name="Rotation">
                <ROW>-0.8830642700195313, -0.4633000493049622, 0.0745019912719727</ROW>
                <ROW>0.4628685712814331, -0.8861018419265747, -0.0240034442394972</ROW>
                <ROW>0.0771371498703957, 0.0132880453020334, 0.9969319105148315</ROW>
            </PROPERTY>
            <PROPERTY Class="Float" Name="Scale">0.9569230675697327</PROPERTY>
        </COMPONENT>
        <COMPONENT LinkID="90" Class="NiSceneGraphComponent" Name="Scene Graph" MasterLinkID="34" />
        <COMPONENT LinkID="91" Class="NiGeneralComponent" Name="Hide Object" TemplateID="f6,46,16,db,61,92,23,47,b5,4a,da,2d,42,d7,85,b9" MasterLinkID="35" />
        <ENTITY LinkID="92" Class="NiGeneralEntity" Name="mon_Right_6" Type="Trigger" UsePhysX="TRUE" PostfixTexture="" Optimization="0" AlphaGroup="0" RandomAni="TRUE" TemplateID="89,8e,a0,2e,75,8c,ab,4c,a3,2b,b9,2c,85,90,bf,34" MasterLinkID="40">
            <COMPONENT RefLinkID="93" />
            <COMPONENT RefLinkID="94" />
        </ENTITY>
        <COMPONENT LinkID="93" Class="NiTransformationComponent" Name="Transformation">
            <PROPERTY Class="Point3" Name="Translation">693.4645996093750000, 94.0069580078125000, 37.3658027648925780</PROPERTY>
            <PROPERTY Class="Matrix3" Name="Rotation">
                <ROW>1.0000000000000000, 0.0000000000000000, 0.0000000000000000</ROW>
                <ROW>0.0000000000000000, 1.0000000000000000, 0.0000000000000000</ROW>
                <ROW>0.0000000000000000, 0.0000000000000000, 1.0000000000000000</ROW>
            </PROPERTY>
            <PROPERTY Class="Float" Name="Scale">1.0000000000000000</PROPERTY>
        </COMPONENT>
        <COMPONENT LinkID="94" Class="NiSceneGraphComponent" Name="Scene Graph" MasterLinkID="42" />
        <ENTITY LinkID="95" Class="NiGeneralEntity" Name="SM_Mountain1001_03 28" Type="Object" UsePhysX="FALSE" PostfixTexture="" Optimization="0" AlphaGroup="3" RandomAni="FALSE" TemplateID="46,6e,7,69,11,24,8e,4d,9d,c8,63,60,f5,d6,ea,d8" MasterLinkID="96">
            <COMPONENT RefLinkID="99" />
            <COMPONENT RefLinkID="100" />
            <COMPONENT RefLinkID="101" />
        </ENTITY>
        <ENTITY LinkID="96" Class="NiGeneralEntity" Name="[Block]030800.SM_Mountain1001_03" TemplateID="46,6e,7,69,11,24,8e,4d,9d,c8,63,60,f5,d6,ea,d8">
            <COMPONENT RefLinkID="97" />
            <COMPONENT RefLinkID="98" />
            <COMPONENT RefLinkID="35" />
        </ENTITY>
        <COMPONENT LinkID="97" Class="NiTransformationComponent" Name="Transformation">
            <PROPERTY Class="Point3" Name="Translation">0.0000000000000000, 0.0000000000000000, 0.0000000000000000</PROPERTY>
            <PROPERTY Class="Matrix3" Name="Rotation">
                <ROW>1.0000000000000000, 0.0000000000000000, 0.0000000000000000</ROW>
                <ROW>0.0000000000000000, 1.0000000000000000, 0.0000000000000000</ROW>
                <ROW>0.0000000000000000, 0.0000000000000000, 1.0000000000000000</ROW>
            </PROPERTY>
            <PROPERTY Class="Float" Name="Scale">1.0000000000000000</PROPERTY>
        </COMPONENT>
        <COMPONENT LinkID="98" Class="NiSceneGraphComponent" Name="Scene Graph">
            <PROPERTY Class="String" Name="NIF File Path" Asset="TRUE">.\..\02_Modeling\Block\030800\SM_Mountain1001_03.nif</PROPERTY>
        </COMPONENT>
        <COMPONENT LinkID="99" Class="NiTransformationComponent" Name="Transformation">
            <PROPERTY Class="Point3" Name="Translation">-1835.9152832031250000, 1189.4561767578125000, 89.3800811767578120</PROPERTY>
            <PROPERTY Class="Matrix3" Name="Rotation">
                <ROW>0.9112333059310913, -0.4118908047676086, 0.0000000000000000</ROW>
                <ROW>0.4118908047676086, 0.9112333059310913, 0.0000000000000000</ROW>
                <ROW>0.0000000000000000, 0.0000000000000000, 1.0000000000000000</ROW>
            </PROPERTY>
            <PROPERTY Class="Float" Name="Scale">0.9388217329978943</PROPERTY>
        </COMPONENT>
        <COMPONENT LinkID="100" Class="NiSceneGraphComponent" Name="Scene Graph" MasterLinkID="98" />
        <COMPONENT LinkID="101" Class="NiGeneralComponent" Name="Hide Object" TemplateID="f6,46,16,db,61,92,23,47,b5,4a,da,2d,42,d7,85,b9" MasterLinkID="35" />
        <ENTITY LinkID="102" Class="NiGeneralEntity" Name="SM_Stairlight1001_01 17" Type="Object" UsePhysX="FALSE" PostfixTexture="" Optimization="0" AlphaGroup="3" RandomAni="FALSE" TemplateID="29,42,74,6b,15,3d,63,47,9b,5f,9b,17,ad,e2,7c,2d" MasterLinkID="17">
            <COMPONENT RefLinkID="103" />
            <COMPONENT RefLinkID="104" />
            <COMPONENT RefLinkID="105" />
        </ENTITY>
        <COMPONENT LinkID="103" Class="NiTransformationComponent" Name="Transformation">
            <PROPERTY Class="Point3" Name="Translation">419.8992004394531200, 587.1339111328125000, 114.0468902587890600</PROPERTY>
            <PROPERTY Class="Matrix3" Name="Rotation">
                <ROW>-0.1113049685955048, -0.9937862157821655, 0.0000000000000000</ROW>
                <ROW>0.9937862157821655, -0.1113049685955048, 0.0000000000000000</ROW>
                <ROW>0.0000000000000000, 0.0000000000000000, 1.0000000000000000</ROW>
            </PROPERTY>
            <PROPERTY Class="Float" Name="Scale">1.0000000000000000</PROPERTY>
        </COMPONENT>
        <COMPONENT LinkID="104" Class="NiSceneGraphComponent" Name="Scene Graph" MasterLinkID="19" />
        <COMPONENT LinkID="105" Class="NiGeneralComponent" Name="Hide Object" TemplateID="f6,46,16,db,61,92,23,47,b5,4a,da,2d,42,d7,85,b9" MasterLinkID="12" />
        <ENTITY LinkID="106" Class="NiGeneralEntity" Name="mon_Right_5" Type="Trigger" UsePhysX="TRUE" PostfixTexture="" Optimization="0" AlphaGroup="0" RandomAni="TRUE" TemplateID="89,8e,a0,2e,75,8c,ab,4c,a3,2b,b9,2c,85,90,bf,34" MasterLinkID="40">
            <COMPONENT RefLinkID="107" />
            <COMPONENT RefLinkID="108" />
        </ENTITY>
        <COMPONENT LinkID="107" Class="NiTransformationComponent" Name="Transformation">
            <PROPERTY Class="Point3" Name="Translation">782.0407714843750000, -37.7056884765625000, 37.3663520812988280</PROPERTY>
            <PROPERTY Class="Matrix3" Name="Rotation">
                <ROW>1.0000000000000000, 0.0000000000000000, 0.0000000000000000</ROW>
                <ROW>0.0000000000000000, 1.0000000000000000, 0.0000000000000000</ROW>
                <ROW>0.0000000000000000, 0.0000000000000000, 1.0000000000000000</ROW>
            </PROPERTY>
            <PROPERTY Class="Float" Name="Scale">1.0000000000000000</PROPERTY>
