<?xml version="1.0" ?>
<GSA Major="1" Minor="0" Patch="0">
    <PALETTES_DIRECTORY>
        <PALETTE_DIR IDX="0" DIRECTORY=".\..\..\..\..\..\ToolBin\SceneDesigner\Release\Data\" />
        <PALETTE_DIR IDX="1" DIRECTORY=".\..\..\Palettes\" />
    </PALETTES_DIRECTORY>
    <PALETTES>
        <PALETTE NAME="Default" DIR_IDX="0" />
        <PALETTE NAME="General" DIR_IDX="1" />
        <PALETTE NAME="Block" DIR_IDX="1" />
        <PALETTE NAME="Object" DIR_IDX="1" />
        <PALETTE NAME="Effect" DIR_IDX="1" />
    </PALETTES>
    <OBJECTS>
        <ENTITY LinkID="0" Class="NiGeneralEntity" Name="Art_BeachBox3001_01 10" Type="Object" UsePhysX="TRUE" PostfixTexture="" Optimization="2" AlphaGroup="1" RandomAni="TRUE" TemplateID="30,33,51,68,40,62,7e,4a,b0,2c,e0,ca,9c,67,ba,f0" MasterLinkID="1">
            <COMPONENT RefLinkID="5" />
            <COMPONENT RefLinkID="6" />
            <COMPONENT RefLinkID="7" />
        </ENTITY>
        <ENTITY LinkID="1" Class="NiGeneralEntity" Name="[Object]Box.Art_BeachBox3001_01" TemplateID="30,33,51,68,40,62,7e,4a,b0,2c,e0,ca,9c,67,ba,f0">
            <COMPONENT RefLinkID="2" />
            <COMPONENT RefLinkID="3" />
            <COMPONENT RefLinkID="4" />
        </ENTITY>
        <COMPONENT LinkID="2" Class="NiTransformationComponent" Name="Transformation">
            <PROPERTY Class="Point3" Name="Translation">0.0000000000000000, 0.0000000000000000, 0.0000000000000000</PROPERTY>
            <PROPERTY Class="Matrix3" Name="Rotation">
                <ROW>1.0000000000000000, 0.0000000000000000, 0.0000000000000000</ROW>
                <ROW>0.0000000000000000, 1.0000000000000000, 0.0000000000000000</ROW>
                <ROW>0.0000000000000000, 0.0000000000000000, 1.0000000000000000</ROW>
            </PROPERTY>
            <PROPERTY Class="Float" Name="Scale">1.0000000000000000</PROPERTY>
        </COMPONENT>
        <COMPONENT LinkID="3" Class="NiSceneGraphComponent" Name="Scene Graph">
            <PROPERTY Class="String" Name="NIF File Path" Asset="TRUE">.\..\..\00_Object\Box\Art_BeachBox3001_01.nif</PROPERTY>
        </COMPONENT>
        <COMPONENT LinkID="4" Class="NiGeneralComponent" Name="Hide Object" TemplateID="f6,46,16,db,61,92,23,47,b5,4a,da,2d,42,d7,85,b9">
            <PROPERTY Class="Float" Name="Alpha Value" SemanticType="Float" DisplayName="Alpha Value" Description="">0.4000000059604645</PROPERTY>
            <PROPERTY Class="Boolean" Name="Alpha Enable" SemanticType="Boolean" DisplayName="Alpha Enable" Description="">FALSE</PROPERTY>
            <PROPERTY Class="Boolean" Name="Hide Object" SemanticType="Boolean" DisplayName="Hide Object" Description="">FALSE</PROPERTY>
        </COMPONENT>
        <COMPONENT LinkID="5" Class="NiTransformationComponent" Name="Transformation">
            <PROPERTY Class="Point3" Name="Translation">-20955.0625000000000000, -2347.8144531250000000, 260.5685729980468700</PROPERTY>
            <PROPERTY Class="Matrix3" Name="Rotation">
                <ROW>-0.8036532998085022, -0.5950978398323059, 0.0000000000000000</ROW>
                <ROW>0.5950978398323059, -0.8036532998085022, 0.0000000000000000</ROW>
                <ROW>0.0000000000000000, 0.0000000000000000, 1.0000000000000000</ROW>
            </PROPERTY>
            <PROPERTY Class="Float" Name="Scale">1.0000000000000000</PROPERTY>
        </COMPONENT>
        <COMPONENT LinkID="6" Class="NiSceneGraphComponent" Name="Scene Graph" MasterLinkID="3" />
        <COMPONENT LinkID="7" Class="NiGeneralComponent" Name="Hide Object" TemplateID="f6,46,16,db,61,92,23,47,b5,4a,da,2d,42,d7,85,b9" MasterLinkID="4" />
        <ENTITY LinkID="8" Class="NiGeneralEntity" Name="IN_BSR_I_B_BA_Water_06 01" Type="Object" UsePhysX="TRUE" PostfixTexture="" Optimization="0" AlphaGroup="3" RandomAni="FALSE" TemplateID="b7,b,5f,16,e,36,2,49,80,78,c0,fa,ea,17,53,2d" MasterLinkID="9">
            <COMPONENT RefLinkID="14" />
            <COMPONENT RefLinkID="15" />
            <COMPONENT RefLinkID="16" />
            <COMPONENT RefLinkID="17" />
        </ENTITY>
        <ENTITY LinkID="9" Class="NiGeneralEntity" Name="[Block]010100.IN_BSR_I_B_BA_Water_06" TemplateID="b7,b,5f,16,e,36,2,49,80,78,c0,fa,ea,17,53,2d">
            <COMPONENT RefLinkID="10" />
            <COMPONENT RefLinkID="11" />
            <COMPONENT RefLinkID="12" />
            <COMPONENT RefLinkID="13" />
        </ENTITY>
        <COMPONENT LinkID="10" Class="NiTransformationComponent" Name="Transformation">
            <PROPERTY Class="Point3" Name="Translation">0.0000000000000000, 0.0000000000000000, 0.0000000000000000</PROPERTY>
            <PROPERTY Class="Matrix3" Name="Rotation">
                <ROW>1.0000000000000000, 0.0000000000000000, 0.0000000000000000</ROW>
                <ROW>0.0000000000000000, 1.0000000000000000, 0.0000000000000000</ROW>
                <ROW>0.0000000000000000, 0.0000000000000000, 1.0000000000000000</ROW>
            </PROPERTY>
            <PROPERTY Class="Float" Name="Scale">1.0000000000000000</PROPERTY>
        </COMPONENT>
        <COMPONENT LinkID="11" Class="NiSceneGraphComponent" Name="Scene Graph">
            <PROPERTY Class="String" Name="NIF File Path" Asset="TRUE">.\..\02_Modeling\Block\010100\IN_BSR_I_B_BA_Water_06.nif</PROPERTY>
        </COMPONENT>
        <COMPONENT LinkID="12" Class="NiGeneralComponent" Name="Animation Object" TemplateID="c5,83,7b,6f,ea,53,7d,45,95,5a,2e,ab,38,28,a5,76">
            <PROPERTY Class="Float" Name="Phase" SemanticType="Float" DisplayName="Phase" Description="">-1000.0000000000000000</PROPERTY>
        </COMPONENT>
        <COMPONENT LinkID="13" Class="NiGeneralComponent" Name="Hide Object" TemplateID="f6,46,16,db,61,92,23,47,b5,4a,da,2d,42,d7,85,b9">
            <PROPERTY Class="Float" Name="Alpha Value" SemanticType="Float" DisplayName="Alpha Value" Description="">0.4000000059604645</PROPERTY>
            <PROPERTY Class="Boolean" Name="Alpha Enable" SemanticType="Boolean" DisplayName="Alpha Enable" Description="">FALSE</PROPERTY>
            <PROPERTY Class="Boolean" Name="Hide Object" SemanticType="Boolean" DisplayName="Hide Object" Description="">FALSE</PROPERTY>
        </COMPONENT>
        <COMPONENT LinkID="14" Class="NiTransformationComponent" Name="Transformation">
            <PROPERTY Class="Point3" Name="Translation">1718.0504150390625000, 8234.6269531250000000, 22.6937904357910160</PROPERTY>
            <PROPERTY Class="Matrix3" Name="Rotation">
                <ROW>-0.9992794990539551, 0.0379549935460091, 0.0000000000000000</ROW>
                <ROW>-0.0379549935460091, -0.9992794990539551, 0.0000000000000000</ROW>
                <ROW>0.0000000000000000, 0.0000000000000000, 1.0000000000000000</ROW>
            </PROPERTY>
            <PROPERTY Class="Float" Name="Scale">1.9009703397750854</PROPERTY>
        </COMPONENT>
        <COMPONENT LinkID="15" Class="NiSceneGraphComponent" Name="Scene Graph" MasterLinkID="11" />
        <COMPONENT LinkID="16" Class="NiGeneralComponent" Name="Animation Object" TemplateID="c5,83,7b,6f,ea,53,7d,45,95,5a,2e,ab,38,28,a5,76" MasterLinkID="12">
            <PROPERTY Class="Float" Name="Phase" SemanticType="Float" DisplayName="Phase" Description="">0.0000000000000000</PROPERTY>
        </COMPONENT>
        <COMPONENT LinkID="17" Class="NiGeneralComponent" Name="Hide Object" TemplateID="f6,46,16,db,61,92,23,47,b5,4a,da,2d,42,d7,85,b9" MasterLinkID="13" />
        <ENTITY LinkID="18" Class="NiGeneralEntity" Name="Ingrid_BeachBG3001_02 01" Type="Object" UsePhysX="FALSE" PostfixTexture="" Optimization="0" AlphaGroup="0" RandomAni="FALSE" TemplateID="5b,b0,15,29,fe,1,83,45,b2,f6,1e,9e,d1,d,57,86" MasterLinkID="19">
            <COMPONENT RefLinkID="23" />
            <COMPONENT RefLinkID="24" />
            <COMPONENT RefLinkID="25" />
        </ENTITY>
        <ENTITY LinkID="19" Class="NiGeneralEntity" Name="[Object]Ground.Ingrid_BeachBG3001_02" TemplateID="5b,b0,15,29,fe,1,83,45,b2,f6,1e,9e,d1,d,57,86">
            <COMPONENT RefLinkID="20" />
            <COMPONENT RefLinkID="21" />
            <COMPONENT RefLinkID="22" />
        </ENTITY>
        <COMPONENT LinkID="20" Class="NiTransformationComponent" Name="Transformation">
            <PROPERTY Class="Point3" Name="Translation">0.0000000000000000, 0.0000000000000000, 0.0000000000000000</PROPERTY>
            <PROPERTY Class="Matrix3" Name="Rotation">
                <ROW>1.0000000000000000, 0.0000000000000000, 0.0000000000000000</ROW>
                <ROW>0.0000000000000000, 1.0000000000000000, 0.0000000000000000</ROW>
                <ROW>0.0000000000000000, 0.0000000000000000, 1.0000000000000000</ROW>
            </PROPERTY>
            <PROPERTY Class="Float" Name="Scale">1.0000000000000000</PROPERTY>
        </COMPONENT>
        <COMPONENT LinkID="21" Class="NiSceneGraphComponent" Name="Scene Graph">
            <PROPERTY Class="String" Name="NIF File Path" Asset="TRUE">.\..\..\00_Object\Ground\Ingrid_BeachBG3001_02.nif</PROPERTY>
        </COMPONENT>
        <COMPONENT LinkID="22" Class="NiGeneralComponent" Name="Hide Object" TemplateID="f6,46,16,db,61,92,23,47,b5,4a,da,2d,42,d7,85,b9">
            <PROPERTY Class="Float" Name="Alpha Value" SemanticType="Float" DisplayName="Alpha Value" Description="">0.4000000059604645</PROPERTY>
            <PROPERTY Class="Boolean" Name="Alpha Enable" SemanticType="Boolean" DisplayName="Alpha Enable" Description="">FALSE</PROPERTY>
            <PROPERTY Class="Boolean" Name="Hide Object" SemanticType="Boolean" DisplayName="Hide Object" Description="">FALSE</PROPERTY>
        </COMPONENT>
        <COMPONENT LinkID="23" Class="NiTransformationComponent" Name="Transformation">
            <PROPERTY Class="Point3" Name="Translation">-4921.2485351562500000, 1202.2696533203125000, -236.0567016601562500</PROPERTY>
            <PROPERTY Class="Matrix3" Name="Rotation">
                <ROW>0.8382591009140015, 0.5452719926834106, 0.0000000000000000</ROW>
                <ROW>-0.5452719926834106, 0.8382591009140015, 0.0000000000000000</ROW>
                <ROW>0.0000000000000000, 0.0000000000000000, 1.0000000000000000</ROW>
            </PROPERTY>
            <PROPERTY Class="Float" Name="Scale">0.8248797059059143</PROPERTY>
        </COMPONENT>
        <COMPONENT LinkID="24" Class="NiSceneGraphComponent" Name="Scene Graph" MasterLinkID="21" />
        <COMPONENT LinkID="25" Class="NiGeneralComponent" Name="Hide Object" TemplateID="f6,46,16,db,61,92,23,47,b5,4a,da,2d,42,d7,85,b9" MasterLinkID="22" />
        <ENTITY LinkID="26" Class="NiGeneralEntity" Name="Ingrid_BeachBG3001_02 02" Type="Object" UsePhysX="FALSE" PostfixTexture="" Optimization="0" AlphaGroup="0" RandomAni="FALSE" TemplateID="5b,b0,15,29,fe,1,83,45,b2,f6,1e,9e,d1,d,57,86" MasterLinkID="19">
            <COMPONENT RefLinkID="27" />
            <COMPONENT RefLinkID="28" />
            <COMPONENT RefLinkID="29" />
        </ENTITY>
        <COMPONENT LinkID="27" Class="NiTransformationComponent" Name="Transformation">
            <PROPERTY Class="Point3" Name="Translation">-3965.0051269531250000, 1598.3760986328125000, 409.9501342773437500</PROPERTY>
            <PROPERTY Class="Matrix3" Name="Rotation">
                <ROW>-0.8085747361183167, -0.5883937478065491, 0.0000000000000000</ROW>
                <ROW>0.5883937478065491, -0.8085747361183167, 0.0000000000000000</ROW>
                <ROW>0.0000000000000000, 0.0000000000000000, 1.0000000000000000</ROW>
            </PROPERTY>
            <PROPERTY Class="Float" Name="Scale">0.4370011985301971</PROPERTY>
        </COMPONENT>
        <COMPONENT LinkID="28" Class="NiSceneGraphComponent" Name="Scene Graph" MasterLinkID="21" />
        <COMPONENT LinkID="29" Class="NiGeneralComponent" Name="Hide Object" TemplateID="f6,46,16,db,61,92,23,47,b5,4a,da,2d,42,d7,85,b9" MasterLinkID="22" />
        <ENTITY LinkID="30" Class="NiGeneralEntity" Name="Ingrid_BeachBG3001_03 01" Type="Object" UsePhysX="FALSE" PostfixTexture="" Optimization="0" AlphaGroup="0" RandomAni="FALSE" TemplateID="13,96,fd,b8,27,8c,91,42,a5,53,73,b3,fb,63,ea,1f" MasterLinkID="31">
            <COMPONENT RefLinkID="34" />
            <COMPONENT RefLinkID="35" />
            <COMPONENT RefLinkID="36" />
        </ENTITY>
        <ENTITY LinkID="31" Class="NiGeneralEntity" Name="[Object]Ground.Ingrid_BeachBG3001_03" TemplateID="13,96,fd,b8,27,8c,91,42,a5,53,73,b3,fb,63,ea,1f">
            <COMPONENT RefLinkID="32" />
            <COMPONENT RefLinkID="33" />
            <COMPONENT RefLinkID="22" />
        </ENTITY>
        <COMPONENT LinkID="32" Class="NiTransformationComponent" Name="Transformation">
            <PROPERTY Class="Point3" Name="Translation">0.0000000000000000, 0.0000000000000000, 0.0000000000000000</PROPERTY>
            <PROPERTY Class="Matrix3" Name="Rotation">
                <ROW>1.0000000000000000, 0.0000000000000000, 0.0000000000000000</ROW>
                <ROW>0.0000000000000000, 1.0000000000000000, 0.0000000000000000</ROW>
                <ROW>0.0000000000000000, 0.0000000000000000, 1.0000000000000000</ROW>
            </PROPERTY>
            <PROPERTY Class="Float" Name="Scale">1.0000000000000000</PROPERTY>
        </COMPONENT>
        <COMPONENT LinkID="33" Class="NiSceneGraphComponent" Name="Scene Graph">
            <PROPERTY Class="String" Name="NIF File Path" Asset="TRUE">.\..\..\00_Object\Ground\Ingrid_BeachBG3001_03.nif</PROPERTY>
        </COMPONENT>
        <COMPONENT LinkID="34" Class="NiTransformationComponent" Name="Transformation">
            <PROPERTY Class="Point3" Name="Translation">-4634.8017578125000000, 2157.7905273437500000, -142.4382934570312500</PROPERTY>
            <PROPERTY Class="Matrix3" Name="Rotation">
                <ROW>-0.6408695578575134, -0.7676498293876648, 0.0000000000000000</ROW>
                <ROW>0.7676498293876648, -0.6408695578575134, 0.0000000000000000</ROW>
                <ROW>0.0000000000000000, 0.0000000000000000, 1.0000000000000000</ROW>
            </PROPERTY>
            <PROPERTY Class="Float" Name="Scale">0.8248797059059143</PROPERTY>
        </COMPONENT>
        <COMPONENT LinkID="35" Class="NiSceneGraphComponent" Name="Scene Graph" MasterLinkID="33" />
        <COMPONENT LinkID="36" Class="NiGeneralComponent" Name="Hide Object" TemplateID="f6,46,16,db,61,92,23,47,b5,4a,da,2d,42,d7,85,b9" MasterLinkID="22" />
        <ENTITY LinkID="37" Class="NiGeneralEntity" Name="Ingrid_BeachBG3001_04 01" Type="Object" UsePhysX="FALSE" PostfixTexture="" Optimization="0" AlphaGroup="0" RandomAni="FALSE" TemplateID="be,7c,64,56,94,23,db,4f,b7,18,76,5b,1,43,43,b3" MasterLinkID="38">
            <COMPONENT RefLinkID="41" />
            <COMPONENT RefLinkID="42" />
            <COMPONENT RefLinkID="43" />
        </ENTITY>
        <ENTITY LinkID="38" Class="NiGeneralEntity" Name="[Object]Ground.Ingrid_BeachBG3001_04" TemplateID="be,7c,64,56,94,23,db,4f,b7,18,76,5b,1,43,43,b3">
            <COMPONENT RefLinkID="39" />
            <COMPONENT RefLinkID="40" />
            <COMPONENT RefLinkID="22" />
        </ENTITY>
        <COMPONENT LinkID="39" Class="NiTransformationComponent" Name="Transformation">
            <PROPERTY Class="Point3" Name="Translation">0.0000000000000000, 0.0000000000000000, 0.0000000000000000</PROPERTY>
            <PROPERTY Class="Matrix3" Name="Rotation">
                <ROW>1.0000000000000000, 0.0000000000000000, 0.0000000000000000</ROW>
                <ROW>0.0000000000000000, 1.0000000000000000, 0.0000000000000000</ROW>
                <ROW>0.0000000000000000, 0.0000000000000000, 1.0000000000000000</ROW>
            </PROPERTY>
            <PROPERTY Class="Float" Name="Scale">1.0000000000000000</PROPERTY>
        </COMPONENT>
        <COMPONENT LinkID="40" Class="NiSceneGraphComponent" Name="Scene Graph">
            <PROPERTY Class="String" Name="NIF File Path" Asset="TRUE">.\..\..\00_Object\Ground\Ingrid_BeachBG3001_04.nif</PROPERTY>
        </COMPONENT>
        <COMPONENT LinkID="41" Class="NiTransformationComponent" Name="Transformation">
            <PROPERTY Class="Point3" Name="Translation">-5535.2158203125000000, 2910.6450195312500000, -8.4969825744628906</PROPERTY>
            <PROPERTY Class="Matrix3" Name="Rotation">
                <ROW>-0.2854914367198944, -0.9583812355995178, 0.0000000000000000</ROW>
                <ROW>0.9583812355995178, -0.2854914367198944, 0.0000000000000000</ROW>
                <ROW>0.0000000000000000, 0.0000000000000000, 1.0000000000000000</ROW>
            </PROPERTY>
            <PROPERTY Class="Float" Name="Scale">1.0000000000000000</PROPERTY>
        </COMPONENT>
        <COMPONENT LinkID="42" Class="NiSceneGraphComponent" Name="Scene Graph" MasterLinkID="40" />
        <COMPONENT LinkID="43" Class="NiGeneralComponent" Name="Hide Object" TemplateID="f6,46,16,db,61,92,23,47,b5,4a,da,2d,42,d7,85,b9" MasterLinkID="22" />
        <ENTITY LinkID="44" Class="NiGeneralEntity" Name="Ingrid_BeachBG3001_05 01" Type="Object" UsePhysX="FALSE" PostfixTexture="" Optimization="0" AlphaGroup="0" RandomAni="FALSE" TemplateID="48,67,8b,25,f4,6,e8,41,9a,e4,9a,a6,47,a6,3a,65" MasterLinkID="45">
            <COMPONENT RefLinkID="48" />
            <COMPONENT RefLinkID="49" />
            <COMPONENT RefLinkID="50" />
        </ENTITY>
        <ENTITY LinkID="45" Class="NiGeneralEntity" Name="[Object]Ground.Ingrid_BeachBG3001_05" TemplateID="48,67,8b,25,f4,6,e8,41,9a,e4,9a,a6,47,a6,3a,65">
            <COMPONENT RefLinkID="46" />
            <COMPONENT RefLinkID="47" />
            <COMPONENT RefLinkID="22" />
        </ENTITY>
        <COMPONENT LinkID="46" Class="NiTransformationComponent" Name="Transformation">
            <PROPERTY Class="Point3" Name="Translation">0.0000000000000000, 0.0000000000000000, 0.0000000000000000</PROPERTY>
            <PROPERTY Class="Matrix3" Name="Rotation">
                <ROW>1.0000000000000000, 0.0000000000000000, 0.0000000000000000</ROW>
                <ROW>0.0000000000000000, 1.0000000000000000, 0.0000000000000000</ROW>
                <ROW>0.0000000000000000, 0.0000000000000000, 1.0000000000000000</ROW>
            </PROPERTY>
            <PROPERTY Class="Float" Name="Scale">1.0000000000000000</PROPERTY>
        </COMPONENT>
        <COMPONENT LinkID="47" Class="NiSceneGraphComponent" Name="Scene Graph">
            <PROPERTY Class="String" Name="NIF File Path" Asset="TRUE">.\..\..\00_Object\Ground\Ingrid_BeachBG3001_05.nif</PROPERTY>
        </COMPONENT>
        <COMPONENT LinkID="48" Class="NiTransformationComponent" Name="Transformation">
            <PROPERTY Class="Point3" Name="Translation">-3335.6179199218750000, 6703.7768554687500000, -0.0010108947753906</PROPERTY>
            <PROPERTY Class="Matrix3" Name="Rotation">
                <ROW>0.9199571609497070, -0.3920190036296845, 0.0000000000000000</ROW>
                <ROW>0.3920190036296845, 0.9199571609497070, 0.0000000000000000</ROW>
                <ROW>0.0000000000000000, 0.0000000000000000, 1.0000000000000000</ROW>
            </PROPERTY>
            <PROPERTY Class="Float" Name="Scale">1.3178883790969849</PROPERTY>
        </COMPONENT>
        <COMPONENT LinkID="49" Class="NiSceneGraphComponent" Name="Scene Graph" MasterLinkID="47" />
        <COMPONENT LinkID="50" Class="NiGeneralComponent" Name="Hide Object" TemplateID="f6,46,16,db,61,92,23,47,b5,4a,da,2d,42,d7,85,b9" MasterLinkID="22" />
        <ENTITY LinkID="51" Class="NiGeneralEntity" Name="Ingrid_BeachBG3001_01 01" Type="Object" UsePhysX="FALSE" PostfixTexture="" Optimization="0" AlphaGroup="0" RandomAni="FALSE" TemplateID="e4,55,9d,9a,6a,a3,cd,44,a9,1a,2,1f,bf,1a,8e,b6" MasterLinkID="52">
            <COMPONENT RefLinkID="55" />
            <COMPONENT RefLinkID="56" />
            <COMPONENT RefLinkID="57" />
        </ENTITY>
        <ENTITY LinkID="52" Class="NiGeneralEntity" Name="[Object]Ground.Ingrid_BeachBG3001_01" TemplateID="e4,55,9d,9a,6a,a3,cd,44,a9,1a,2,1f,bf,1a,8e,b6">
            <COMPONENT RefLinkID="53" />
            <COMPONENT RefLinkID="54" />
            <COMPONENT RefLinkID="22" />
        </ENTITY>
        <COMPONENT LinkID="53" Class="NiTransformationComponent" Name="Transformation">
            <PROPERTY Class="Point3" Name="Translation">0.0000000000000000, 0.0000000000000000, 0.0000000000000000</PROPERTY>
            <PROPERTY Class="Matrix3" Name="Rotation">
                <ROW>1.0000000000000000, 0.0000000000000000, 0.0000000000000000</ROW>
                <ROW>0.0000000000000000, 1.0000000000000000, 0.0000000000000000</ROW>
                <ROW>0.0000000000000000, 0.0000000000000000, 1.0000000000000000</ROW>
            </PROPERTY>
            <PROPERTY Class="Float" Name="Scale">1.0000000000000000</PROPERTY>
        </COMPONENT>
        <COMPONENT LinkID="54" Class="NiSceneGraphComponent" Name="Scene Graph">
            <PROPERTY Class="String" Name="NIF File Path" Asset="TRUE">.\..\..\00_Object\Ground\Ingrid_BeachBG3001_01.nif</PROPERTY>
        </COMPONENT>
        <COMPONENT LinkID="55" Class="NiTransformationComponent" Name="Transformation">
            <PROPERTY Class="Point3" Name="Translation">438.1443481445312500, 8322.1005859375000000, -390.1039428710937500</PROPERTY>
            <PROPERTY Class="Matrix3" Name="Rotation">
                <ROW>0.8815851211547852, -0.4661946594715118, -0.0739643722772598</ROW>
                <ROW>0.4718589484691620, 0.8745508193969727, 0.1118498593568802</ROW>
                <ROW>0.0125417951494455, -0.1335059255361557, 0.9909686446189880</ROW>
            </PROPERTY>
            <PROPERTY Class="Float" Name="Scale">1.1916023492813110</PROPERTY>
        </COMPONENT>
        <COMPONENT LinkID="56" Class="NiSceneGraphComponent" Name="Scene Graph" MasterLinkID="54" />
        <COMPONENT LinkID="57" Class="NiGeneralComponent" Name="Hide Object" TemplateID="f6,46,16,db,61,92,23,47,b5,4a,da,2d,42,d7,85,b9" MasterLinkID="22" />
        <ENTITY LinkID="58" Class="NiGeneralEntity" Name="Physx_base_0_06 02" Type="PhysX" UsePhysX="TRUE" PostfixTexture="" Optimization="0" AlphaGroup="0" RandomAni="FALSE" TemplateID="61,e2,ab,d3,5d,b5,7b,4c,8a,79,3b,cd,33,ce,90,a8" Hidden="TRUE" MasterLinkID="59">
            <COMPONENT RefLinkID="62" />
            <COMPONENT RefLinkID="63" />
        </ENTITY>
        <ENTITY LinkID="59" Class="NiGeneralEntity" Name="[General]BasicBlock.Physx_base_0_06" TemplateID="61,e2,ab,d3,5d,b5,7b,4c,8a,79,3b,cd,33,ce,90,a8">
            <COMPONENT RefLinkID="60" />
            <COMPONENT RefLinkID="61" />
        </ENTITY>
        <COMPONENT LinkID="60" Class="NiTransformationComponent" Name="Transformation">
            <PROPERTY Class="Point3" Name="Translation">0.0000000000000000, 0.0000000000000000, 0.0000000000000000</PROPERTY>
            <PROPERTY Class="Matrix3" Name="Rotation">
                <ROW>1.0000000000000000, 0.0000000000000000, 0.0000000000000000</ROW>
                <ROW>0.0000000000000000, 1.0000000000000000, 0.0000000000000000</ROW>
                <ROW>0.0000000000000000, 0.0000000000000000, 1.0000000000000000</ROW>
            </PROPERTY>
            <PROPERTY Class="Float" Name="Scale">1.0000000000000000</PROPERTY>
        </COMPONENT>
        <COMPONENT LinkID="61" Class="NiSceneGraphComponent" Name="Scene Graph">
            <PROPERTY Class="String" Name="NIF File Path" Asset="TRUE">.\..\..\00_Object\BasicBlock\Physx_base_0_06.nif</PROPERTY>
        </COMPONENT>
        <COMPONENT LinkID="62" Class="NiTransformationComponent" Name="Transformation">
            <PROPERTY Class="Point3" Name="Translation">8281.3867187500000000, -1249.5219726562500000, 22.6941604614257810</PROPERTY>
            <PROPERTY Class="Matrix3" Name="Rotation">
                <ROW>0.3730012476444244, -0.9278308153152466, 0.0000000000000000</ROW>
                <ROW>0.9278308153152466, 0.3730012476444244, 0.0000000000000000</ROW>
                <ROW>0.0000000000000000, 0.0000000000000000, 1.0000000000000000</ROW>
            </PROPERTY>
            <PROPERTY Class="Float" Name="Scale">4.8230810165405273</PROPERTY>
        </COMPONENT>
        <COMPONENT LinkID="63" Class="NiSceneGraphComponent" Name="Scene Graph" MasterLinkID="61" />
        <ENTITY LinkID="64" Class="NiGeneralEntity" Name="Physx_base_0_06 03" Type="PhysX" UsePhysX="TRUE" PostfixTexture="" Optimization="0" AlphaGroup="0" RandomAni="FALSE" TemplateID="61,e2,ab,d3,5d,b5,7b,4c,8a,79,3b,cd,33,ce,90,a8" Hidden="TRUE" MasterLinkID="59">
            <COMPONENT RefLinkID="65" />
            <COMPONENT RefLinkID="66" />
        </ENTITY>
        <COMPONENT LinkID="65" Class="NiTransformationComponent" Name="Transformation">
            <PROPERTY Class="Point3" Name="Translation">8794.9130859375000000, 4345.5278320312500000, 22.6950378417968750</PROPERTY>
            <PROPERTY Class="Matrix3" Name="Rotation">
                <ROW>-0.0867636501789093, -0.9962289333343506, 0.0000000000000000</ROW>
                <ROW>0.9962289333343506, -0.0867636501789093, 0.0000000000000000</ROW>
                <ROW>0.0000000000000000, 0.0000000000000000, 1.0000000000000000</ROW>
            </PROPERTY>
            <PROPERTY Class="Float" Name="Scale">4.8230810165405273</PROPERTY>
        </COMPONENT>
        <COMPONENT LinkID="66" Class="NiSceneGraphComponent" Name="Scene Graph" MasterLinkID="61" />
        <ENTITY LinkID="67" Class="NiGeneralEntity" Name="Gull_1001_03 01" Type="Object" UsePhysX="FALSE" PostfixTexture="" Optimization="0" AlphaGroup="1" RandomAni="TRUE" TemplateID="6b,a2,db,20,e9,c4,98,4f,a9,91,eb,1e,f1,dc,9a,f" MasterLinkID="68">
            <COMPONENT RefLinkID="73" />
            <COMPONENT RefLinkID="74" />
            <COMPONENT RefLinkID="75" />
            <COMPONENT RefLinkID="76" />
        </ENTITY>
        <ENTITY LinkID="68" Class="NiGeneralEntity" Name="[Object]Animal.Gull_1001_03" TemplateID="6b,a2,db,20,e9,c4,98,4f,a9,91,eb,1e,f1,dc,9a,f">
            <COMPONENT RefLinkID="69" />
            <COMPONENT RefLinkID="70" />
            <COMPONENT RefLinkID="71" />
            <COMPONENT RefLinkID="72" />
        </ENTITY>
        <COMPONENT LinkID="69" Class="NiTransformationComponent" Name="Transformation">
            <PROPERTY Class="Point3" Name="Translation">0.0000000000000000, 0.0000000000000000, 0.0000000000000000</PROPERTY>
            <PROPERTY Class="Matrix3" Name="Rotation">
                <ROW>1.0000000000000000, 0.0000000000000000, 0.0000000000000000</ROW>
                <ROW>0.0000000000000000, 1.0000000000000000, 0.0000000000000000</ROW>
                <ROW>0.0000000000000000, 0.0000000000000000, 1.0000000000000000</ROW>
            </PROPERTY>
            <PROPERTY Class="Float" Name="Scale">1.0000000000000000</PROPERTY>
        </COMPONENT>
        <COMPONENT LinkID="70" Class="NiSceneGraphComponent" Name="Scene Graph">
            <PROPERTY Class="String" Name="NIF File Path" Asset="TRUE">.\..\..\00_Object\Animal\Gull_1001_03.nif</PROPERTY>
        </COMPONENT>
        <COMPONENT LinkID="71" Class="NiGeneralComponent" Name="Animation Object" TemplateID="c5,83,7b,6f,ea,53,7d,45,95,5a,2e,ab,38,28,a5,76">
            <PROPERTY Class="Float" Name="Phase" SemanticType="Float" DisplayName="Phase" Description="">-1000.0000000000000000</PROPERTY>
        </COMPONENT>
        <COMPONENT LinkID="72" Class="NiGeneralComponent" Name="Use Update Lod" TemplateID="4c,a,4,a9,93,63,d1,48,9a,29,fc,a6,8b,c5,66,b1">
            <PROPERTY Class="Integer" Name="Value" SemanticType="Integer" DisplayName="Value" Description="">0</PROPERTY>
        </COMPONENT>
        <COMPONENT LinkID="73" Class="NiTransformationComponent" Name="Transformation">
            <PROPERTY Class="Point3" Name="Translation">4709.8784179687500000, 1089.9870605468750000, 136.9550628662109400</PROPERTY>
            <PROPERTY Class="Matrix3" Name="Rotation">
                <ROW>0.8992792963981628, -0.4369919896125794, 0.0182983484119177</ROW>
                <ROW>0.4369799792766571, 0.8994582891464233, 0.0048587401397526</ROW>
                <ROW>-0.0185818262398243, 0.0036266408860683, 0.9998205900192261</ROW>
            </PROPERTY>
            <PROPERTY Class="Float" Name="Scale">0.8514692783355713</PROPERTY>
        </COMPONENT>
        <COMPONENT LinkID="74" Class="NiSceneGraphComponent" Name="Scene Graph" MasterLinkID="70" />
        <COMPONENT LinkID="75" Class="NiGeneralComponent" Name="Animation Object" TemplateID="c5,83,7b,6f,ea,53,7d,45,95,5a,2e,ab,38,28,a5,76" MasterLinkID="71" />
        <COMPONENT LinkID="76" Class="NiGeneralComponent" Name="Use Update Lod" TemplateID="4c,a,4,a9,93,63,d1,48,9a,29,fc,a6,8b,c5,66,b1" MasterLinkID="72" />
        <ENTITY LinkID="77" Class="NiGeneralEntity" Name="Art_SmallShip1001_04_Ani 01" Type="Object" UsePhysX="FALSE" PostfixTexture="" Optimization="0" AlphaGroup="1" RandomAni="TRUE" TemplateID="a7,c5,f3,7c,9a,49,28,48,94,3c,28,85,5e,ee,f0,8b" MasterLinkID="78">
            <COMPONENT RefLinkID="82" />
            <COMPONENT RefLinkID="83" />
            <COMPONENT RefLinkID="84" />
            <COMPONENT RefLinkID="85" />
        </ENTITY>
        <ENTITY LinkID="78" Class="NiGeneralEntity" Name="[Object]Ship.Art_SmallShip1001_04_Ani" TemplateID="a7,c5,f3,7c,9a,49,28,48,94,3c,28,85,5e,ee,f0,8b">
            <COMPONENT RefLinkID="79" />
            <COMPONENT RefLinkID="80" />
            <COMPONENT RefLinkID="71" />
            <COMPONENT RefLinkID="81" />
        </ENTITY>
        <COMPONENT LinkID="79" Class="NiTransformationComponent" Name="Transformation">
            <PROPERTY Class="Point3" Name="Translation">0.0000000000000000, 0.0000000000000000, 0.0000000000000000</PROPERTY>
            <PROPERTY Class="Matrix3" Name="Rotation">
                <ROW>1.0000000000000000, 0.0000000000000000, 0.0000000000000000</ROW>
                <ROW>0.0000000000000000, 1.0000000000000000, 0.0000000000000000</ROW>
                <ROW>0.0000000000000000, 0.0000000000000000, 1.0000000000000000</ROW>
            </PROPERTY>
            <PROPERTY Class="Float" Name="Scale">1.0000000000000000</PROPERTY>
        </COMPONENT>
        <COMPONENT LinkID="80" Class="NiSceneGraphComponent" Name="Scene Graph">
            <PROPERTY Class="String" Name="NIF File Path" Asset="TRUE">.\..\..\00_Object\Ship\Art_SmallShip1001_04_Ani.nif</PROPERTY>
        </COMPONENT>
        <COMPONENT LinkID="81" Class="NiGeneralComponent" Name="Hide Object" TemplateID="f6,46,16,db,61,92,23,47,b5,4a,da,2d,42,d7,85,b9">
            <PROPERTY Class="Float" Name="Alpha Value" SemanticType="Float" DisplayName="Alpha Value" Description="">0.4000000059604645</PROPERTY>
            <PROPERTY Class="Boolean" Name="Alpha Enable" SemanticType="Boolean" DisplayName="Alpha Enable" Description="">FALSE</PROPERTY>
            <PROPERTY Class="Boolean" Name="Hide Object" SemanticType="Boolean" DisplayName="Hide Object" Description="">FALSE</PROPERTY>
        </COMPONENT>
        <COMPONENT LinkID="82" Class="NiTransformationComponent" Name="Transformation">
            <PROPERTY Class="Point3" Name="Translation">4541.5825195312500000, 317.8872375488281200, -18.2733840942382810</PROPERTY>
            <PROPERTY Class="Matrix3" Name="Rotation">
                <ROW>0.5939696431159973, 0.8044589757919312, 0.0067859715782106</ROW>
                <ROW>-0.8042807579040527, 0.5939868688583374, -0.0176744870841503</ROW>
                <ROW>-0.0182491801679134, 0.0050402744673193, 0.9998205900192261</ROW>
            </PROPERTY>
            <PROPERTY Class="Float" Name="Scale">1.0113235712051392</PROPERTY>
        </COMPONENT>
        <COMPONENT LinkID="83" Class="NiSceneGraphComponent" Name="Scene Graph" MasterLinkID="80" />
        <COMPONENT LinkID="84" Class="NiGeneralComponent" Name="Animation Object" TemplateID="c5,83,7b,6f,ea,53,7d,45,95,5a,2e,ab,38,28,a5,76" MasterLinkID="71" />
        <COMPONENT LinkID="85" Class="NiGeneralComponent" Name="Hide Object" TemplateID="f6,46,16,db,61,92,23,47,b5,4a,da,2d,42,d7,85,b9" MasterLinkID="81" />
        <ENTITY LinkID="86" Class="NiGeneralEntity" Name="Art_Camp1001_04 03" Type="Object" UsePhysX="FALSE" PostfixTexture="" Optimization="0" AlphaGroup="1" RandomAni="TRUE" TemplateID="7c,6,31,bb,65,ae,f0,4a,92,9a,52,64,d1,1f,96,43" MasterLinkID="87">
            <COMPONENT RefLinkID="91" />
            <COMPONENT RefLinkID="92" />
            <COMPONENT RefLinkID="93" />
        </ENTITY>
        <ENTITY LinkID="87" Class="NiGeneralEntity" Name="[Object]House.Art_Camp1001_04" TemplateID="7c,6,31,bb,65,ae,f0,4a,92,9a,52,64,d1,1f,96,43">
            <COMPONENT RefLinkID="88" />
            <COMPONENT RefLinkID="89" />
            <COMPONENT RefLinkID="90" />
        </ENTITY>
        <COMPONENT LinkID="88" Class="NiTransformationComponent" Name="Transformation">
            <PROPERTY Class="Point3" Name="Translation">0.0000000000000000, 0.0000000000000000, 0.0000000000000000</PROPERTY>
            <PROPERTY Class="Matrix3" Name="Rotation">
                <ROW>1.0000000000000000, 0.0000000000000000, 0.0000000000000000</ROW>
                <ROW>0.0000000000000000, 1.0000000000000000, 0.0000000000000000</ROW>
                <ROW>0.0000000000000000, 0.0000000000000000, 1.0000000000000000</ROW>
            </PROPERTY>
            <PROPERTY Class="Float" Name="Scale">1.0000000000000000</PROPERTY>
        </COMPONENT>
        <COMPONENT LinkID="89" Class="NiSceneGraphComponent" Name="Scene Graph">
            <PROPERTY Class="String" Name="NIF File Path" Asset="TRUE">.\..\..\00_Object\House\Art_Camp1001_04.nif</PROPERTY>
        </COMPONENT>
        <COMPONENT LinkID="90" Class="NiGeneralComponent" Name="Hide Object" TemplateID="f6,46,16,db,61,92,23,47,b5,4a,da,2d,42,d7,85,b9">
            <PROPERTY Class="Float" Name="Alpha Value" SemanticType="Float" DisplayName="Alpha Value" Description="">0.4000000059604645</PROPERTY>
            <PROPERTY Class="Boolean" Name="Alpha Enable" SemanticType="Boolean" DisplayName="Alpha Enable" Description="">FALSE</PROPERTY>
            <PROPERTY Class="Boolean" Name="Hide Object" SemanticType="Boolean" DisplayName="Hide Object" Description="">FALSE</PROPERTY>
        </COMPONENT>
        <COMPONENT LinkID="91" Class="NiTransformationComponent" Name="Transformation">
            <PROPERTY Class="Point3" Name="Translation">4057.9121093750000000, 789.9862670898437500, 143.4182128906250000</PROPERTY>
            <PROPERTY Class="Matrix3" Name="Rotation">
                <ROW>-0.1411517560482025, -0.9898191690444946, 0.0182983484119177</ROW>
                <ROW>0.9858998656272888, -0.1422228068113327, -0.0881727635860443</ROW>
                <ROW>0.0898775309324265, 0.0055945981293917, 0.9959369301795960</ROW>
            </PROPERTY>
            <PROPERTY Class="Float" Name="Scale">1.3800785541534424</PROPERTY>
        </COMPONENT>
        <COMPONENT LinkID="92" Class="NiSceneGraphComponent" Name="Scene Graph" MasterLinkID="89" />
        <COMPONENT LinkID="93" Class="NiGeneralComponent" Name="Hide Object" TemplateID="f6,46,16,db,61,92,23,47,b5,4a,da,2d,42,d7,85,b9" MasterLinkID="90" />
        <ENTITY LinkID="94" Class="NiGeneralEntity" Name="Nature_Flower5017_01 01" Type="Object" UsePhysX="TRUE" PostfixTexture="" Optimization="0" AlphaGroup="1" RandomAni="TRUE" TemplateID="87,b6,f2,98,a3,2b,70,4f,aa,ad,1c,7e,8d,2a,5e,f6" MasterLinkID="95">
            <COMPONENT RefLinkID="99" />
            <COMPONENT RefLinkID="100" />
            <COMPONENT RefLinkID="101" />
        </ENTITY>
        <ENTITY LinkID="95" Class="NiGeneralEntity" Name="[Object]Flower.Nature_Flower5017_01" TemplateID="87,b6,f2,98,a3,2b,70,4f,aa,ad,1c,7e,8d,2a,5e,f6">
            <COMPONENT RefLinkID="96" />
            <COMPONENT RefLinkID="97" />
            <COMPONENT RefLinkID="98" />
        </ENTITY>
        <COMPONENT LinkID="96" Class="NiTransformationComponent" Name="Transformation">
            <PROPERTY Class="Point3" Name="Translation">0.0000000000000000, 0.0000000000000000, 0.0000000000000000</PROPERTY>
            <PROPERTY Class="Matrix3" Name="Rotation">
                <ROW>1.0000000000000000, 0.0000000000000000, 0.0000000000000000</ROW>
                <ROW>0.0000000000000000, 1.0000000000000000, 0.0000000000000000</ROW>
                <ROW>0.0000000000000000, 0.0000000000000000, 1.0000000000000000</ROW>
            </PROPERTY>
            <PROPERTY Class="Float" Name="Scale">1.0000000000000000</PROPERTY>
        </COMPONENT>
        <COMPONENT LinkID="97" Class="NiSceneGraphComponent" Name="Scene Graph">
            <PROPERTY Class="String" Name="NIF File Path" Asset="TRUE">.\..\..\00_Object\Flower\Nature_Flower5017_01.nif</PROPERTY>
        </COMPONENT>
        <COMPONENT LinkID="98" Class="NiGeneralComponent" Name="Hide Object" TemplateID="f6,46,16,db,61,92,23,47,b5,4a,da,2d,42,d7,85,b9">
            <PROPERTY Class="Float" Name="Alpha Value" SemanticType="Float" DisplayName="Alpha Value" Description="">0.4000000059604645</PROPERTY>
            <PROPERTY Class="Boolean" Name="Alpha Enable" SemanticType="Boolean" DisplayName="Alpha Enable" Description="">FALSE</PROPERTY>
            <PROPERTY Class="Boolean" Name="Hide Object" SemanticType="Boolean" DisplayName="Hide Object" Description="">FALSE</PROPERTY>
        </COMPONENT>
        <COMPONENT LinkID="99" Class="NiTransformationComponent" Name="Transformation">
            <PROPERTY Class="Point3" Name="Translation">3438.2087402343750000, -125.2670898437500000, 23.2460308074951170</PROPERTY>
            <PROPERTY Class="Matrix3" Name="Rotation">
                <ROW>0.8992792963981628, -0.4369919896125794, 0.0182983484119177</ROW>
                <ROW>0.4369799792766571, 0.8994582891464233, 0.0048587401397526</ROW>
                <ROW>-0.0185818262398243, 0.0036266408860683, 0.9998205900192261</ROW>
            </PROPERTY>
            <PROPERTY Class="Float" Name="Scale">0.8514692783355713</PROPERTY>
        </COMPONENT>
        <COMPONENT LinkID="100" Class="NiSceneGraphComponent" Name="Scene Graph" MasterLinkID="97" />
        <COMPONENT LinkID="101" Class="NiGeneralComponent" Name="Hide Object" TemplateID="f6,46,16,db,61,92,23,47,b5,4a,da,2d,42,d7,85,b9" MasterLinkID="98" />
        <ENTITY LinkID="102" Class="NiGeneralEntity" Name="Art_Camp1001_04 02" Type="Object" UsePhysX="FALSE" PostfixTexture="" Optimization="0" AlphaGroup="1" RandomAni="TRUE" TemplateID="7c,6,31,bb,65,ae,f0,4a,92,9a,52,64,d1,1f,96,43" MasterLinkID="87">
            <COMPONENT RefLinkID="103" />
            <COMPONENT RefLinkID="104" />
            <COMPONENT RefLinkID="105" />
        </ENTITY>
        <COMPONENT LinkID="103" Class="NiTransformationComponent" Name="Transformation">
            <PROPERTY Class="Point3" Name="Translation">4356.4321289062500000, 1168.0969238281250000, 128.4607238769531200</PROPERTY>
            <PROPERTY Class="Matrix3" Name="Rotation">
                <ROW>0.9575790166854858, -0.2875898480415344, 0.0182983484119177</ROW>
                <ROW>0.2875494062900543, 0.9577535390853882, 0.0048587401397526</ROW>
                <ROW>-0.0189226306974888, 0.0006090463139117, 0.9998205900192261</ROW>
            </PROPERTY>
            <PROPERTY Class="Float" Name="Scale">1.4558730125427246</PROPERTY>
        </COMPONENT>
        <COMPONENT LinkID="104" Class="NiSceneGraphComponent" Name="Scene Graph" MasterLinkID="89" />
        <COMPONENT LinkID="105" Class="NiGeneralComponent" Name="Hide Object" TemplateID="f6,46,16,db,61,92,23,47,b5,4a,da,2d,42,d7,85,b9" MasterLinkID="90" />
        <ENTITY LinkID="106" Class="NiGeneralEntity" Name="Natere_Featherpalm2001_01 02" Type="Object" UsePhysX="FALSE" PostfixTexture="" Optimization="0" AlphaGroup="1" RandomAni="TRUE" TemplateID="a0,24,17,88,d7,b6,f8,48,97,d5,7a,d0,e1,80,86,8" MasterLinkID="107">
            <COMPONENT RefLinkID="111" />
            <COMPONENT RefLinkID="112" />
            <COMPONENT RefLinkID="113" />
            <COMPONENT RefLinkID="114" />
        </ENTITY>
