<?xml version="1.0" ?>
<GSA Major="1" Minor="0" Patch="0">
    <PALETTES_DIRECTORY>
        <PALETTE_DIR IDX="0" DIRECTORY=".\..\..\..\..\..\ToolBin\SceneDesigner\Release\Data\" />
        <PALETTE_DIR IDX="1" DIRECTORY=".\..\..\Palettes\" />
    </PALETTES_DIRECTORY>
    <PALETTES>
        <PALETTE NAME="Default" DIR_IDX="0" />
        <PALETTE NAME="Block" DIR_IDX="1" />
        <PALETTE NAME="General" DIR_IDX="1" />
        <PALETTE NAME="Object" DIR_IDX="1" />
        <PALETTE NAME="Effect" DIR_IDX="1" />
    </PALETTES>
    <OBJECTS>
        <ENTITY LinkID="0" Class="NiGeneralEntity" Name="Natere_FeatherpalmGrass1001_01 18" Type="Object" UsePhysX="FALSE" PostfixTexture="" Optimization="0" AlphaGroup="1" RandomAni="FALSE" TemplateID="30,74,25,86,d8,e6,3d,45,b3,43,2d,89,2f,36,d8,3a" MasterLinkID="1">
            <COMPONENT RefLinkID="5" />
            <COMPONENT RefLinkID="6" />
            <COMPONENT RefLinkID="7" />
        </ENTITY>
        <ENTITY LinkID="1" Class="NiGeneralEntity" Name="[Object]Grass.Natere_FeatherpalmGrass1001_01" TemplateID="30,74,25,86,d8,e6,3d,45,b3,43,2d,89,2f,36,d8,3a">
            <COMPONENT RefLinkID="2" />
            <COMPONENT RefLinkID="3" />
            <COMPONENT RefLinkID="4" />
        </ENTITY>
        <COMPONENT LinkID="2" Class="NiTransformationComponent" Name="Transformation">
            <PROPERTY Class="Point3" Name="Translation">0.0000000000000000, 0.0000000000000000, 0.0000000000000000</PROPERTY>
            <PROPERTY Class="Matrix3" Name="Rotation">
                <ROW>1.0000000000000000, 0.0000000000000000, 0.0000000000000000</ROW>
                <ROW>0.0000000000000000, 1.0000000000000000, 0.0000000000000000</ROW>
                <ROW>0.0000000000000000, 0.0000000000000000, 1.0000000000000000</ROW>
            </PROPERTY>
            <PROPERTY Class="Float" Name="Scale">1.0000000000000000</PROPERTY>
        </COMPONENT>
        <COMPONENT LinkID="3" Class="NiSceneGraphComponent" Name="Scene Graph">
            <PROPERTY Class="String" Name="NIF File Path" Asset="TRUE">.\..\..\00_Object\Grass\Natere_FeatherpalmGrass1001_01.nif</PROPERTY>
        </COMPONENT>
        <COMPONENT LinkID="4" Class="NiGeneralComponent" Name="Hide Object" TemplateID="f6,46,16,db,61,92,23,47,b5,4a,da,2d,42,d7,85,b9">
            <PROPERTY Class="Float" Name="Alpha Value" SemanticType="Float" DisplayName="Alpha Value" Description="">0.4000000059604645</PROPERTY>
            <PROPERTY Class="Boolean" Name="Alpha Enable" SemanticType="Boolean" DisplayName="Alpha Enable" Description="">FALSE</PROPERTY>
            <PROPERTY Class="Boolean" Name="Hide Object" SemanticType="Boolean" DisplayName="Hide Object" Description="">FALSE</PROPERTY>
        </COMPONENT>
        <COMPONENT LinkID="5" Class="NiTransformationComponent" Name="Transformation">
            <PROPERTY Class="Point3" Name="Translation">3045.2819824218750000, 6961.6660156250000000, -193.7921905517578100</PROPERTY>
            <PROPERTY Class="Matrix3" Name="Rotation">
                <ROW>-0.1327771544456482, 0.9873458743095398, -0.0867100656032562</ROW>
                <ROW>-0.9859335422515869, -0.1226120293140411, 0.1135853081941605</ROW>
                <ROW>0.1015162914991379, 0.1005718931555748, 0.9897372126579285</ROW>
            </PROPERTY>
            <PROPERTY Class="Float" Name="Scale">0.9903295040130615</PROPERTY>
        </COMPONENT>
        <COMPONENT LinkID="6" Class="NiSceneGraphComponent" Name="Scene Graph" MasterLinkID="3" />
        <COMPONENT LinkID="7" Class="NiGeneralComponent" Name="Hide Object" TemplateID="f6,46,16,db,61,92,23,47,b5,4a,da,2d,42,d7,85,b9" MasterLinkID="4" />
        <ENTITY LinkID="8" Class="NiGeneralEntity" Name="Nature_Stone1001_01 04" Type="Object" UsePhysX="FALSE" PostfixTexture="" Optimization="0" AlphaGroup="1" RandomAni="FALSE" TemplateID="83,f3,dd,94,1,4e,9a,4d,98,4d,be,7a,44,44,ef,ea" MasterLinkID="9">
            <COMPONENT RefLinkID="12" />
            <COMPONENT RefLinkID="13" />
        </ENTITY>
        <ENTITY LinkID="9" Class="NiGeneralEntity" Name="[Object]Stone.Nature_Stone1001_01" TemplateID="83,f3,dd,94,1,4e,9a,4d,98,4d,be,7a,44,44,ef,ea">
            <COMPONENT RefLinkID="10" />
            <COMPONENT RefLinkID="11" />
        </ENTITY>
        <COMPONENT LinkID="10" Class="NiTransformationComponent" Name="Transformation">
            <PROPERTY Class="Point3" Name="Translation">0.0000000000000000, 0.0000000000000000, 0.0000000000000000</PROPERTY>
            <PROPERTY Class="Matrix3" Name="Rotation">
                <ROW>1.0000000000000000, 0.0000000000000000, 0.0000000000000000</ROW>
                <ROW>0.0000000000000000, 1.0000000000000000, 0.0000000000000000</ROW>
                <ROW>0.0000000000000000, 0.0000000000000000, 1.0000000000000000</ROW>
            </PROPERTY>
            <PROPERTY Class="Float" Name="Scale">1.0000000000000000</PROPERTY>
        </COMPONENT>
        <COMPONENT LinkID="11" Class="NiSceneGraphComponent" Name="Scene Graph">
            <PROPERTY Class="String" Name="NIF File Path" Asset="TRUE">.\..\..\00_Object\Stone\Nature_Stone1001_01.nif</PROPERTY>
        </COMPONENT>
        <COMPONENT LinkID="12" Class="NiTransformationComponent" Name="Transformation">
            <PROPERTY Class="Point3" Name="Translation">1276.1708984375000000, 7923.6987304687500000, -192.1642150878906300</PROPERTY>
            <PROPERTY Class="Matrix3" Name="Rotation">
                <ROW>0.4100485444068909, -0.9120637178421021, 0.0000000000000000</ROW>
                <ROW>0.9120637178421021, 0.4100485444068909, 0.0000000000000000</ROW>
                <ROW>0.0000000000000000, 0.0000000000000000, 1.0000000000000000</ROW>
            </PROPERTY>
            <PROPERTY Class="Float" Name="Scale">1.0609190464019775</PROPERTY>
        </COMPONENT>
        <COMPONENT LinkID="13" Class="NiSceneGraphComponent" Name="Scene Graph" MasterLinkID="11" />
        <ENTITY LinkID="14" Class="NiGeneralEntity" Name="Natere_Featherpalm2001_01 02" Type="Object" UsePhysX="FALSE" PostfixTexture="" Optimization="0" AlphaGroup="1" RandomAni="FALSE" TemplateID="a0,24,17,88,d7,b6,f8,48,97,d5,7a,d0,e1,80,86,8" MasterLinkID="15">
            <COMPONENT RefLinkID="20" />
            <COMPONENT RefLinkID="21" />
            <COMPONENT RefLinkID="22" />
            <COMPONENT RefLinkID="23" />
        </ENTITY>
        <ENTITY LinkID="15" Class="NiGeneralEntity" Name="[Object]Tree.Natere_Featherpalm2001_01" TemplateID="a0,24,17,88,d7,b6,f8,48,97,d5,7a,d0,e1,80,86,8">
            <COMPONENT RefLinkID="16" />
            <COMPONENT RefLinkID="17" />
            <COMPONENT RefLinkID="18" />
            <COMPONENT RefLinkID="19" />
        </ENTITY>
        <COMPONENT LinkID="16" Class="NiTransformationComponent" Name="Transformation">
            <PROPERTY Class="Point3" Name="Translation">0.0000000000000000, 0.0000000000000000, 0.0000000000000000</PROPERTY>
            <PROPERTY Class="Matrix3" Name="Rotation">
                <ROW>1.0000000000000000, 0.0000000000000000, 0.0000000000000000</ROW>
                <ROW>0.0000000000000000, 1.0000000000000000, 0.0000000000000000</ROW>
                <ROW>0.0000000000000000, 0.0000000000000000, 1.0000000000000000</ROW>
            </PROPERTY>
            <PROPERTY Class="Float" Name="Scale">1.0000000000000000</PROPERTY>
        </COMPONENT>
        <COMPONENT LinkID="17" Class="NiSceneGraphComponent" Name="Scene Graph">
            <PROPERTY Class="String" Name="NIF File Path" Asset="TRUE">.\..\..\00_Object\Tree\Natere_Featherpalm2001_01.nif</PROPERTY>
        </COMPONENT>
        <COMPONENT LinkID="18" Class="NiGeneralComponent" Name="Animation Object" TemplateID="c5,83,7b,6f,ea,53,7d,45,95,5a,2e,ab,38,28,a5,76">
            <PROPERTY Class="Float" Name="Phase" SemanticType="Float" DisplayName="Phase" Description="">-1000.0000000000000000</PROPERTY>
        </COMPONENT>
        <COMPONENT LinkID="19" Class="NiGeneralComponent" Name="Hide Object" TemplateID="f6,46,16,db,61,92,23,47,b5,4a,da,2d,42,d7,85,b9">
            <PROPERTY Class="Float" Name="Alpha Value" SemanticType="Float" DisplayName="Alpha Value" Description="">0.4000000059604645</PROPERTY>
            <PROPERTY Class="Boolean" Name="Alpha Enable" SemanticType="Boolean" DisplayName="Alpha Enable" Description="">FALSE</PROPERTY>
            <PROPERTY Class="Boolean" Name="Hide Object" SemanticType="Boolean" DisplayName="Hide Object" Description="">FALSE</PROPERTY>
        </COMPONENT>
        <COMPONENT LinkID="20" Class="NiTransformationComponent" Name="Transformation">
            <PROPERTY Class="Point3" Name="Translation">1241.7199707031250000, 8149.7900390625000000, -193.7554016113281200</PROPERTY>
            <PROPERTY Class="Matrix3" Name="Rotation">
                <ROW>0.9363135099411011, -0.3511654138565064, 0.0000000000000000</ROW>
                <ROW>0.3511654138565064, 0.9363135099411011, 0.0000000000000000</ROW>
                <ROW>0.0000000000000000, 0.0000000000000000, 1.0000000000000000</ROW>
            </PROPERTY>
            <PROPERTY Class="Float" Name="Scale">1.0000000000000000</PROPERTY>
        </COMPONENT>
        <COMPONENT LinkID="21" Class="NiSceneGraphComponent" Name="Scene Graph" MasterLinkID="17" />
        <COMPONENT LinkID="22" Class="NiGeneralComponent" Name="Animation Object" TemplateID="c5,83,7b,6f,ea,53,7d,45,95,5a,2e,ab,38,28,a5,76" MasterLinkID="18" />
        <COMPONENT LinkID="23" Class="NiGeneralComponent" Name="Hide Object" TemplateID="f6,46,16,db,61,92,23,47,b5,4a,da,2d,42,d7,85,b9" MasterLinkID="19" />
        <ENTITY LinkID="24" Class="NiGeneralEntity" Name="Natere_Featherpalm2001_01 04" Type="Object" UsePhysX="FALSE" PostfixTexture="" Optimization="0" AlphaGroup="1" RandomAni="FALSE" TemplateID="a0,24,17,88,d7,b6,f8,48,97,d5,7a,d0,e1,80,86,8" MasterLinkID="15">
            <COMPONENT RefLinkID="25" />
            <COMPONENT RefLinkID="26" />
            <COMPONENT RefLinkID="27" />
            <COMPONENT RefLinkID="28" />
        </ENTITY>
        <COMPONENT LinkID="25" Class="NiTransformationComponent" Name="Transformation">
            <PROPERTY Class="Point3" Name="Translation">3140.8239746093750000, 6731.2968750000000000, -193.5278167724609400</PROPERTY>
            <PROPERTY Class="Matrix3" Name="Rotation">
                <ROW>0.8408073186874390, 0.4484652876853943, -0.3031863868236542</ROW>
                <ROW>-0.4807041883468628, 0.8760929107666016, -0.0372125953435898</ROW>
                <ROW>0.2489308565855026, 0.1770315766334534, 0.9522044062614441</ROW>
            </PROPERTY>
            <PROPERTY Class="Float" Name="Scale">1.0000000000000000</PROPERTY>
        </COMPONENT>
        <COMPONENT LinkID="26" Class="NiSceneGraphComponent" Name="Scene Graph" MasterLinkID="17" />
        <COMPONENT LinkID="27" Class="NiGeneralComponent" Name="Animation Object" TemplateID="c5,83,7b,6f,ea,53,7d,45,95,5a,2e,ab,38,28,a5,76" MasterLinkID="18" />
        <COMPONENT LinkID="28" Class="NiGeneralComponent" Name="Hide Object" TemplateID="f6,46,16,db,61,92,23,47,b5,4a,da,2d,42,d7,85,b9" MasterLinkID="19" />
        <ENTITY LinkID="29" Class="NiGeneralEntity" Name="Natere_FeatherpalmGrass1001_01 19" Type="Object" UsePhysX="FALSE" PostfixTexture="" Optimization="0" AlphaGroup="1" RandomAni="FALSE" TemplateID="30,74,25,86,d8,e6,3d,45,b3,43,2d,89,2f,36,d8,3a" MasterLinkID="1">
            <COMPONENT RefLinkID="30" />
            <COMPONENT RefLinkID="31" />
            <COMPONENT RefLinkID="32" />
        </ENTITY>
        <COMPONENT LinkID="30" Class="NiTransformationComponent" Name="Transformation">
            <PROPERTY Class="Point3" Name="Translation">1277.2156982421875000, 7866.2460937500000000, -196.5469512939453100</PROPERTY>
            <PROPERTY Class="Matrix3" Name="Rotation">
                <ROW>0.1310632228851318, 0.9913741350173950, 0.0000000000000000</ROW>
                <ROW>-0.9913741350173950, 0.1310632228851318, 0.0000000000000000</ROW>
                <ROW>0.0000000000000000, 0.0000000000000000, 1.0000000000000000</ROW>
            </PROPERTY>
            <PROPERTY Class="Float" Name="Scale">0.7671416401863098</PROPERTY>
        </COMPONENT>
        <COMPONENT LinkID="31" Class="NiSceneGraphComponent" Name="Scene Graph" MasterLinkID="3" />
        <COMPONENT LinkID="32" Class="NiGeneralComponent" Name="Hide Object" TemplateID="f6,46,16,db,61,92,23,47,b5,4a,da,2d,42,d7,85,b9" MasterLinkID="4" />
        <ENTITY LinkID="33" Class="NiGeneralEntity" Name="Natere_Featherpalm2002_01 04" Type="Object" UsePhysX="FALSE" PostfixTexture="" Optimization="0" AlphaGroup="1" RandomAni="FALSE" TemplateID="e7,95,99,ca,dc,98,5f,45,87,75,9a,8b,22,f9,d2,dc" MasterLinkID="34">
            <COMPONENT RefLinkID="38" />
            <COMPONENT RefLinkID="39" />
            <COMPONENT RefLinkID="40" />
            <COMPONENT RefLinkID="41" />
        </ENTITY>
        <ENTITY LinkID="34" Class="NiGeneralEntity" Name="[Object]Tree.Natere_Featherpalm2002_01" TemplateID="e7,95,99,ca,dc,98,5f,45,87,75,9a,8b,22,f9,d2,dc">
            <COMPONENT RefLinkID="35" />
            <COMPONENT RefLinkID="36" />
            <COMPONENT RefLinkID="18" />
            <COMPONENT RefLinkID="37" />
        </ENTITY>
        <COMPONENT LinkID="35" Class="NiTransformationComponent" Name="Transformation">
            <PROPERTY Class="Point3" Name="Translation">0.0000000000000000, 0.0000000000000000, 0.0000000000000000</PROPERTY>
            <PROPERTY Class="Matrix3" Name="Rotation">
                <ROW>1.0000000000000000, 0.0000000000000000, 0.0000000000000000</ROW>
                <ROW>0.0000000000000000, 1.0000000000000000, 0.0000000000000000</ROW>
                <ROW>0.0000000000000000, 0.0000000000000000, 1.0000000000000000</ROW>
            </PROPERTY>
            <PROPERTY Class="Float" Name="Scale">1.0000000000000000</PROPERTY>
        </COMPONENT>
        <COMPONENT LinkID="36" Class="NiSceneGraphComponent" Name="Scene Graph">
            <PROPERTY Class="String" Name="NIF File Path" Asset="TRUE">.\..\..\00_Object\Tree\Natere_Featherpalm2002_01.nif</PROPERTY>
        </COMPONENT>
        <COMPONENT LinkID="37" Class="NiGeneralComponent" Name="Hide Object" TemplateID="f6,46,16,db,61,92,23,47,b5,4a,da,2d,42,d7,85,b9">
            <PROPERTY Class="Float" Name="Alpha Value" SemanticType="Float" DisplayName="Alpha Value" Description="">0.4000000059604645</PROPERTY>
            <PROPERTY Class="Boolean" Name="Alpha Enable" SemanticType="Boolean" DisplayName="Alpha Enable" Description="">FALSE</PROPERTY>
            <PROPERTY Class="Boolean" Name="Hide Object" SemanticType="Boolean" DisplayName="Hide Object" Description="">FALSE</PROPERTY>
        </COMPONENT>
        <COMPONENT LinkID="38" Class="NiTransformationComponent" Name="Transformation">
            <PROPERTY Class="Point3" Name="Translation">3094.9355468750000000, 6790.2456054687500000, -203.6912078857421900</PROPERTY>
            <PROPERTY Class="Matrix3" Name="Rotation">
                <ROW>0.6033630967140198, 0.7903717756271362, -0.1061386764049530</ROW>
                <ROW>-0.7948616743087769, 0.6067906618118286, 0.0000000000000000</ROW>
                <ROW>0.0644039586186409, 0.0843655690550804, 0.9943513274192810</ROW>
            </PROPERTY>
            <PROPERTY Class="Float" Name="Scale">0.8670202493667603</PROPERTY>
        </COMPONENT>
        <COMPONENT LinkID="39" Class="NiSceneGraphComponent" Name="Scene Graph" MasterLinkID="36" />
        <COMPONENT LinkID="40" Class="NiGeneralComponent" Name="Animation Object" TemplateID="c5,83,7b,6f,ea,53,7d,45,95,5a,2e,ab,38,28,a5,76" MasterLinkID="18" />
        <COMPONENT LinkID="41" Class="NiGeneralComponent" Name="Hide Object" TemplateID="f6,46,16,db,61,92,23,47,b5,4a,da,2d,42,d7,85,b9" MasterLinkID="37" />
        <ENTITY LinkID="42" Class="NiGeneralEntity" Name="Nature_SeaStar1001_01 06" Type="Object" UsePhysX="TRUE" PostfixTexture="" Optimization="0" AlphaGroup="1" RandomAni="FALSE" TemplateID="81,e4,3e,d9,da,c0,1,49,a9,cf,57,4b,46,95,44,2d" MasterLinkID="43">
            <COMPONENT RefLinkID="46" />
            <COMPONENT RefLinkID="47" />
        </ENTITY>
        <ENTITY LinkID="43" Class="NiGeneralEntity" Name="[Object]SeaGrass.Nature_SeaStar1001_01" TemplateID="81,e4,3e,d9,da,c0,1,49,a9,cf,57,4b,46,95,44,2d">
            <COMPONENT RefLinkID="44" />
            <COMPONENT RefLinkID="45" />
        </ENTITY>
        <COMPONENT LinkID="44" Class="NiTransformationComponent" Name="Transformation">
            <PROPERTY Class="Point3" Name="Translation">0.0000000000000000, 0.0000000000000000, 0.0000000000000000</PROPERTY>
            <PROPERTY Class="Matrix3" Name="Rotation">
                <ROW>1.0000000000000000, 0.0000000000000000, 0.0000000000000000</ROW>
                <ROW>0.0000000000000000, 1.0000000000000000, 0.0000000000000000</ROW>
                <ROW>0.0000000000000000, 0.0000000000000000, 1.0000000000000000</ROW>
            </PROPERTY>
            <PROPERTY Class="Float" Name="Scale">1.0000000000000000</PROPERTY>
        </COMPONENT>
        <COMPONENT LinkID="45" Class="NiSceneGraphComponent" Name="Scene Graph">
            <PROPERTY Class="String" Name="NIF File Path" Asset="TRUE">.\..\..\00_Object\SeaGrass\Nature_SeaStar1001_01.nif</PROPERTY>
        </COMPONENT>
        <COMPONENT LinkID="46" Class="NiTransformationComponent" Name="Transformation">
            <PROPERTY Class="Point3" Name="Translation">1227.5842285156250000, 7563.8920898437500000, -199.0919647216796900</PROPERTY>
            <PROPERTY Class="Matrix3" Name="Rotation">
                <ROW>0.3495715558528900, -0.9365295767784119, -0.0266859754920006</ROW>
                <ROW>0.9220402836799622, 0.3489384055137634, -0.1675819158554077</ROW>
                <ROW>0.1662571579217911, 0.0339762978255749, 0.9854969382286072</ROW>
            </PROPERTY>
            <PROPERTY Class="Float" Name="Scale">1.2430609464645386</PROPERTY>
        </COMPONENT>
        <COMPONENT LinkID="47" Class="NiSceneGraphComponent" Name="Scene Graph" MasterLinkID="45" />
        <ENTITY LinkID="48" Class="NiGeneralEntity" Name="Natere_FeatherpalmGrass1001_01 22" Type="Object" UsePhysX="FALSE" PostfixTexture="" Optimization="0" AlphaGroup="1" RandomAni="FALSE" TemplateID="30,74,25,86,d8,e6,3d,45,b3,43,2d,89,2f,36,d8,3a" MasterLinkID="1">
            <COMPONENT RefLinkID="49" />
            <COMPONENT RefLinkID="50" />
            <COMPONENT RefLinkID="51" />
        </ENTITY>
        <COMPONENT LinkID="49" Class="NiTransformationComponent" Name="Transformation">
            <PROPERTY Class="Point3" Name="Translation">1580.6407470703125000, 7929.5493164062500000, -201.0416870117187500</PROPERTY>
            <PROPERTY Class="Matrix3" Name="Rotation">
                <ROW>0.4874550700187683, 0.8731480836868286, 0.0000000000000000</ROW>
                <ROW>-0.8731480836868286, 0.4874550700187683, 0.0000000000000000</ROW>
                <ROW>0.0000000000000000, 0.0000000000000000, 1.0000000000000000</ROW>
            </PROPERTY>
            <PROPERTY Class="Float" Name="Scale">0.8298586010932922</PROPERTY>
        </COMPONENT>
        <COMPONENT LinkID="50" Class="NiSceneGraphComponent" Name="Scene Graph" MasterLinkID="3" />
        <COMPONENT LinkID="51" Class="NiGeneralComponent" Name="Hide Object" TemplateID="f6,46,16,db,61,92,23,47,b5,4a,da,2d,42,d7,85,b9" MasterLinkID="4" />
        <ENTITY LinkID="52" Class="NiGeneralEntity" Name="Natere_FeatherpalmGrass1001_01 23" Type="Object" UsePhysX="FALSE" PostfixTexture="" Optimization="0" AlphaGroup="1" RandomAni="FALSE" TemplateID="30,74,25,86,d8,e6,3d,45,b3,43,2d,89,2f,36,d8,3a" MasterLinkID="1">
            <COMPONENT RefLinkID="53" />
            <COMPONENT RefLinkID="54" />
            <COMPONENT RefLinkID="55" />
        </ENTITY>
        <COMPONENT LinkID="53" Class="NiTransformationComponent" Name="Transformation">
            <PROPERTY Class="Point3" Name="Translation">1284.1853027343750000, 7813.2802734375000000, -200.2003173828125000</PROPERTY>
            <PROPERTY Class="Matrix3" Name="Rotation">
                <ROW>0.8806115388870239, 0.4738392233848572, 0.0000000000000000</ROW>
                <ROW>-0.4738392233848572, 0.8806115388870239, 0.0000000000000000</ROW>
                <ROW>0.0000000000000000, 0.0000000000000000, 1.0000000000000000</ROW>
            </PROPERTY>
            <PROPERTY Class="Float" Name="Scale">0.8389482498168945</PROPERTY>
        </COMPONENT>
        <COMPONENT LinkID="54" Class="NiSceneGraphComponent" Name="Scene Graph" MasterLinkID="3" />
        <COMPONENT LinkID="55" Class="NiGeneralComponent" Name="Hide Object" TemplateID="f6,46,16,db,61,92,23,47,b5,4a,da,2d,42,d7,85,b9" MasterLinkID="4" />
        <ENTITY LinkID="56" Class="NiGeneralEntity" Name="Art_SmallShip1001_04 01" Type="Object" UsePhysX="FALSE" PostfixTexture="" Optimization="0" AlphaGroup="1" RandomAni="FALSE" TemplateID="6e,ea,a2,65,15,4f,3a,43,8c,8e,db,af,fd,27,83,7c" MasterLinkID="57">
            <COMPONENT RefLinkID="61" />
            <COMPONENT RefLinkID="62" />
            <COMPONENT RefLinkID="63" />
        </ENTITY>
        <ENTITY LinkID="57" Class="NiGeneralEntity" Name="[Object]Ship.Art_SmallShip1001_04" TemplateID="6e,ea,a2,65,15,4f,3a,43,8c,8e,db,af,fd,27,83,7c">
            <COMPONENT RefLinkID="58" />
            <COMPONENT RefLinkID="59" />
            <COMPONENT RefLinkID="60" />
        </ENTITY>
        <COMPONENT LinkID="58" Class="NiTransformationComponent" Name="Transformation">
            <PROPERTY Class="Point3" Name="Translation">0.0000000000000000, 0.0000000000000000, 0.0000000000000000</PROPERTY>
            <PROPERTY Class="Matrix3" Name="Rotation">
                <ROW>1.0000000000000000, 0.0000000000000000, 0.0000000000000000</ROW>
                <ROW>0.0000000000000000, 1.0000000000000000, 0.0000000000000000</ROW>
                <ROW>0.0000000000000000, 0.0000000000000000, 1.0000000000000000</ROW>
            </PROPERTY>
            <PROPERTY Class="Float" Name="Scale">1.0000000000000000</PROPERTY>
        </COMPONENT>
        <COMPONENT LinkID="59" Class="NiSceneGraphComponent" Name="Scene Graph">
            <PROPERTY Class="String" Name="NIF File Path" Asset="TRUE">.\..\..\00_Object\Ship\Art_SmallShip1001_04.nif</PROPERTY>
        </COMPONENT>
        <COMPONENT LinkID="60" Class="NiGeneralComponent" Name="Hide Object" TemplateID="f6,46,16,db,61,92,23,47,b5,4a,da,2d,42,d7,85,b9">
            <PROPERTY Class="Float" Name="Alpha Value" SemanticType="Float" DisplayName="Alpha Value" Description="">0.4000000059604645</PROPERTY>
            <PROPERTY Class="Boolean" Name="Alpha Enable" SemanticType="Boolean" DisplayName="Alpha Enable" Description="">FALSE</PROPERTY>
            <PROPERTY Class="Boolean" Name="Hide Object" SemanticType="Boolean" DisplayName="Hide Object" Description="">FALSE</PROPERTY>
        </COMPONENT>
        <COMPONENT LinkID="61" Class="NiTransformationComponent" Name="Transformation">
            <PROPERTY Class="Point3" Name="Translation">-250.3419799804687500, 2188.5092773437500000, -230.1278076171875000</PROPERTY>
            <PROPERTY Class="Matrix3" Name="Rotation">
                <ROW>0.4216021895408630, 0.8910688757896423, 0.1680708378553391</ROW>
                <ROW>-0.8735041022300720, 0.4488444030284882, -0.1884921938180924</ROW>
                <ROW>-0.2433972060680389, -0.0673418492078781, 0.9675861001014710</ROW>
            </PROPERTY>
            <PROPERTY Class="Float" Name="Scale">1.0000000000000000</PROPERTY>
        </COMPONENT>
        <COMPONENT LinkID="62" Class="NiSceneGraphComponent" Name="Scene Graph" MasterLinkID="59" />
        <COMPONENT LinkID="63" Class="NiGeneralComponent" Name="Hide Object" TemplateID="f6,46,16,db,61,92,23,47,b5,4a,da,2d,42,d7,85,b9" MasterLinkID="60" />
        <ENTITY LinkID="64" Class="NiGeneralEntity" Name="Natere_FeatherpalmGrass1001_01 14" Type="Object" UsePhysX="FALSE" PostfixTexture="" Optimization="0" AlphaGroup="1" RandomAni="FALSE" TemplateID="30,74,25,86,d8,e6,3d,45,b3,43,2d,89,2f,36,d8,3a" MasterLinkID="1">
            <COMPONENT RefLinkID="65" />
            <COMPONENT RefLinkID="66" />
            <COMPONENT RefLinkID="67" />
        </ENTITY>
        <COMPONENT LinkID="65" Class="NiTransformationComponent" Name="Transformation">
            <PROPERTY Class="Point3" Name="Translation">3128.2426757812500000, 6705.8720703125000000, -207.3052062988281200</PROPERTY>
            <PROPERTY Class="Matrix3" Name="Rotation">
                <ROW>-0.2812194526195526, 0.9596434831619263, 0.0000000000000000</ROW>
                <ROW>-0.9596434831619263, -0.2812194526195526, 0.0000000000000000</ROW>
                <ROW>0.0000000000000000, 0.0000000000000000, 1.0000000000000000</ROW>
            </PROPERTY>
            <PROPERTY Class="Float" Name="Scale">1.2901432514190674</PROPERTY>
        </COMPONENT>
        <COMPONENT LinkID="66" Class="NiSceneGraphComponent" Name="Scene Graph" MasterLinkID="3" />
        <COMPONENT LinkID="67" Class="NiGeneralComponent" Name="Hide Object" TemplateID="f6,46,16,db,61,92,23,47,b5,4a,da,2d,42,d7,85,b9" MasterLinkID="4" />
        <ENTITY LinkID="68" Class="NiGeneralEntity" Name="Nature_Stone1001_01 05" Type="Object" UsePhysX="FALSE" PostfixTexture="" Optimization="0" AlphaGroup="1" RandomAni="FALSE" TemplateID="83,f3,dd,94,1,4e,9a,4d,98,4d,be,7a,44,44,ef,ea" MasterLinkID="9">
            <COMPONENT RefLinkID="69" />
            <COMPONENT RefLinkID="70" />
        </ENTITY>
        <COMPONENT LinkID="69" Class="NiTransformationComponent" Name="Transformation">
            <PROPERTY Class="Point3" Name="Translation">1305.8753662109375000, 7931.3598632812500000, -194.4157562255859400</PROPERTY>
            <PROPERTY Class="Matrix3" Name="Rotation">
                <ROW>-0.1496574878692627, -0.9887379407882690, 0.0000000000000000</ROW>
                <ROW>0.9887379407882690, -0.1496574878692627, 0.0000000000000000</ROW>
                <ROW>0.0000000000000000, 0.0000000000000000, 1.0000000000000000</ROW>
            </PROPERTY>
            <PROPERTY Class="Float" Name="Scale">0.5629927515983582</PROPERTY>
        </COMPONENT>
        <COMPONENT LinkID="70" Class="NiSceneGraphComponent" Name="Scene Graph" MasterLinkID="11" />
        <ENTITY LinkID="71" Class="NiGeneralEntity" Name="Natere_FeatherpalmGrass1001_01 20" Type="Object" UsePhysX="FALSE" PostfixTexture="" Optimization="0" AlphaGroup="1" RandomAni="FALSE" TemplateID="30,74,25,86,d8,e6,3d,45,b3,43,2d,89,2f,36,d8,3a" MasterLinkID="1">
            <COMPONENT RefLinkID="72" />
            <COMPONENT RefLinkID="73" />
            <COMPONENT RefLinkID="74" />
        </ENTITY>
        <COMPONENT LinkID="72" Class="NiTransformationComponent" Name="Transformation">
            <PROPERTY Class="Point3" Name="Translation">1371.4377441406250000, 7947.1538085937500000, -197.6542510986328100</PROPERTY>
            <PROPERTY Class="Matrix3" Name="Rotation">
                <ROW>0.6309804320335388, 0.7757989168167114, 0.0000000000000000</ROW>
                <ROW>-0.7757989168167114, 0.6309804320335388, 0.0000000000000000</ROW>
                <ROW>0.0000000000000000, 0.0000000000000000, 1.0000000000000000</ROW>
            </PROPERTY>
            <PROPERTY Class="Float" Name="Scale">0.6000000238418579</PROPERTY>
        </COMPONENT>
        <COMPONENT LinkID="73" Class="NiSceneGraphComponent" Name="Scene Graph" MasterLinkID="3" />
        <COMPONENT LinkID="74" Class="NiGeneralComponent" Name="Hide Object" TemplateID="f6,46,16,db,61,92,23,47,b5,4a,da,2d,42,d7,85,b9" MasterLinkID="4">
            <PROPERTY Class="Boolean" Name="Alpha Enable" SemanticType="Boolean" DisplayName="Alpha Enable" Description="">FALSE</PROPERTY>
        </COMPONENT>
        <ENTITY LinkID="75" Class="NiGeneralEntity" Name="Nature_SeaStar2001_04 02" Type="Object" UsePhysX="FALSE" PostfixTexture="" Optimization="0" AlphaGroup="1" RandomAni="FALSE" TemplateID="b3,34,d0,7b,df,d2,e9,43,aa,25,4e,a5,3e,7e,21,7d" MasterLinkID="76">
            <COMPONENT RefLinkID="79" />
            <COMPONENT RefLinkID="80" />
        </ENTITY>
        <ENTITY LinkID="76" Class="NiGeneralEntity" Name="[Object]SeaGrass.Nature_SeaStar2001_04" TemplateID="b3,34,d0,7b,df,d2,e9,43,aa,25,4e,a5,3e,7e,21,7d">
            <COMPONENT RefLinkID="77" />
            <COMPONENT RefLinkID="78" />
        </ENTITY>
        <COMPONENT LinkID="77" Class="NiTransformationComponent" Name="Transformation">
            <PROPERTY Class="Point3" Name="Translation">0.0000000000000000, 0.0000000000000000, 0.0000000000000000</PROPERTY>
            <PROPERTY Class="Matrix3" Name="Rotation">
                <ROW>1.0000000000000000, 0.0000000000000000, 0.0000000000000000</ROW>
                <ROW>0.0000000000000000, 1.0000000000000000, 0.0000000000000000</ROW>
                <ROW>0.0000000000000000, 0.0000000000000000, 1.0000000000000000</ROW>
            </PROPERTY>
            <PROPERTY Class="Float" Name="Scale">1.0000000000000000</PROPERTY>
        </COMPONENT>
        <COMPONENT LinkID="78" Class="NiSceneGraphComponent" Name="Scene Graph">
            <PROPERTY Class="String" Name="NIF File Path" Asset="TRUE">.\..\..\00_Object\SeaGrass\Nature_SeaStar2001_04.nif</PROPERTY>
        </COMPONENT>
        <COMPONENT LinkID="79" Class="NiTransformationComponent" Name="Transformation">
            <PROPERTY Class="Point3" Name="Translation">-650.1462402343750000, 1330.4742431640625000, -183.9062805175781200</PROPERTY>
            <PROPERTY Class="Matrix3" Name="Rotation">
                <ROW>0.9999890923500061, 0.0000000000000000, -0.0046738386154175</ROW>
                <ROW>-0.0002489682810847, 0.9985802173614502, -0.0532678999006748</ROW>
                <ROW>0.0046672029420733, 0.0532684810459614, 0.9985693097114563</ROW>
            </PROPERTY>
            <PROPERTY Class="Float" Name="Scale">0.7537409663200378</PROPERTY>
        </COMPONENT>
        <COMPONENT LinkID="80" Class="NiSceneGraphComponent" Name="Scene Graph" MasterLinkID="78" />
        <ENTITY LinkID="81" Class="NiGeneralEntity" Name="Natere_FeatherpalmGrass1001_01 21" Type="Object" UsePhysX="FALSE" PostfixTexture="" Optimization="0" AlphaGroup="1" RandomAni="FALSE" TemplateID="30,74,25,86,d8,e6,3d,45,b3,43,2d,89,2f,36,d8,3a" MasterLinkID="1">
            <COMPONENT RefLinkID="82" />
            <COMPONENT RefLinkID="83" />
            <COMPONENT RefLinkID="84" />
        </ENTITY>
        <COMPONENT LinkID="82" Class="NiTransformationComponent" Name="Transformation">
            <PROPERTY Class="Point3" Name="Translation">1282.2303466796875000, 8139.0585937500000000, -191.8917999267578100</PROPERTY>
            <PROPERTY Class="Matrix3" Name="Rotation">
                <ROW>0.4416837394237518, 0.8971709012985230, 0.0000000000000000</ROW>
                <ROW>-0.8971709012985230, 0.4416837394237518, 0.0000000000000000</ROW>
                <ROW>0.0000000000000000, 0.0000000000000000, 1.0000000000000000</ROW>
            </PROPERTY>
            <PROPERTY Class="Float" Name="Scale">0.8718020915985107</PROPERTY>
        </COMPONENT>
        <COMPONENT LinkID="83" Class="NiSceneGraphComponent" Name="Scene Graph" MasterLinkID="3" />
        <COMPONENT LinkID="84" Class="NiGeneralComponent" Name="Hide Object" TemplateID="f6,46,16,db,61,92,23,47,b5,4a,da,2d,42,d7,85,b9" MasterLinkID="4" />
        <ENTITY LinkID="85" Class="NiGeneralEntity" Name="Natere_FeatherpalmGrass1001_01 12" Type="Object" UsePhysX="FALSE" PostfixTexture="" Optimization="0" AlphaGroup="1" RandomAni="FALSE" TemplateID="30,74,25,86,d8,e6,3d,45,b3,43,2d,89,2f,36,d8,3a" MasterLinkID="1">
            <COMPONENT RefLinkID="86" />
            <COMPONENT RefLinkID="87" />
            <COMPONENT RefLinkID="88" />
        </ENTITY>
        <COMPONENT LinkID="86" Class="NiTransformationComponent" Name="Transformation">
            <PROPERTY Class="Point3" Name="Translation">1902.5802001953125000, 7883.6782226562500000, -193.7918701171875000</PROPERTY>
            <PROPERTY Class="Matrix3" Name="Rotation">
                <ROW>0.2032119035720825, 0.9791347980499268, 0.0000000000000000</ROW>
                <ROW>-0.9791347980499268, 0.2032119035720825, 0.0000000000000000</ROW>
                <ROW>0.0000000000000000, 0.0000000000000000, 1.0000000000000000</ROW>
            </PROPERTY>
            <PROPERTY Class="Float" Name="Scale">0.9791995882987976</PROPERTY>
        </COMPONENT>
        <COMPONENT LinkID="87" Class="NiSceneGraphComponent" Name="Scene Graph" MasterLinkID="3" />
        <COMPONENT LinkID="88" Class="NiGeneralComponent" Name="Hide Object" TemplateID="f6,46,16,db,61,92,23,47,b5,4a,da,2d,42,d7,85,b9" MasterLinkID="4" />
        <ENTITY LinkID="89" Class="NiGeneralEntity" Name="Natere_FeatherpalmGrass1001_01 13" Type="Object" UsePhysX="FALSE" PostfixTexture="" Optimization="0" AlphaGroup="1" RandomAni="FALSE" TemplateID="30,74,25,86,d8,e6,3d,45,b3,43,2d,89,2f,36,d8,3a" MasterLinkID="1">
            <COMPONENT RefLinkID="90" />
            <COMPONENT RefLinkID="91" />
            <COMPONENT RefLinkID="92" />
        </ENTITY>
        <COMPONENT LinkID="90" Class="NiTransformationComponent" Name="Transformation">
            <PROPERTY Class="Point3" Name="Translation">3070.1442871093750000, 6773.5732421875000000, -199.4970397949218700</PROPERTY>
            <PROPERTY Class="Matrix3" Name="Rotation">
                <ROW>-0.2812194526195526, 0.9596434831619263, 0.0000000000000000</ROW>
                <ROW>-0.9596434831619263, -0.2812194526195526, 0.0000000000000000</ROW>
                <ROW>0.0000000000000000, 0.0000000000000000, 1.0000000000000000</ROW>
            </PROPERTY>
            <PROPERTY Class="Float" Name="Scale">0.9791995882987976</PROPERTY>
        </COMPONENT>
        <COMPONENT LinkID="91" Class="NiSceneGraphComponent" Name="Scene Graph" MasterLinkID="3" />
        <COMPONENT LinkID="92" Class="NiGeneralComponent" Name="Hide Object" TemplateID="f6,46,16,db,61,92,23,47,b5,4a,da,2d,42,d7,85,b9" MasterLinkID="4" />
        <ENTITY LinkID="93" Class="NiGeneralEntity" Name="IN_BSR_I_B_BA_Water_04 02" Type="Object" UsePhysX="TRUE" PostfixTexture="" Optimization="0" AlphaGroup="4" RandomAni="FALSE" TemplateID="f1,bc,5c,fa,f5,a7,1e,46,92,4,23,66,a5,eb,d4,d9" MasterLinkID="94">
            <COMPONENT RefLinkID="99" />
            <COMPONENT RefLinkID="100" />
            <COMPONENT RefLinkID="101" />
            <COMPONENT RefLinkID="102" />
        </ENTITY>
        <ENTITY LinkID="94" Class="NiGeneralEntity" Name="[Block]010100.IN_BSR_I_B_BA_Water_04" TemplateID="f1,bc,5c,fa,f5,a7,1e,46,92,4,23,66,a5,eb,d4,d9">
            <COMPONENT RefLinkID="95" />
            <COMPONENT RefLinkID="96" />
            <COMPONENT RefLinkID="97" />
            <COMPONENT RefLinkID="98" />
        </ENTITY>
        <COMPONENT LinkID="95" Class="NiTransformationComponent" Name="Transformation">
            <PROPERTY Class="Point3" Name="Translation">0.0000000000000000, 0.0000000000000000, 0.0000000000000000</PROPERTY>
            <PROPERTY Class="Matrix3" Name="Rotation">
                <ROW>1.0000000000000000, 0.0000000000000000, 0.0000000000000000</ROW>
                <ROW>0.0000000000000000, 1.0000000000000000, 0.0000000000000000</ROW>
                <ROW>0.0000000000000000, 0.0000000000000000, 1.0000000000000000</ROW>
            </PROPERTY>
            <PROPERTY Class="Float" Name="Scale">1.0000000000000000</PROPERTY>
        </COMPONENT>
        <COMPONENT LinkID="96" Class="NiSceneGraphComponent" Name="Scene Graph">
            <PROPERTY Class="String" Name="NIF File Path" Asset="TRUE">.\..\02_Modeling\Block\010100\IN_BSR_I_B_BA_Water_04.nif</PROPERTY>
        </COMPONENT>
        <COMPONENT LinkID="97" Class="NiGeneralComponent" Name="Animation Object" TemplateID="c5,83,7b,6f,ea,53,7d,45,95,5a,2e,ab,38,28,a5,76">
            <PROPERTY Class="Float" Name="Phase" SemanticType="Float" DisplayName="Phase" Description="">-1000.0000000000000000</PROPERTY>
        </COMPONENT>
        <COMPONENT LinkID="98" Class="NiGeneralComponent" Name="Hide Object" TemplateID="f6,46,16,db,61,92,23,47,b5,4a,da,2d,42,d7,85,b9">
            <PROPERTY Class="Float" Name="Alpha Value" SemanticType="Float" DisplayName="Alpha Value" Description="">0.4000000059604645</PROPERTY>
            <PROPERTY Class="Boolean" Name="Alpha Enable" SemanticType="Boolean" DisplayName="Alpha Enable" Description="">FALSE</PROPERTY>
            <PROPERTY Class="Boolean" Name="Hide Object" SemanticType="Boolean" DisplayName="Hide Object" Description="">FALSE</PROPERTY>
        </COMPONENT>
        <COMPONENT LinkID="99" Class="NiTransformationComponent" Name="Transformation">
            <PROPERTY Class="Point3" Name="Translation">3657.0820312500000000, 7317.4531250000000000, -193.7554626464843700</PROPERTY>
            <PROPERTY Class="Matrix3" Name="Rotation">
                <ROW>-0.8413456678390503, -0.5404974818229675, 0.0000000000000000</ROW>
                <ROW>0.5404974818229675, -0.8413456678390503, 0.0000000000000000</ROW>
                <ROW>0.0000000000000000, 0.0000000000000000, 1.0000000000000000</ROW>
            </PROPERTY>
            <PROPERTY Class="Float" Name="Scale">1.0000000000000000</PROPERTY>
        </COMPONENT>
        <COMPONENT LinkID="100" Class="NiSceneGraphComponent" Name="Scene Graph" MasterLinkID="96" />
        <COMPONENT LinkID="101" Class="NiGeneralComponent" Name="Animation Object" TemplateID="c5,83,7b,6f,ea,53,7d,45,95,5a,2e,ab,38,28,a5,76" MasterLinkID="97">
            <PROPERTY Class="Float" Name="Phase" SemanticType="Float" DisplayName="Phase" Description="">0.0000000000000000</PROPERTY>
        </COMPONENT>
        <COMPONENT LinkID="102" Class="NiGeneralComponent" Name="Hide Object" TemplateID="f6,46,16,db,61,92,23,47,b5,4a,da,2d,42,d7,85,b9" MasterLinkID="98" />
        <ENTITY LinkID="103" Class="NiGeneralEntity" Name="IN_BSR_I_B_BA_Water_04 01" Type="Object" UsePhysX="FALSE" PostfixTexture="" Optimization="0" AlphaGroup="4" RandomAni="FALSE" TemplateID="f1,bc,5c,fa,f5,a7,1e,46,92,4,23,66,a5,eb,d4,d9" MasterLinkID="94">
            <COMPONENT RefLinkID="104" />
            <COMPONENT RefLinkID="105" />
            <COMPONENT RefLinkID="106" />
            <COMPONENT RefLinkID="107" />
        </ENTITY>
        <COMPONENT LinkID="104" Class="NiTransformationComponent" Name="Transformation">
            <PROPERTY Class="Point3" Name="Translation">-5966.1733398437500000, 8914.6289062500000000, -193.7554626464843700</PROPERTY>
            <PROPERTY Class="Matrix3" Name="Rotation">
                <ROW>-0.9995234012603760, 0.0308716520667076, 0.0000000000000000</ROW>
                <ROW>-0.0308716520667076, -0.9995234012603760, 0.0000000000000000</ROW>
                <ROW>0.0000000000000000, 0.0000000000000000, 1.0000000000000000</ROW>
            </PROPERTY>
            <PROPERTY Class="Float" Name="Scale">1.0000000000000000</PROPERTY>
        </COMPONENT>
        <COMPONENT LinkID="105" Class="NiSceneGraphComponent" Name="Scene Graph" MasterLinkID="96" />
        <COMPONENT LinkID="106" Class="NiGeneralComponent" Name="Animation Object" TemplateID="c5,83,7b,6f,ea,53,7d,45,95,5a,2e,ab,38,28,a5,76" MasterLinkID="97">
            <PROPERTY Class="Float" Name="Phase" SemanticType="Float" DisplayName="Phase" Description="">0.0000000000000000</PROPERTY>
        </COMPONENT>
        <COMPONENT LinkID="107" Class="NiGeneralComponent" Name="Hide Object" TemplateID="f6,46,16,db,61,92,23,47,b5,4a,da,2d,42,d7,85,b9" MasterLinkID="98" />
        <ENTITY LinkID="108" Class="NiGeneralEntity" Name="Ingrid_BeachBG3001_05 01" Type="Object" UsePhysX="FALSE" PostfixTexture="" Optimization="0" AlphaGroup="0" RandomAni="FALSE" TemplateID="48,67,8b,25,f4,6,e8,41,9a,e4,9a,a6,47,a6,3a,65" MasterLinkID="109">
            <COMPONENT RefLinkID="113" />
            <COMPONENT RefLinkID="114" />
            <COMPONENT RefLinkID="115" />
        </ENTITY>
