<?xml version="1.0" ?>
<GSA Major="1" Minor="0" Patch="0">
    <PALETTES_DIRECTORY>
        <PALETTE_DIR IDX="0" DIRECTORY=".\..\..\..\..\..\ToolBin\SceneDesigner\Release\Data\" />
        <PALETTE_DIR IDX="1" DIRECTORY=".\..\..\Palettes\" />
    </PALETTES_DIRECTORY>
    <PALETTES>
        <PALETTE NAME="Default" DIR_IDX="0" />
        <PALETTE NAME="General" DIR_IDX="1" />
        <PALETTE NAME="Block" DIR_IDX="1" />
        <PALETTE NAME="Object" DIR_IDX="1" />
        <PALETTE NAME="Effect" DIR_IDX="1" />
    </PALETTES>
    <OBJECTS>
        <ENTITY LinkID="0" Class="NiGeneralEntity" Name="EF_Fire1001_Y 01" Type="Object" UsePhysX="FALSE" PostfixTexture="" Optimization="0" AlphaGroup="1" RandomAni="TRUE" TemplateID="37,f7,4,8b,5,10,3b,4f,b0,d4,a9,ff,e0,a6,a6,fc" MasterLinkID="1">
            <COMPONENT RefLinkID="6" />
            <COMPONENT RefLinkID="7" />
            <COMPONENT RefLinkID="8" />
            <COMPONENT RefLinkID="9" />
        </ENTITY>
        <ENTITY LinkID="1" Class="NiGeneralEntity" Name="[Effect]EF_Fire1001_Y" TemplateID="31,9e,a2,a2,36,e5,d6,40,92,6b,d3,17,60,4c,c4,51">
            <COMPONENT RefLinkID="2" />
            <COMPONENT RefLinkID="3" />
            <COMPONENT RefLinkID="4" />
            <COMPONENT RefLinkID="5" />
        </ENTITY>
        <COMPONENT LinkID="2" Class="NiTransformationComponent" Name="Transformation">
            <PROPERTY Class="Point3" Name="Translation">0.0000000000000000, 0.0000000000000000, 0.0000000000000000</PROPERTY>
            <PROPERTY Class="Matrix3" Name="Rotation">
                <ROW>1.0000000000000000, 0.0000000000000000, 0.0000000000000000</ROW>
                <ROW>0.0000000000000000, 1.0000000000000000, 0.0000000000000000</ROW>
                <ROW>0.0000000000000000, 0.0000000000000000, 1.0000000000000000</ROW>
            </PROPERTY>
            <PROPERTY Class="Float" Name="Scale">1.0000000000000000</PROPERTY>
        </COMPONENT>
        <COMPONENT LinkID="3" Class="NiSceneGraphComponent" Name="Scene Graph">
            <PROPERTY Class="String" Name="NIF File Path" Asset="TRUE">.\..\..\..\5_Effect\3_World\EF_Fire1001_Y.nif</PROPERTY>
        </COMPONENT>
        <COMPONENT LinkID="4" Class="NiGeneralComponent" Name="Animation Object" TemplateID="c5,83,7b,6f,ea,53,7d,45,95,5a,2e,ab,38,28,a5,76">
            <PROPERTY Class="Float" Name="Phase" SemanticType="Float" DisplayName="Phase" Description="">-1000.0000000000000000</PROPERTY>
        </COMPONENT>
        <COMPONENT LinkID="5" Class="NiGeneralComponent" Name="Hide Object" TemplateID="f6,46,16,db,61,92,23,47,b5,4a,da,2d,42,d7,85,b9">
            <PROPERTY Class="Float" Name="Alpha Value" SemanticType="Float" DisplayName="Alpha Value" Description="">0.4000000059604645</PROPERTY>
            <PROPERTY Class="Boolean" Name="Alpha Enable" SemanticType="Boolean" DisplayName="Alpha Enable" Description="">FALSE</PROPERTY>
            <PROPERTY Class="Boolean" Name="Hide Object" SemanticType="Boolean" DisplayName="Hide Object" Description="">FALSE</PROPERTY>
        </COMPONENT>
        <COMPONENT LinkID="6" Class="NiTransformationComponent" Name="Transformation">
            <PROPERTY Class="Point3" Name="Translation">-1008.3485717773437000, 1358.3791503906250000, 18.9285259246826170</PROPERTY>
            <PROPERTY Class="Matrix3" Name="Rotation">
                <ROW>0.9991999268531799, 0.0399945378303528, 0.0000000000000000</ROW>
                <ROW>-0.0399945378303528, 0.9991999268531799, 0.0000000000000000</ROW>
                <ROW>0.0000000000000000, 0.0000000000000000, 1.0000000000000000</ROW>
            </PROPERTY>
            <PROPERTY Class="Float" Name="Scale">1.2000000476837158</PROPERTY>
        </COMPONENT>
        <COMPONENT LinkID="7" Class="NiSceneGraphComponent" Name="Scene Graph" MasterLinkID="3" />
        <COMPONENT LinkID="8" Class="NiGeneralComponent" Name="Animation Object" TemplateID="c5,83,7b,6f,ea,53,7d,45,95,5a,2e,ab,38,28,a5,76" MasterLinkID="4" />
        <COMPONENT LinkID="9" Class="NiGeneralComponent" Name="Hide Object" TemplateID="f6,46,16,db,61,92,23,47,b5,4a,da,2d,42,d7,85,b9" MasterLinkID="5" />
        <ENTITY LinkID="10" Class="NiGeneralEntity" Name="Art_BariGate1001_01 02" Type="Object" UsePhysX="FALSE" PostfixTexture="" Optimization="0" AlphaGroup="1" RandomAni="TRUE" TemplateID="3d,af,a6,17,a3,74,2c,4a,a8,8a,e6,32,4d,3a,e5,cb" MasterLinkID="11">
            <COMPONENT RefLinkID="15" />
            <COMPONENT RefLinkID="16" />
            <COMPONENT RefLinkID="17" />
        </ENTITY>
        <ENTITY LinkID="11" Class="NiGeneralEntity" Name="[Object]Fance.Art_BariGate1001_01" TemplateID="62,38,cd,34,eb,c1,a1,47,87,e1,3b,87,2d,f8,d2,cb">
            <COMPONENT RefLinkID="12" />
            <COMPONENT RefLinkID="13" />
            <COMPONENT RefLinkID="14" />
        </ENTITY>
        <COMPONENT LinkID="12" Class="NiTransformationComponent" Name="Transformation">
            <PROPERTY Class="Point3" Name="Translation">0.0000000000000000, 0.0000000000000000, 0.0000000000000000</PROPERTY>
            <PROPERTY Class="Matrix3" Name="Rotation">
                <ROW>1.0000000000000000, 0.0000000000000000, 0.0000000000000000</ROW>
                <ROW>0.0000000000000000, 1.0000000000000000, 0.0000000000000000</ROW>
                <ROW>0.0000000000000000, 0.0000000000000000, 1.0000000000000000</ROW>
            </PROPERTY>
            <PROPERTY Class="Float" Name="Scale">1.0000000000000000</PROPERTY>
        </COMPONENT>
        <COMPONENT LinkID="13" Class="NiSceneGraphComponent" Name="Scene Graph">
            <PROPERTY Class="String" Name="NIF File Path" Asset="TRUE">.\..\..\00_Object\Fance\Art_BariGate1001_01.nif</PROPERTY>
        </COMPONENT>
        <COMPONENT LinkID="14" Class="NiGeneralComponent" Name="Hide Object" TemplateID="f6,46,16,db,61,92,23,47,b5,4a,da,2d,42,d7,85,b9">
            <PROPERTY Class="Float" Name="Alpha Value" SemanticType="Float" DisplayName="Alpha Value" Description="">0.3000000119209290</PROPERTY>
            <PROPERTY Class="Boolean" Name="Alpha Enable" SemanticType="Boolean" DisplayName="Alpha Enable" Description="">FALSE</PROPERTY>
            <PROPERTY Class="Boolean" Name="Hide Object" SemanticType="Boolean" DisplayName="Hide Object" Description="">FALSE</PROPERTY>
        </COMPONENT>
        <COMPONENT LinkID="15" Class="NiTransformationComponent" Name="Transformation">
            <PROPERTY Class="Point3" Name="Translation">283.1441040039062500, 1606.2239990234375000, 0.1440320014953613</PROPERTY>
            <PROPERTY Class="Matrix3" Name="Rotation">
                <ROW>0.8597456812858582, -0.5107226967811585, 0.0000000000000000</ROW>
                <ROW>0.5107226967811585, 0.8597456812858582, 0.0000000000000000</ROW>
                <ROW>0.0000000000000000, 0.0000000000000000, 1.0000000000000000</ROW>
            </PROPERTY>
            <PROPERTY Class="Float" Name="Scale">1.0000000000000000</PROPERTY>
        </COMPONENT>
        <COMPONENT LinkID="16" Class="NiSceneGraphComponent" Name="Scene Graph" MasterLinkID="13" />
        <COMPONENT LinkID="17" Class="NiGeneralComponent" Name="Hide Object" TemplateID="f6,46,16,db,61,92,23,47,b5,4a,da,2d,42,d7,85,b9" MasterLinkID="14" />
        <ENTITY LinkID="18" Class="NiGeneralEntity" Name="Art_Bonfire1001_01 01" Type="Object" UsePhysX="FALSE" PostfixTexture="" Optimization="0" AlphaGroup="1" RandomAni="TRUE" TemplateID="dc,67,3b,f2,29,8a,77,47,a4,20,81,29,b2,5b,65,d2" MasterLinkID="19">
            <COMPONENT RefLinkID="22" />
            <COMPONENT RefLinkID="23" />
        </ENTITY>
        <ENTITY LinkID="19" Class="NiGeneralEntity" Name="[Object]props.Art_Bonfire1001_01" TemplateID="dc,67,3b,f2,29,8a,77,47,a4,20,81,29,b2,5b,65,d2">
            <COMPONENT RefLinkID="20" />
            <COMPONENT RefLinkID="21" />
        </ENTITY>
        <COMPONENT LinkID="20" Class="NiTransformationComponent" Name="Transformation">
            <PROPERTY Class="Point3" Name="Translation">0.0000000000000000, 0.0000000000000000, 0.0000000000000000</PROPERTY>
            <PROPERTY Class="Matrix3" Name="Rotation">
                <ROW>1.0000000000000000, 0.0000000000000000, 0.0000000000000000</ROW>
                <ROW>0.0000000000000000, 1.0000000000000000, 0.0000000000000000</ROW>
                <ROW>0.0000000000000000, 0.0000000000000000, 1.0000000000000000</ROW>
            </PROPERTY>
            <PROPERTY Class="Float" Name="Scale">1.0000000000000000</PROPERTY>
        </COMPONENT>
        <COMPONENT LinkID="21" Class="NiSceneGraphComponent" Name="Scene Graph">
            <PROPERTY Class="String" Name="NIF File Path" Asset="TRUE">.\..\..\00_Object\props\Art_Bonfire1001_01.nif</PROPERTY>
        </COMPONENT>
        <COMPONENT LinkID="22" Class="NiTransformationComponent" Name="Transformation">
            <PROPERTY Class="Point3" Name="Translation">-1009.1057739257812000, 1359.6555175781250000, -0.1615632027387619</PROPERTY>
            <PROPERTY Class="Matrix3" Name="Rotation">
                <ROW>0.9991999268531799, 0.0399945378303528, 0.0000000000000000</ROW>
                <ROW>-0.0399945378303528, 0.9991999268531799, 0.0000000000000000</ROW>
                <ROW>0.0000000000000000, 0.0000000000000000, 1.0000000000000000</ROW>
            </PROPERTY>
            <PROPERTY Class="Float" Name="Scale">1.0000000000000000</PROPERTY>
        </COMPONENT>
        <COMPONENT LinkID="23" Class="NiSceneGraphComponent" Name="Scene Graph" MasterLinkID="21" />
        <ENTITY LinkID="24" Class="NiGeneralEntity" Name="Art_Fance5001_01 65" Type="Object" UsePhysX="FALSE" PostfixTexture="" Optimization="0" AlphaGroup="1" RandomAni="TRUE" TemplateID="4e,4f,f8,f7,67,33,7f,40,b5,c8,e4,d1,77,c6,c3,84" MasterLinkID="25">
            <COMPONENT RefLinkID="29" />
            <COMPONENT RefLinkID="30" />
            <COMPONENT RefLinkID="31" />
        </ENTITY>
        <ENTITY LinkID="25" Class="NiGeneralEntity" Name="[Object]Fance.Art_Fance5001_01" TemplateID="bb,b0,24,c1,33,89,d,40,8c,15,87,2,d2,54,6a,8d">
            <COMPONENT RefLinkID="26" />
            <COMPONENT RefLinkID="27" />
            <COMPONENT RefLinkID="28" />
        </ENTITY>
        <COMPONENT LinkID="26" Class="NiTransformationComponent" Name="Transformation">
            <PROPERTY Class="Point3" Name="Translation">0.0000000000000000, 0.0000000000000000, 0.0000000000000000</PROPERTY>
            <PROPERTY Class="Matrix3" Name="Rotation">
                <ROW>1.0000000000000000, 0.0000000000000000, 0.0000000000000000</ROW>
                <ROW>0.0000000000000000, 1.0000000000000000, 0.0000000000000000</ROW>
                <ROW>0.0000000000000000, 0.0000000000000000, 1.0000000000000000</ROW>
            </PROPERTY>
            <PROPERTY Class="Float" Name="Scale">1.0000000000000000</PROPERTY>
        </COMPONENT>
        <COMPONENT LinkID="27" Class="NiSceneGraphComponent" Name="Scene Graph">
            <PROPERTY Class="String" Name="NIF File Path" Asset="TRUE">.\..\..\00_Object\Fance\Art_Fance5001_01.nif</PROPERTY>
        </COMPONENT>
        <COMPONENT LinkID="28" Class="NiGeneralComponent" Name="Hide Object" TemplateID="f6,46,16,db,61,92,23,47,b5,4a,da,2d,42,d7,85,b9">
            <PROPERTY Class="Float" Name="Alpha Value" SemanticType="Float" DisplayName="Alpha Value" Description="">0.4000000059604645</PROPERTY>
            <PROPERTY Class="Boolean" Name="Alpha Enable" SemanticType="Boolean" DisplayName="Alpha Enable" Description="">FALSE</PROPERTY>
            <PROPERTY Class="Boolean" Name="Hide Object" SemanticType="Boolean" DisplayName="Hide Object" Description="">FALSE</PROPERTY>
        </COMPONENT>
        <COMPONENT LinkID="29" Class="NiTransformationComponent" Name="Transformation">
            <PROPERTY Class="Point3" Name="Translation">209.0738677978515600, 1568.3990478515625000, 4.7073631286621094</PROPERTY>
            <PROPERTY Class="Matrix3" Name="Rotation">
                <ROW>0.9633684754371643, -0.2681815624237061, 0.0000000000000000</ROW>
                <ROW>0.2681815624237061, 0.9633684754371643, 0.0000000000000000</ROW>
                <ROW>0.0000000000000000, 0.0000000000000000, 1.0000000000000000</ROW>
            </PROPERTY>
            <PROPERTY Class="Float" Name="Scale">1.0000000000000000</PROPERTY>
        </COMPONENT>
        <COMPONENT LinkID="30" Class="NiSceneGraphComponent" Name="Scene Graph" MasterLinkID="27" />
        <COMPONENT LinkID="31" Class="NiGeneralComponent" Name="Hide Object" TemplateID="f6,46,16,db,61,92,23,47,b5,4a,da,2d,42,d7,85,b9" MasterLinkID="28" />
        <ENTITY LinkID="32" Class="NiGeneralEntity" Name="Art_WeaponDisplay2001_01 01" Type="Object" UsePhysX="FALSE" PostfixTexture="" Optimization="0" AlphaGroup="1" RandomAni="TRUE" TemplateID="d6,1c,c1,e1,bb,dd,63,45,b3,85,fa,1d,6,37,63,58" MasterLinkID="33">
            <COMPONENT RefLinkID="37" />
            <COMPONENT RefLinkID="38" />
            <COMPONENT RefLinkID="39" />
        </ENTITY>
        <ENTITY LinkID="33" Class="NiGeneralEntity" Name="[Object]WeaponObj.Art_WeaponDisplay2001_01" TemplateID="d6,1c,c1,e1,bb,dd,63,45,b3,85,fa,1d,6,37,63,58">
            <COMPONENT RefLinkID="34" />
            <COMPONENT RefLinkID="35" />
            <COMPONENT RefLinkID="36" />
        </ENTITY>
        <COMPONENT LinkID="34" Class="NiTransformationComponent" Name="Transformation">
            <PROPERTY Class="Point3" Name="Translation">0.0000000000000000, 0.0000000000000000, 0.0000000000000000</PROPERTY>
            <PROPERTY Class="Matrix3" Name="Rotation">
                <ROW>1.0000000000000000, 0.0000000000000000, 0.0000000000000000</ROW>
                <ROW>0.0000000000000000, 1.0000000000000000, 0.0000000000000000</ROW>
                <ROW>0.0000000000000000, 0.0000000000000000, 1.0000000000000000</ROW>
            </PROPERTY>
            <PROPERTY Class="Float" Name="Scale">1.0000000000000000</PROPERTY>
        </COMPONENT>
        <COMPONENT LinkID="35" Class="NiSceneGraphComponent" Name="Scene Graph">
            <PROPERTY Class="String" Name="NIF File Path" Asset="TRUE">.\..\..\00_Object\WeaponObj\Art_WeaponDisplay2001_01.nif</PROPERTY>
        </COMPONENT>
        <COMPONENT LinkID="36" Class="NiGeneralComponent" Name="Hide Object" TemplateID="f6,46,16,db,61,92,23,47,b5,4a,da,2d,42,d7,85,b9">
            <PROPERTY Class="Float" Name="Alpha Value" SemanticType="Float" DisplayName="Alpha Value" Description="">0.4000000059604645</PROPERTY>
            <PROPERTY Class="Boolean" Name="Alpha Enable" SemanticType="Boolean" DisplayName="Alpha Enable" Description="">FALSE</PROPERTY>
            <PROPERTY Class="Boolean" Name="Hide Object" SemanticType="Boolean" DisplayName="Hide Object" Description="">FALSE</PROPERTY>
        </COMPONENT>
        <COMPONENT LinkID="37" Class="NiTransformationComponent" Name="Transformation">
            <PROPERTY Class="Point3" Name="Translation">273.6068115234375000, 1569.3630371093750000, 19.9732475280761720</PROPERTY>
            <PROPERTY Class="Matrix3" Name="Rotation">
                <ROW>-0.2453992515802383, 0.0375825725495815, -0.9686933755874634</ROW>
                <ROW>0.3404531478881836, 0.9389408230781555, -0.0498187877237797</ROW>
                <ROW>0.9076733589172363, -0.3420201539993286, -0.2432104498147965</ROW>
            </PROPERTY>
            <PROPERTY Class="Float" Name="Scale">1.0000000000000000</PROPERTY>
        </COMPONENT>
        <COMPONENT LinkID="38" Class="NiSceneGraphComponent" Name="Scene Graph" MasterLinkID="35" />
        <COMPONENT LinkID="39" Class="NiGeneralComponent" Name="Hide Object" TemplateID="f6,46,16,db,61,92,23,47,b5,4a,da,2d,42,d7,85,b9" MasterLinkID="36" />
        <ENTITY LinkID="40" Class="NiGeneralEntity" Name="Art_WeaponDisplay1003_01 04" Type="Object" UsePhysX="FALSE" PostfixTexture="" Optimization="1" AlphaGroup="1" RandomAni="TRUE" TemplateID="d9,4d,da,8f,88,bb,e0,44,a8,58,f5,f3,78,0,63,f5" MasterLinkID="41">
            <COMPONENT RefLinkID="45" />
            <COMPONENT RefLinkID="46" />
            <COMPONENT RefLinkID="47" />
        </ENTITY>
        <ENTITY LinkID="41" Class="NiGeneralEntity" Name="[Object]WeaponObj.Art_WeaponDisplay1003_01" TemplateID="d9,4d,da,8f,88,bb,e0,44,a8,58,f5,f3,78,0,63,f5">
            <COMPONENT RefLinkID="42" />
            <COMPONENT RefLinkID="43" />
            <COMPONENT RefLinkID="44" />
        </ENTITY>
        <COMPONENT LinkID="42" Class="NiTransformationComponent" Name="Transformation">
            <PROPERTY Class="Point3" Name="Translation">0.0000000000000000, 0.0000000000000000, 0.0000000000000000</PROPERTY>
            <PROPERTY Class="Matrix3" Name="Rotation">
                <ROW>1.0000000000000000, 0.0000000000000000, 0.0000000000000000</ROW>
                <ROW>0.0000000000000000, 1.0000000000000000, 0.0000000000000000</ROW>
                <ROW>0.0000000000000000, 0.0000000000000000, 1.0000000000000000</ROW>
            </PROPERTY>
            <PROPERTY Class="Float" Name="Scale">1.0000000000000000</PROPERTY>
        </COMPONENT>
        <COMPONENT LinkID="43" Class="NiSceneGraphComponent" Name="Scene Graph">
            <PROPERTY Class="String" Name="NIF File Path" Asset="TRUE">.\..\..\00_Object\WeaponObj\Art_WeaponDisplay1003_01.nif</PROPERTY>
        </COMPONENT>
        <COMPONENT LinkID="44" Class="NiGeneralComponent" Name="Hide Object" TemplateID="f6,46,16,db,61,92,23,47,b5,4a,da,2d,42,d7,85,b9">
            <PROPERTY Class="Float" Name="Alpha Value" SemanticType="Float" DisplayName="Alpha Value" Description="">0.4000000059604645</PROPERTY>
            <PROPERTY Class="Boolean" Name="Alpha Enable" SemanticType="Boolean" DisplayName="Alpha Enable" Description="">FALSE</PROPERTY>
            <PROPERTY Class="Boolean" Name="Hide Object" SemanticType="Boolean" DisplayName="Hide Object" Description="">FALSE</PROPERTY>
        </COMPONENT>
        <COMPONENT LinkID="45" Class="NiTransformationComponent" Name="Transformation">
            <PROPERTY Class="Point3" Name="Translation">145.4882965087890600, 1541.0083007812500000, 9.9783668518066406</PROPERTY>
            <PROPERTY Class="Matrix3" Name="Rotation">
                <ROW>0.9265434741973877, 0.3758078813552856, 0.0169024225324392</ROW>
                <ROW>-0.3473100662231445, 0.8372904062271118, 0.4222801327705383</ROW>
                <ROW>0.1445439606904984, -0.3971312642097473, 0.9063077569007874</ROW>
            </PROPERTY>
            <PROPERTY Class="Float" Name="Scale">1.5417625904083252</PROPERTY>
        </COMPONENT>
        <COMPONENT LinkID="46" Class="NiSceneGraphComponent" Name="Scene Graph" MasterLinkID="43" />
        <COMPONENT LinkID="47" Class="NiGeneralComponent" Name="Hide Object" TemplateID="f6,46,16,db,61,92,23,47,b5,4a,da,2d,42,d7,85,b9" MasterLinkID="44" />
        <ENTITY LinkID="48" Class="NiGeneralEntity" Name="Art_WeaponDisplay1002_01 01" Type="Object" UsePhysX="FALSE" PostfixTexture="" Optimization="1" AlphaGroup="1" RandomAni="TRUE" TemplateID="f8,8b,2,16,b6,6d,f4,45,93,86,a7,2e,d7,44,af,24" MasterLinkID="49">
            <COMPONENT RefLinkID="53" />
            <COMPONENT RefLinkID="54" />
            <COMPONENT RefLinkID="55" />
        </ENTITY>
        <ENTITY LinkID="49" Class="NiGeneralEntity" Name="[Object]WeaponObj.Art_WeaponDisplay1002_01" TemplateID="f8,8b,2,16,b6,6d,f4,45,93,86,a7,2e,d7,44,af,24">
            <COMPONENT RefLinkID="50" />
            <COMPONENT RefLinkID="51" />
            <COMPONENT RefLinkID="52" />
        </ENTITY>
        <COMPONENT LinkID="50" Class="NiTransformationComponent" Name="Transformation">
            <PROPERTY Class="Point3" Name="Translation">0.0000000000000000, 0.0000000000000000, 0.0000000000000000</PROPERTY>
            <PROPERTY Class="Matrix3" Name="Rotation">
                <ROW>1.0000000000000000, 0.0000000000000000, 0.0000000000000000</ROW>
                <ROW>0.0000000000000000, 1.0000000000000000, 0.0000000000000000</ROW>
                <ROW>0.0000000000000000, 0.0000000000000000, 1.0000000000000000</ROW>
            </PROPERTY>
            <PROPERTY Class="Float" Name="Scale">1.0000000000000000</PROPERTY>
        </COMPONENT>
        <COMPONENT LinkID="51" Class="NiSceneGraphComponent" Name="Scene Graph">
            <PROPERTY Class="String" Name="NIF File Path" Asset="TRUE">.\..\..\00_Object\WeaponObj\Art_WeaponDisplay1002_01.nif</PROPERTY>
        </COMPONENT>
        <COMPONENT LinkID="52" Class="NiGeneralComponent" Name="Hide Object" TemplateID="f6,46,16,db,61,92,23,47,b5,4a,da,2d,42,d7,85,b9">
            <PROPERTY Class="Float" Name="Alpha Value" SemanticType="Float" DisplayName="Alpha Value" Description="">0.4000000059604645</PROPERTY>
            <PROPERTY Class="Boolean" Name="Alpha Enable" SemanticType="Boolean" DisplayName="Alpha Enable" Description="">FALSE</PROPERTY>
            <PROPERTY Class="Boolean" Name="Hide Object" SemanticType="Boolean" DisplayName="Hide Object" Description="">FALSE</PROPERTY>
        </COMPONENT>
        <COMPONENT LinkID="53" Class="NiTransformationComponent" Name="Transformation">
            <PROPERTY Class="Point3" Name="Translation">252.8849792480468700, 1579.8735351562500000, 0.0003509521484375</PROPERTY>
            <PROPERTY Class="Matrix3" Name="Rotation">
                <ROW>0.4569209516048431, -0.8852341175079346, 0.0870860144495964</ROW>
                <ROW>0.8887444138526917, 0.4583899080753326, -0.0034857536666095</ROW>
                <ROW>-0.0368336401879787, 0.0789899155497551, 0.9961947202682495</ROW>
            </PROPERTY>
            <PROPERTY Class="Float" Name="Scale">1.6515692472457886</PROPERTY>
        </COMPONENT>
        <COMPONENT LinkID="54" Class="NiSceneGraphComponent" Name="Scene Graph" MasterLinkID="51" />
        <COMPONENT LinkID="55" Class="NiGeneralComponent" Name="Hide Object" TemplateID="f6,46,16,db,61,92,23,47,b5,4a,da,2d,42,d7,85,b9" MasterLinkID="52" />
        <ENTITY LinkID="56" Class="NiGeneralEntity" Name="Art_Fance5001_01 57" Type="Object" UsePhysX="FALSE" PostfixTexture="" Optimization="0" AlphaGroup="1" RandomAni="TRUE" TemplateID="4e,4f,f8,f7,67,33,7f,40,b5,c8,e4,d1,77,c6,c3,84" MasterLinkID="25">
            <COMPONENT RefLinkID="57" />
            <COMPONENT RefLinkID="58" />
            <COMPONENT RefLinkID="59" />
        </ENTITY>
        <COMPONENT LinkID="57" Class="NiTransformationComponent" Name="Transformation">
            <PROPERTY Class="Point3" Name="Translation">136.4667968750000000, 1604.3458251953125000, -2.7679133415222168</PROPERTY>
            <PROPERTY Class="Matrix3" Name="Rotation">
                <ROW>0.2253136038780212, 0.9742863774299622, 0.0000000000000000</ROW>
                <ROW>-0.9742863774299622, 0.2253136038780212, 0.0000000000000000</ROW>
                <ROW>0.0000000000000000, 0.0000000000000000, 1.0000000000000000</ROW>
            </PROPERTY>
            <PROPERTY Class="Float" Name="Scale">1.0000000000000000</PROPERTY>
        </COMPONENT>
        <COMPONENT LinkID="58" Class="NiSceneGraphComponent" Name="Scene Graph" MasterLinkID="27" />
        <COMPONENT LinkID="59" Class="NiGeneralComponent" Name="Hide Object" TemplateID="f6,46,16,db,61,92,23,47,b5,4a,da,2d,42,d7,85,b9" MasterLinkID="28" />
        <ENTITY LinkID="60" Class="NiGeneralEntity" Name="Art_knifeHanger1001_01 01" Type="Object" UsePhysX="FALSE" PostfixTexture="" Optimization="0" AlphaGroup="1" RandomAni="TRUE" TemplateID="38,17,13,81,5f,ee,7d,42,8c,48,59,99,9,87,79,7f" MasterLinkID="61">
            <COMPONENT RefLinkID="65" />
            <COMPONENT RefLinkID="66" />
            <COMPONENT RefLinkID="67" />
        </ENTITY>
        <ENTITY LinkID="61" Class="NiGeneralEntity" Name="[Object]WeaponObj.Art_knifeHanger1001_01" TemplateID="38,17,13,81,5f,ee,7d,42,8c,48,59,99,9,87,79,7f">
            <COMPONENT RefLinkID="62" />
            <COMPONENT RefLinkID="63" />
            <COMPONENT RefLinkID="64" />
        </ENTITY>
        <COMPONENT LinkID="62" Class="NiTransformationComponent" Name="Transformation">
            <PROPERTY Class="Point3" Name="Translation">0.0000000000000000, 0.0000000000000000, 0.0000000000000000</PROPERTY>
            <PROPERTY Class="Matrix3" Name="Rotation">
                <ROW>1.0000000000000000, 0.0000000000000000, 0.0000000000000000</ROW>
                <ROW>0.0000000000000000, 1.0000000000000000, 0.0000000000000000</ROW>
                <ROW>0.0000000000000000, 0.0000000000000000, 1.0000000000000000</ROW>
            </PROPERTY>
            <PROPERTY Class="Float" Name="Scale">1.0000000000000000</PROPERTY>
        </COMPONENT>
        <COMPONENT LinkID="63" Class="NiSceneGraphComponent" Name="Scene Graph">
            <PROPERTY Class="String" Name="NIF File Path" Asset="TRUE">.\..\..\00_Object\WeaponObj\Art_knifeHanger1001_01.nif</PROPERTY>
        </COMPONENT>
        <COMPONENT LinkID="64" Class="NiGeneralComponent" Name="Hide Object" TemplateID="f6,46,16,db,61,92,23,47,b5,4a,da,2d,42,d7,85,b9">
            <PROPERTY Class="Float" Name="Alpha Value" SemanticType="Float" DisplayName="Alpha Value" Description="">0.4000000059604645</PROPERTY>
            <PROPERTY Class="Boolean" Name="Alpha Enable" SemanticType="Boolean" DisplayName="Alpha Enable" Description="">FALSE</PROPERTY>
            <PROPERTY Class="Boolean" Name="Hide Object" SemanticType="Boolean" DisplayName="Hide Object" Description="">FALSE</PROPERTY>
        </COMPONENT>
        <COMPONENT LinkID="65" Class="NiTransformationComponent" Name="Transformation">
            <PROPERTY Class="Point3" Name="Translation">161.0137023925781200, 1631.8090820312500000, -0.0000444650650024</PROPERTY>
            <PROPERTY Class="Matrix3" Name="Rotation">
                <ROW>-0.0276637673377991, -0.9996173977851868, 0.0000000000000000</ROW>
                <ROW>0.9996173977851868, -0.0276637673377991, 0.0000000000000000</ROW>
                <ROW>0.0000000000000000, 0.0000000000000000, 1.0000000000000000</ROW>
            </PROPERTY>
            <PROPERTY Class="Float" Name="Scale">1.0000000000000000</PROPERTY>
        </COMPONENT>
        <COMPONENT LinkID="66" Class="NiSceneGraphComponent" Name="Scene Graph" MasterLinkID="63" />
        <COMPONENT LinkID="67" Class="NiGeneralComponent" Name="Hide Object" TemplateID="f6,46,16,db,61,92,23,47,b5,4a,da,2d,42,d7,85,b9" MasterLinkID="64" />
        <ENTITY LinkID="68" Class="NiGeneralEntity" Name="Art_Fance5001_01 58" Type="Object" UsePhysX="FALSE" PostfixTexture="" Optimization="0" AlphaGroup="1" RandomAni="TRUE" TemplateID="4e,4f,f8,f7,67,33,7f,40,b5,c8,e4,d1,77,c6,c3,84" MasterLinkID="25">
            <COMPONENT RefLinkID="69" />
            <COMPONENT RefLinkID="70" />
            <COMPONENT RefLinkID="71" />
        </ENTITY>
        <COMPONENT LinkID="69" Class="NiTransformationComponent" Name="Transformation">
            <PROPERTY Class="Point3" Name="Translation">63.4356269836425780, 1760.5109863281250000, 4.7068414688110352</PROPERTY>
            <PROPERTY Class="Matrix3" Name="Rotation">
                <ROW>0.8869050741195679, -0.4619518220424652, 0.0000000000000000</ROW>
                <ROW>0.4619518220424652, 0.8869050741195679, 0.0000000000000000</ROW>
                <ROW>0.0000000000000000, 0.0000000000000000, 1.0000000000000000</ROW>
            </PROPERTY>
            <PROPERTY Class="Float" Name="Scale">1.0000000000000000</PROPERTY>
        </COMPONENT>
        <COMPONENT LinkID="70" Class="NiSceneGraphComponent" Name="Scene Graph" MasterLinkID="27" />
        <COMPONENT LinkID="71" Class="NiGeneralComponent" Name="Hide Object" TemplateID="f6,46,16,db,61,92,23,47,b5,4a,da,2d,42,d7,85,b9" MasterLinkID="28" />
        <ENTITY LinkID="72" Class="NiGeneralEntity" Name="Art_Fance5001_01 59" Type="Object" UsePhysX="FALSE" PostfixTexture="" Optimization="0" AlphaGroup="1" RandomAni="TRUE" TemplateID="4e,4f,f8,f7,67,33,7f,40,b5,c8,e4,d1,77,c6,c3,84" MasterLinkID="25">
            <COMPONENT RefLinkID="73" />
            <COMPONENT RefLinkID="74" />
            <COMPONENT RefLinkID="75" />
        </ENTITY>
        <COMPONENT LinkID="73" Class="NiTransformationComponent" Name="Transformation">
            <PROPERTY Class="Point3" Name="Translation">94.3354034423828130, 1842.3460693359375000, 4.7071900367736816</PROPERTY>
            <PROPERTY Class="Matrix3" Name="Rotation">
                <ROW>-0.2167444676160812, -0.9762284755706787, 0.0000000000000000</ROW>
                <ROW>0.9762284755706787, -0.2167444676160812, 0.0000000000000000</ROW>
                <ROW>0.0000000000000000, 0.0000000000000000, 1.0000000000000000</ROW>
            </PROPERTY>
            <PROPERTY Class="Float" Name="Scale">1.0000000000000000</PROPERTY>
        </COMPONENT>
        <COMPONENT LinkID="74" Class="NiSceneGraphComponent" Name="Scene Graph" MasterLinkID="27" />
        <COMPONENT LinkID="75" Class="NiGeneralComponent" Name="Hide Object" TemplateID="f6,46,16,db,61,92,23,47,b5,4a,da,2d,42,d7,85,b9" MasterLinkID="28" />
        <ENTITY LinkID="76" Class="NiGeneralEntity" Name="Art_BeachBox1001_01 05" Type="Object" UsePhysX="FALSE" PostfixTexture="" Optimization="0" AlphaGroup="1" RandomAni="TRUE" TemplateID="b4,57,bb,a8,3b,9a,f4,44,8a,4b,f5,18,f7,3,5f,62" MasterLinkID="77">
            <COMPONENT RefLinkID="81" />
            <COMPONENT RefLinkID="82" />
            <COMPONENT RefLinkID="83" />
        </ENTITY>
        <ENTITY LinkID="77" Class="NiGeneralEntity" Name="[Object]Box.Art_BeachBox1001_01" TemplateID="f3,2,2e,9c,58,76,14,46,a6,92,59,c1,e0,1d,d5,4b">
            <COMPONENT RefLinkID="78" />
            <COMPONENT RefLinkID="79" />
            <COMPONENT RefLinkID="80" />
        </ENTITY>
        <COMPONENT LinkID="78" Class="NiTransformationComponent" Name="Transformation">
            <PROPERTY Class="Point3" Name="Translation">0.0000000000000000, 0.0000000000000000, 0.0000000000000000</PROPERTY>
            <PROPERTY Class="Matrix3" Name="Rotation">
                <ROW>1.0000000000000000, 0.0000000000000000, 0.0000000000000000</ROW>
                <ROW>0.0000000000000000, 1.0000000000000000, 0.0000000000000000</ROW>
                <ROW>0.0000000000000000, 0.0000000000000000, 1.0000000000000000</ROW>
            </PROPERTY>
            <PROPERTY Class="Float" Name="Scale">1.0000000000000000</PROPERTY>
        </COMPONENT>
        <COMPONENT LinkID="79" Class="NiSceneGraphComponent" Name="Scene Graph">
            <PROPERTY Class="String" Name="NIF File Path" Asset="TRUE">.\..\..\00_Object\Box\Art_BeachBox1001_01.nif</PROPERTY>
        </COMPONENT>
        <COMPONENT LinkID="80" Class="NiGeneralComponent" Name="Hide Object" TemplateID="f6,46,16,db,61,92,23,47,b5,4a,da,2d,42,d7,85,b9">
            <PROPERTY Class="Float" Name="Alpha Value" SemanticType="Float" DisplayName="Alpha Value" Description="">0.4000000059604645</PROPERTY>
            <PROPERTY Class="Boolean" Name="Alpha Enable" SemanticType="Boolean" DisplayName="Alpha Enable" Description="">FALSE</PROPERTY>
            <PROPERTY Class="Boolean" Name="Hide Object" SemanticType="Boolean" DisplayName="Hide Object" Description="">FALSE</PROPERTY>
        </COMPONENT>
        <COMPONENT LinkID="81" Class="NiTransformationComponent" Name="Transformation">
            <PROPERTY Class="Point3" Name="Translation">-34.1172027587890630, 1837.3581542968750000, 0.9765050411224365</PROPERTY>
            <PROPERTY Class="Matrix3" Name="Rotation">
                <ROW>0.9980077147483826, -0.0630917847156525, 0.0000000000000000</ROW>
                <ROW>0.0630917847156525, 0.9980077147483826, 0.0000000000000000</ROW>
                <ROW>0.0000000000000000, 0.0000000000000000, 1.0000000000000000</ROW>
            </PROPERTY>
            <PROPERTY Class="Float" Name="Scale">1.0000000000000000</PROPERTY>
        </COMPONENT>
        <COMPONENT LinkID="82" Class="NiSceneGraphComponent" Name="Scene Graph" MasterLinkID="79" />
        <COMPONENT LinkID="83" Class="NiGeneralComponent" Name="Hide Object" TemplateID="f6,46,16,db,61,92,23,47,b5,4a,da,2d,42,d7,85,b9" MasterLinkID="80" />
        <ENTITY LinkID="84" Class="NiGeneralEntity" Name="Art_BeachBox1001_01 01" Type="Object" UsePhysX="FALSE" PostfixTexture="" Optimization="0" AlphaGroup="1" RandomAni="TRUE" TemplateID="b4,57,bb,a8,3b,9a,f4,44,8a,4b,f5,18,f7,3,5f,62" MasterLinkID="77">
            <COMPONENT RefLinkID="85" />
            <COMPONENT RefLinkID="86" />
            <COMPONENT RefLinkID="87" />
        </ENTITY>
        <COMPONENT LinkID="85" Class="NiTransformationComponent" Name="Transformation">
            <PROPERTY Class="Point3" Name="Translation">136.8131103515625000, 1810.4991455078125000, 2.0543441772460937</PROPERTY>
            <PROPERTY Class="Matrix3" Name="Rotation">
                <ROW>0.9980077147483826, -0.0630917847156525, 0.0000000000000000</ROW>
                <ROW>0.0630917847156525, 0.9980077147483826, 0.0000000000000000</ROW>
                <ROW>0.0000000000000000, 0.0000000000000000, 1.0000000000000000</ROW>
            </PROPERTY>
            <PROPERTY Class="Float" Name="Scale">1.0000000000000000</PROPERTY>
        </COMPONENT>
        <COMPONENT LinkID="86" Class="NiSceneGraphComponent" Name="Scene Graph" MasterLinkID="79" />
        <COMPONENT LinkID="87" Class="NiGeneralComponent" Name="Hide Object" TemplateID="f6,46,16,db,61,92,23,47,b5,4a,da,2d,42,d7,85,b9" MasterLinkID="80" />
        <ENTITY LinkID="88" Class="NiGeneralEntity" Name="Art_BeachBox1001_01 02" Type="Object" UsePhysX="FALSE" PostfixTexture="" Optimization="0" AlphaGroup="1" RandomAni="TRUE" TemplateID="b4,57,bb,a8,3b,9a,f4,44,8a,4b,f5,18,f7,3,5f,62" MasterLinkID="77">
            <COMPONENT RefLinkID="89" />
            <COMPONENT RefLinkID="90" />
            <COMPONENT RefLinkID="91" />
        </ENTITY>
        <COMPONENT LinkID="89" Class="NiTransformationComponent" Name="Transformation">
            <PROPERTY Class="Point3" Name="Translation">262.8964233398437500, 1813.5549316406250000, 2.0699820518493652</PROPERTY>
            <PROPERTY Class="Matrix3" Name="Rotation">
                <ROW>0.4656462669372559, 0.8849710226058960, 0.0000000000000000</ROW>
                <ROW>-0.8849710226058960, 0.4656462669372559, 0.0000000000000000</ROW>
                <ROW>0.0000000000000000, 0.0000000000000000, 1.0000000000000000</ROW>
            </PROPERTY>
            <PROPERTY Class="Float" Name="Scale">1.0000000000000000</PROPERTY>
        </COMPONENT>
        <COMPONENT LinkID="90" Class="NiSceneGraphComponent" Name="Scene Graph" MasterLinkID="79" />
        <COMPONENT LinkID="91" Class="NiGeneralComponent" Name="Hide Object" TemplateID="f6,46,16,db,61,92,23,47,b5,4a,da,2d,42,d7,85,b9" MasterLinkID="80" />
        <ENTITY LinkID="92" Class="NiGeneralEntity" Name="Art_BeachBox1001_01 03" Type="Object" UsePhysX="FALSE" PostfixTexture="" Optimization="0" AlphaGroup="1" RandomAni="TRUE" TemplateID="b4,57,bb,a8,3b,9a,f4,44,8a,4b,f5,18,f7,3,5f,62" MasterLinkID="77">
            <COMPONENT RefLinkID="93" />
            <COMPONENT RefLinkID="94" />
            <COMPONENT RefLinkID="95" />
        </ENTITY>
        <COMPONENT LinkID="93" Class="NiTransformationComponent" Name="Transformation">
            <PROPERTY Class="Point3" Name="Translation">173.3037261962890600, 1813.8193359375000000, 2.0683782100677490</PROPERTY>
            <PROPERTY Class="Matrix3" Name="Rotation">
                <ROW>0.9293584227561951, 0.3691787421703339, 0.0000000000000000</ROW>
                <ROW>-0.3691787421703339, 0.9293584227561951, 0.0000000000000000</ROW>
                <ROW>0.0000000000000000, 0.0000000000000000, 1.0000000000000000</ROW>
            </PROPERTY>
            <PROPERTY Class="Float" Name="Scale">1.0000000000000000</PROPERTY>
        </COMPONENT>
        <COMPONENT LinkID="94" Class="NiSceneGraphComponent" Name="Scene Graph" MasterLinkID="79" />
        <COMPONENT LinkID="95" Class="NiGeneralComponent" Name="Hide Object" TemplateID="f6,46,16,db,61,92,23,47,b5,4a,da,2d,42,d7,85,b9" MasterLinkID="80" />
        <ENTITY LinkID="96" Class="NiGeneralEntity" Name="Art_Fance5001_01 66" Type="Object" UsePhysX="FALSE" PostfixTexture="" Optimization="0" AlphaGroup="1" RandomAni="TRUE" TemplateID="4e,4f,f8,f7,67,33,7f,40,b5,c8,e4,d1,77,c6,c3,84" MasterLinkID="25">
            <COMPONENT RefLinkID="97" />
            <COMPONENT RefLinkID="98" />
            <COMPONENT RefLinkID="99" />
        </ENTITY>
        <COMPONENT LinkID="97" Class="NiTransformationComponent" Name="Transformation">
            <PROPERTY Class="Point3" Name="Translation">70.5272903442382810, 1969.6740722656250000, 4.7075181007385254</PROPERTY>
            <PROPERTY Class="Matrix3" Name="Rotation">
                <ROW>-0.1351272761821747, -0.9908282756805420, 0.0000000000000000</ROW>
                <ROW>0.9908282756805420, -0.1351272761821747, 0.0000000000000000</ROW>
                <ROW>0.0000000000000000, 0.0000000000000000, 1.0000000000000000</ROW>
            </PROPERTY>
            <PROPERTY Class="Float" Name="Scale">1.0000000000000000</PROPERTY>
        </COMPONENT>
        <COMPONENT LinkID="98" Class="NiSceneGraphComponent" Name="Scene Graph" MasterLinkID="27" />
        <COMPONENT LinkID="99" Class="NiGeneralComponent" Name="Hide Object" TemplateID="f6,46,16,db,61,92,23,47,b5,4a,da,2d,42,d7,85,b9" MasterLinkID="28" />
        <ENTITY LinkID="100" Class="NiGeneralEntity" Name="Art_CommonerHouse2001_03 01" Type="Object" UsePhysX="FALSE" PostfixTexture="" Optimization="0" AlphaGroup="1" RandomAni="TRUE" TemplateID="3,bc,6e,3,12,e0,9a,44,b2,df,5f,65,95,80,54,64" MasterLinkID="101">
            <COMPONENT RefLinkID="105" />
            <COMPONENT RefLinkID="106" />
            <COMPONENT RefLinkID="107" />
        </ENTITY>
        <ENTITY LinkID="101" Class="NiGeneralEntity" Name="[Object]House.Art_CommonerHouse2001_03" TemplateID="3,bc,6e,3,12,e0,9a,44,b2,df,5f,65,95,80,54,64">
            <COMPONENT RefLinkID="102" />
            <COMPONENT RefLinkID="103" />
            <COMPONENT RefLinkID="104" />
        </ENTITY>
        <COMPONENT LinkID="102" Class="NiTransformationComponent" Name="Transformation">
            <PROPERTY Class="Point3" Name="Translation">0.0000000000000000, 0.0000000000000000, 0.0000000000000000</PROPERTY>
            <PROPERTY Class="Matrix3" Name="Rotation">
                <ROW>1.0000000000000000, 0.0000000000000000, 0.0000000000000000</ROW>
                <ROW>0.0000000000000000, 1.0000000000000000, 0.0000000000000000</ROW>
                <ROW>0.0000000000000000, 0.0000000000000000, 1.0000000000000000</ROW>
            </PROPERTY>
            <PROPERTY Class="Float" Name="Scale">1.0000000000000000</PROPERTY>
        </COMPONENT>
        <COMPONENT LinkID="103" Class="NiSceneGraphComponent" Name="Scene Graph">
            <PROPERTY Class="String" Name="NIF File Path" Asset="TRUE">.\..\..\00_Object\House\Art_CommonerHouse2001_03.nif</PROPERTY>
        </COMPONENT>
        <COMPONENT LinkID="104" Class="NiGeneralComponent" Name="Hide Object" TemplateID="f6,46,16,db,61,92,23,47,b5,4a,da,2d,42,d7,85,b9">
            <PROPERTY Class="Float" Name="Alpha Value" SemanticType="Float" DisplayName="Alpha Value" Description="">0.4000000059604645</PROPERTY>
            <PROPERTY Class="Boolean" Name="Alpha Enable" SemanticType="Boolean" DisplayName="Alpha Enable" Description="">FALSE</PROPERTY>
            <PROPERTY Class="Boolean" Name="Hide Object" SemanticType="Boolean" DisplayName="Hide Object" Description="">FALSE</PROPERTY>
        </COMPONENT>
        <COMPONENT LinkID="105" Class="NiTransformationComponent" Name="Transformation">
            <PROPERTY Class="Point3" Name="Translation">274.0300903320312500, 1880.6680908203125000, 0.3910890817642212</PROPERTY>
            <PROPERTY Class="Matrix3" Name="Rotation">
                <ROW>-0.9755043983459473, 0.2199800610542297, 0.0000000000000000</ROW>
                <ROW>-0.2199800610542297, -0.9755043983459473, 0.0000000000000000</ROW>
                <ROW>0.0000000000000000, 0.0000000000000000, 1.0000000000000000</ROW>
            </PROPERTY>
