<?xml version="1.0" ?>
<GSA Major="1" Minor="0" Patch="0">
    <PALETTES_DIRECTORY>
        <PALETTE_DIR IDX="0" DIRECTORY=".\..\..\..\..\..\ToolBin\SceneDesigner\Release\Data\" />
        <PALETTE_DIR IDX="1" DIRECTORY=".\..\..\Palettes\" />
    </PALETTES_DIRECTORY>
    <PALETTES>
        <PALETTE NAME="Default" DIR_IDX="0" />
        <PALETTE NAME="General" DIR_IDX="1" />
        <PALETTE NAME="Block" DIR_IDX="1" />
        <PALETTE NAME="Object" DIR_IDX="1" />
        <PALETTE NAME="Effect" DIR_IDX="1" />
    </PALETTES>
    <OBJECTS>
        <ENTITY LinkID="0" Class="NiGeneralEntity" Name="Natere_Carrot2001_01 14" Type="Object" UsePhysX="FALSE" PostfixTexture="" Optimization="1" AlphaGroup="1" RandomAni="TRUE" TemplateID="8f,37,14,1d,c8,7c,5,4d,95,ef,8c,de,d2,9f,40,d" MasterLinkID="1">
            <COMPONENT RefLinkID="5" />
            <COMPONENT RefLinkID="6" />
            <COMPONENT RefLinkID="7" />
        </ENTITY>
        <ENTITY LinkID="1" Class="NiGeneralEntity" Name="[Object]FoodStuffs.Natere_Carrot2001_01" TemplateID="8f,37,14,1d,c8,7c,5,4d,95,ef,8c,de,d2,9f,40,d">
            <COMPONENT RefLinkID="2" />
            <COMPONENT RefLinkID="3" />
            <COMPONENT RefLinkID="4" />
        </ENTITY>
        <COMPONENT LinkID="2" Class="NiTransformationComponent" Name="Transformation">
            <PROPERTY Class="Point3" Name="Translation">0.0000000000000000, 0.0000000000000000, 0.0000000000000000</PROPERTY>
            <PROPERTY Class="Matrix3" Name="Rotation">
                <ROW>1.0000000000000000, 0.0000000000000000, 0.0000000000000000</ROW>
                <ROW>0.0000000000000000, 1.0000000000000000, 0.0000000000000000</ROW>
                <ROW>0.0000000000000000, 0.0000000000000000, 1.0000000000000000</ROW>
            </PROPERTY>
            <PROPERTY Class="Float" Name="Scale">1.0000000000000000</PROPERTY>
        </COMPONENT>
        <COMPONENT LinkID="3" Class="NiSceneGraphComponent" Name="Scene Graph">
            <PROPERTY Class="String" Name="NIF File Path" Asset="TRUE">.\..\..\00_Object\FoodStuffs\Natere_Carrot2001_01.nif</PROPERTY>
        </COMPONENT>
        <COMPONENT LinkID="4" Class="NiGeneralComponent" Name="Hide Object" TemplateID="f6,46,16,db,61,92,23,47,b5,4a,da,2d,42,d7,85,b9">
            <PROPERTY Class="Float" Name="Alpha Value" SemanticType="Float" DisplayName="Alpha Value" Description="">0.4000000059604645</PROPERTY>
            <PROPERTY Class="Boolean" Name="Alpha Enable" SemanticType="Boolean" DisplayName="Alpha Enable" Description="">FALSE</PROPERTY>
            <PROPERTY Class="Boolean" Name="Hide Object" SemanticType="Boolean" DisplayName="Hide Object" Description="">FALSE</PROPERTY>
        </COMPONENT>
        <COMPONENT LinkID="5" Class="NiTransformationComponent" Name="Transformation">
            <PROPERTY Class="Point3" Name="Translation">-1943.1392822265625000, 888.0297851562500000, 2.6252913475036621</PROPERTY>
            <PROPERTY Class="Matrix3" Name="Rotation">
                <ROW>0.5759119987487793, 0.8158273696899414, -0.0524501800537109</ROW>
                <ROW>-0.2303882390260696, 0.2235249876976013, 0.9470784664154053</ROW>
                <ROW>0.7843765020370483, -0.5333499312400818, 0.3166877031326294</ROW>
            </PROPERTY>
            <PROPERTY Class="Float" Name="Scale">1.5455921888351440</PROPERTY>
        </COMPONENT>
        <COMPONENT LinkID="6" Class="NiSceneGraphComponent" Name="Scene Graph" MasterLinkID="3" />
        <COMPONENT LinkID="7" Class="NiGeneralComponent" Name="Hide Object" TemplateID="f6,46,16,db,61,92,23,47,b5,4a,da,2d,42,d7,85,b9" MasterLinkID="4" />
        <ENTITY LinkID="8" Class="NiGeneralEntity" Name="Art_Garden1001_01 01" Type="Object" UsePhysX="FALSE" PostfixTexture="" Optimization="0" AlphaGroup="1" RandomAni="TRUE" TemplateID="6e,fa,28,f4,69,b9,2c,47,b6,8d,a3,eb,7c,b2,fe,c4" MasterLinkID="9">
            <COMPONENT RefLinkID="12" />
            <COMPONENT RefLinkID="13" />
        </ENTITY>
        <ENTITY LinkID="9" Class="NiGeneralEntity" Name="[Object]Ground.Art_Garden1001_01" TemplateID="6e,fa,28,f4,69,b9,2c,47,b6,8d,a3,eb,7c,b2,fe,c4">
            <COMPONENT RefLinkID="10" />
            <COMPONENT RefLinkID="11" />
        </ENTITY>
        <COMPONENT LinkID="10" Class="NiTransformationComponent" Name="Transformation">
            <PROPERTY Class="Point3" Name="Translation">0.0000000000000000, 0.0000000000000000, 0.0000000000000000</PROPERTY>
            <PROPERTY Class="Matrix3" Name="Rotation">
                <ROW>1.0000000000000000, 0.0000000000000000, 0.0000000000000000</ROW>
                <ROW>0.0000000000000000, 1.0000000000000000, 0.0000000000000000</ROW>
                <ROW>0.0000000000000000, 0.0000000000000000, 1.0000000000000000</ROW>
            </PROPERTY>
            <PROPERTY Class="Float" Name="Scale">1.0000000000000000</PROPERTY>
        </COMPONENT>
        <COMPONENT LinkID="11" Class="NiSceneGraphComponent" Name="Scene Graph">
            <PROPERTY Class="String" Name="NIF File Path" Asset="TRUE">.\..\..\00_Object\Ground\Art_Garden1001_01.nif</PROPERTY>
        </COMPONENT>
        <COMPONENT LinkID="12" Class="NiTransformationComponent" Name="Transformation">
            <PROPERTY Class="Point3" Name="Translation">-2127.8491210937500000, 1047.6462402343750000, 2.0075006484985352</PROPERTY>
            <PROPERTY Class="Matrix3" Name="Rotation">
                <ROW>0.8231245279312134, -0.5678608417510986, 0.0000000000000000</ROW>
                <ROW>0.5678608417510986, 0.8231245279312134, 0.0000000000000000</ROW>
                <ROW>0.0000000000000000, 0.0000000000000000, 1.0000000000000000</ROW>
            </PROPERTY>
            <PROPERTY Class="Float" Name="Scale">0.4260191023349762</PROPERTY>
        </COMPONENT>
        <COMPONENT LinkID="13" Class="NiSceneGraphComponent" Name="Scene Graph" MasterLinkID="11" />
        <ENTITY LinkID="14" Class="NiGeneralEntity" Name="Nature_Grass2001_01 17" Type="Object" UsePhysX="FALSE" PostfixTexture="" Optimization="0" AlphaGroup="1" RandomAni="TRUE" TemplateID="6f,7b,d1,3b,42,c9,74,45,87,9e,b7,c0,d0,47,1c,93" MasterLinkID="15">
            <COMPONENT RefLinkID="19" />
            <COMPONENT RefLinkID="20" />
            <COMPONENT RefLinkID="21" />
        </ENTITY>
        <ENTITY LinkID="15" Class="NiGeneralEntity" Name="[Object]Flower.Nature_Grass2001_01" TemplateID="6f,7b,d1,3b,42,c9,74,45,87,9e,b7,c0,d0,47,1c,93">
            <COMPONENT RefLinkID="16" />
            <COMPONENT RefLinkID="17" />
            <COMPONENT RefLinkID="18" />
        </ENTITY>
        <COMPONENT LinkID="16" Class="NiTransformationComponent" Name="Transformation">
            <PROPERTY Class="Point3" Name="Translation">0.0000000000000000, 0.0000000000000000, 0.0000000000000000</PROPERTY>
            <PROPERTY Class="Matrix3" Name="Rotation">
                <ROW>1.0000000000000000, 0.0000000000000000, 0.0000000000000000</ROW>
                <ROW>0.0000000000000000, 1.0000000000000000, 0.0000000000000000</ROW>
                <ROW>0.0000000000000000, 0.0000000000000000, 1.0000000000000000</ROW>
            </PROPERTY>
            <PROPERTY Class="Float" Name="Scale">1.0000000000000000</PROPERTY>
        </COMPONENT>
        <COMPONENT LinkID="17" Class="NiSceneGraphComponent" Name="Scene Graph">
            <PROPERTY Class="String" Name="NIF File Path" Asset="TRUE">.\..\..\00_Object\Flower\Nature_Grass2001_01.nif</PROPERTY>
        </COMPONENT>
        <COMPONENT LinkID="18" Class="NiGeneralComponent" Name="Hide Object" TemplateID="f6,46,16,db,61,92,23,47,b5,4a,da,2d,42,d7,85,b9">
            <PROPERTY Class="Float" Name="Alpha Value" SemanticType="Float" DisplayName="Alpha Value" Description="">0.4000000059604645</PROPERTY>
            <PROPERTY Class="Boolean" Name="Alpha Enable" SemanticType="Boolean" DisplayName="Alpha Enable" Description="">FALSE</PROPERTY>
            <PROPERTY Class="Boolean" Name="Hide Object" SemanticType="Boolean" DisplayName="Hide Object" Description="">FALSE</PROPERTY>
        </COMPONENT>
        <COMPONENT LinkID="19" Class="NiTransformationComponent" Name="Transformation">
            <PROPERTY Class="Point3" Name="Translation">-1877.4495849609375000, 1026.0938720703125000, -2.9033226966857910</PROPERTY>
            <PROPERTY Class="Matrix3" Name="Rotation">
                <ROW>0.8231245279312134, -0.5678608417510986, 0.0000000000000000</ROW>
                <ROW>0.5678608417510986, 0.8231245279312134, 0.0000000000000000</ROW>
                <ROW>0.0000000000000000, 0.0000000000000000, 1.0000000000000000</ROW>
            </PROPERTY>
            <PROPERTY Class="Float" Name="Scale">1.0000000000000000</PROPERTY>
        </COMPONENT>
        <COMPONENT LinkID="20" Class="NiSceneGraphComponent" Name="Scene Graph" MasterLinkID="17" />
        <COMPONENT LinkID="21" Class="NiGeneralComponent" Name="Hide Object" TemplateID="f6,46,16,db,61,92,23,47,b5,4a,da,2d,42,d7,85,b9" MasterLinkID="18" />
        <ENTITY LinkID="22" Class="NiGeneralEntity" Name="Nature_Halopumpkin1001_01 01" Type="Object" UsePhysX="FALSE" PostfixTexture="" Optimization="0" AlphaGroup="1" RandomAni="TRUE" TemplateID="3c,a5,e4,88,27,74,ef,44,b4,1,84,e0,11,d2,3b,2e" MasterLinkID="23">
            <COMPONENT RefLinkID="27" />
            <COMPONENT RefLinkID="28" />
            <COMPONENT RefLinkID="29" />
        </ENTITY>
        <ENTITY LinkID="23" Class="NiGeneralEntity" Name="[Object]FoodStuffs.Nature_Halopumpkin1001_01" TemplateID="3c,a5,e4,88,27,74,ef,44,b4,1,84,e0,11,d2,3b,2e">
            <COMPONENT RefLinkID="24" />
            <COMPONENT RefLinkID="25" />
            <COMPONENT RefLinkID="26" />
        </ENTITY>
        <COMPONENT LinkID="24" Class="NiTransformationComponent" Name="Transformation">
            <PROPERTY Class="Point3" Name="Translation">0.0000000000000000, 0.0000000000000000, 0.0000000000000000</PROPERTY>
            <PROPERTY Class="Matrix3" Name="Rotation">
                <ROW>1.0000000000000000, 0.0000000000000000, 0.0000000000000000</ROW>
                <ROW>0.0000000000000000, 1.0000000000000000, 0.0000000000000000</ROW>
                <ROW>0.0000000000000000, 0.0000000000000000, 1.0000000000000000</ROW>
            </PROPERTY>
            <PROPERTY Class="Float" Name="Scale">1.0000000000000000</PROPERTY>
        </COMPONENT>
        <COMPONENT LinkID="25" Class="NiSceneGraphComponent" Name="Scene Graph">
            <PROPERTY Class="String" Name="NIF File Path" Asset="TRUE">.\..\..\00_Object\FoodStuffs\Nature_Halopumpkin1001_01.nif</PROPERTY>
        </COMPONENT>
        <COMPONENT LinkID="26" Class="NiGeneralComponent" Name="Hide Object" TemplateID="f6,46,16,db,61,92,23,47,b5,4a,da,2d,42,d7,85,b9">
            <PROPERTY Class="Float" Name="Alpha Value" SemanticType="Float" DisplayName="Alpha Value" Description="">0.4000000059604645</PROPERTY>
            <PROPERTY Class="Boolean" Name="Alpha Enable" SemanticType="Boolean" DisplayName="Alpha Enable" Description="">FALSE</PROPERTY>
            <PROPERTY Class="Boolean" Name="Hide Object" SemanticType="Boolean" DisplayName="Hide Object" Description="">FALSE</PROPERTY>
        </COMPONENT>
        <COMPONENT LinkID="27" Class="NiTransformationComponent" Name="Transformation">
            <PROPERTY Class="Point3" Name="Translation">-1894.0030517578125000, 1039.4534912109375000, 31.4773349761962890</PROPERTY>
            <PROPERTY Class="Matrix3" Name="Rotation">
                <ROW>0.0133566558361053, 0.9677889347076416, 0.2514084875583649</ROW>
                <ROW>-0.9976643919944763, 0.0297427177429199, -0.0614903792738914</ROW>
                <ROW>-0.0669872760772705, -0.2500000000000000, 0.9659258127212524</ROW>
            </PROPERTY>
            <PROPERTY Class="Float" Name="Scale">1.3199499845504761</PROPERTY>
        </COMPONENT>
        <COMPONENT LinkID="28" Class="NiSceneGraphComponent" Name="Scene Graph" MasterLinkID="25" />
        <COMPONENT LinkID="29" Class="NiGeneralComponent" Name="Hide Object" TemplateID="f6,46,16,db,61,92,23,47,b5,4a,da,2d,42,d7,85,b9" MasterLinkID="26" />
        <ENTITY LinkID="30" Class="NiGeneralEntity" Name="Art_CeramicsWic1001_01 01" Type="Object" UsePhysX="FALSE" PostfixTexture="" Optimization="0" AlphaGroup="1" RandomAni="TRUE" TemplateID="4c,38,e3,7c,6e,ea,2c,4b,ad,a6,7e,26,9e,a1,7f,b7" MasterLinkID="31">
            <COMPONENT RefLinkID="34" />
            <COMPONENT RefLinkID="35" />
        </ENTITY>
        <ENTITY LinkID="31" Class="NiGeneralEntity" Name="[Object]props.Art_CeramicsWic1001_01" TemplateID="4c,38,e3,7c,6e,ea,2c,4b,ad,a6,7e,26,9e,a1,7f,b7">
            <COMPONENT RefLinkID="32" />
            <COMPONENT RefLinkID="33" />
        </ENTITY>
        <COMPONENT LinkID="32" Class="NiTransformationComponent" Name="Transformation">
            <PROPERTY Class="Point3" Name="Translation">0.0000000000000000, 0.0000000000000000, 0.0000000000000000</PROPERTY>
            <PROPERTY Class="Matrix3" Name="Rotation">
                <ROW>1.0000000000000000, 0.0000000000000000, 0.0000000000000000</ROW>
                <ROW>0.0000000000000000, 1.0000000000000000, 0.0000000000000000</ROW>
                <ROW>0.0000000000000000, 0.0000000000000000, 1.0000000000000000</ROW>
            </PROPERTY>
            <PROPERTY Class="Float" Name="Scale">1.0000000000000000</PROPERTY>
        </COMPONENT>
        <COMPONENT LinkID="33" Class="NiSceneGraphComponent" Name="Scene Graph">
            <PROPERTY Class="String" Name="NIF File Path" Asset="TRUE">.\..\..\00_Object\props\Art_CeramicsWic1001_01.nif</PROPERTY>
        </COMPONENT>
        <COMPONENT LinkID="34" Class="NiTransformationComponent" Name="Transformation">
            <PROPERTY Class="Point3" Name="Translation">-1995.5091552734375000, 1041.6872558593750000, 11.5919704437255860</PROPERTY>
            <PROPERTY Class="Matrix3" Name="Rotation">
                <ROW>0.8231245279312134, -0.5678608417510986, 0.0000000000000000</ROW>
                <ROW>0.5678608417510986, 0.8231245279312134, 0.0000000000000000</ROW>
                <ROW>0.0000000000000000, 0.0000000000000000, 1.0000000000000000</ROW>
            </PROPERTY>
            <PROPERTY Class="Float" Name="Scale">1.6017037630081177</PROPERTY>
        </COMPONENT>
        <COMPONENT LinkID="35" Class="NiSceneGraphComponent" Name="Scene Graph" MasterLinkID="33" />
        <ENTITY LinkID="36" Class="NiGeneralEntity" Name="Natere_Carrot2001_01 13" Type="Object" UsePhysX="FALSE" PostfixTexture="" Optimization="2" AlphaGroup="1" RandomAni="TRUE" TemplateID="8f,37,14,1d,c8,7c,5,4d,95,ef,8c,de,d2,9f,40,d" MasterLinkID="1">
            <COMPONENT RefLinkID="37" />
            <COMPONENT RefLinkID="38" />
            <COMPONENT RefLinkID="39" />
        </ENTITY>
        <COMPONENT LinkID="37" Class="NiTransformationComponent" Name="Transformation">
            <PROPERTY Class="Point3" Name="Translation">-1989.0343017578125000, 1043.1046142578125000, 16.4699783325195310</PROPERTY>
            <PROPERTY Class="Matrix3" Name="Rotation">
                <ROW>0.6742640733718872, -0.5678608417510986, -0.4721249043941498</ROW>
                <ROW>0.4651643335819244, 0.8231245279312134, -0.3257116377353668</ROW>
                <ROW>0.5735765099525452, 0.0000000000000000, 0.8191519975662231</ROW>
            </PROPERTY>
            <PROPERTY Class="Float" Name="Scale">1.9316956996917725</PROPERTY>
        </COMPONENT>
        <COMPONENT LinkID="38" Class="NiSceneGraphComponent" Name="Scene Graph" MasterLinkID="3" />
        <COMPONENT LinkID="39" Class="NiGeneralComponent" Name="Hide Object" TemplateID="f6,46,16,db,61,92,23,47,b5,4a,da,2d,42,d7,85,b9" MasterLinkID="4" />
        <ENTITY LinkID="40" Class="NiGeneralEntity" Name="Natere_Carrot2001_01 12" Type="Object" UsePhysX="FALSE" PostfixTexture="" Optimization="0" AlphaGroup="1" RandomAni="TRUE" TemplateID="8f,37,14,1d,c8,7c,5,4d,95,ef,8c,de,d2,9f,40,d" MasterLinkID="1">
            <COMPONENT RefLinkID="41" />
            <COMPONENT RefLinkID="42" />
            <COMPONENT RefLinkID="43" />
        </ENTITY>
        <COMPONENT LinkID="41" Class="NiTransformationComponent" Name="Transformation">
            <PROPERTY Class="Point3" Name="Translation">-2062.0864257812500000, 966.3871459960937500, 11.3167324066162110</PROPERTY>
            <PROPERTY Class="Matrix3" Name="Rotation">
                <ROW>0.2815250754356384, -0.5678608417510986, 0.7734841108322144</ROW>
                <ROW>0.1942197829484940, 0.8231245279312134, 0.5336146950721741</ROW>
                <ROW>-0.9396926760673523, 0.0000000000000000, 0.3420200347900391</ROW>
            </PROPERTY>
            <PROPERTY Class="Float" Name="Scale">1.9316956996917725</PROPERTY>
        </COMPONENT>
        <COMPONENT LinkID="42" Class="NiSceneGraphComponent" Name="Scene Graph" MasterLinkID="3" />
        <COMPONENT LinkID="43" Class="NiGeneralComponent" Name="Hide Object" TemplateID="f6,46,16,db,61,92,23,47,b5,4a,da,2d,42,d7,85,b9" MasterLinkID="4" />
        <ENTITY LinkID="44" Class="NiGeneralEntity" Name="Art_Scarecrow1001_01 01" Type="Object" UsePhysX="FALSE" PostfixTexture="" Optimization="0" AlphaGroup="1" RandomAni="TRUE" TemplateID="bb,c9,14,3c,1b,da,34,41,82,8f,61,94,df,4a,48,c5" MasterLinkID="45">
            <COMPONENT RefLinkID="50" />
            <COMPONENT RefLinkID="51" />
            <COMPONENT RefLinkID="52" />
            <COMPONENT RefLinkID="53" />
        </ENTITY>
        <ENTITY LinkID="45" Class="NiGeneralEntity" Name="[Object]props.Art_Scarecrow1001_01" TemplateID="bb,c9,14,3c,1b,da,34,41,82,8f,61,94,df,4a,48,c5">
            <COMPONENT RefLinkID="46" />
            <COMPONENT RefLinkID="47" />
            <COMPONENT RefLinkID="48" />
            <COMPONENT RefLinkID="49" />
        </ENTITY>
        <COMPONENT LinkID="46" Class="NiTransformationComponent" Name="Transformation">
            <PROPERTY Class="Point3" Name="Translation">0.0000000000000000, 0.0000000000000000, 0.0000000000000000</PROPERTY>
            <PROPERTY Class="Matrix3" Name="Rotation">
                <ROW>1.0000000000000000, 0.0000000000000000, 0.0000000000000000</ROW>
                <ROW>0.0000000000000000, 1.0000000000000000, 0.0000000000000000</ROW>
                <ROW>0.0000000000000000, 0.0000000000000000, 1.0000000000000000</ROW>
            </PROPERTY>
            <PROPERTY Class="Float" Name="Scale">1.0000000000000000</PROPERTY>
        </COMPONENT>
        <COMPONENT LinkID="47" Class="NiSceneGraphComponent" Name="Scene Graph">
            <PROPERTY Class="String" Name="NIF File Path" Asset="TRUE">.\..\..\00_Object\props\Art_Scarecrow1001_01.nif</PROPERTY>
        </COMPONENT>
        <COMPONENT LinkID="48" Class="NiGeneralComponent" Name="Hide Object" TemplateID="f6,46,16,db,61,92,23,47,b5,4a,da,2d,42,d7,85,b9">
            <PROPERTY Class="Float" Name="Alpha Value" SemanticType="Float" DisplayName="Alpha Value" Description="">0.4000000059604645</PROPERTY>
            <PROPERTY Class="Boolean" Name="Alpha Enable" SemanticType="Boolean" DisplayName="Alpha Enable" Description="">FALSE</PROPERTY>
            <PROPERTY Class="Boolean" Name="Hide Object" SemanticType="Boolean" DisplayName="Hide Object" Description="">FALSE</PROPERTY>
        </COMPONENT>
        <COMPONENT LinkID="49" Class="NiGeneralComponent" Name="GlowMap" TemplateID="c,37,ef,c9,e6,13,8,4b,86,49,c3,29,48,1b,b2,c8">
            <PROPERTY Class="Boolean" Name="Enable" SemanticType="Boolean" DisplayName="Enable" Description="">FALSE</PROPERTY>
        </COMPONENT>
        <COMPONENT LinkID="50" Class="NiTransformationComponent" Name="Transformation">
            <PROPERTY Class="Point3" Name="Translation">-2085.9121093750000000, 1000.8385620117187000, 2.8951802253723145</PROPERTY>
            <PROPERTY Class="Matrix3" Name="Rotation">
                <ROW>0.9828575849533081, -0.1628417372703552, 0.0864498466253281</ROW>
                <ROW>0.1435616910457611, 0.9701771140098572, 0.1953111737966538</ROW>
                <ROW>-0.1156764626502991, -0.1795521676540375, 0.9769237637519836</ROW>
            </PROPERTY>
            <PROPERTY Class="Float" Name="Scale">1.4786483049392700</PROPERTY>
        </COMPONENT>
        <COMPONENT LinkID="51" Class="NiSceneGraphComponent" Name="Scene Graph" MasterLinkID="47" />
        <COMPONENT LinkID="52" Class="NiGeneralComponent" Name="Hide Object" TemplateID="f6,46,16,db,61,92,23,47,b5,4a,da,2d,42,d7,85,b9" MasterLinkID="48" />
        <COMPONENT LinkID="53" Class="NiGeneralComponent" Name="GlowMap" TemplateID="c,37,ef,c9,e6,13,8,4b,86,49,c3,29,48,1b,b2,c8" MasterLinkID="49" />
        <ENTITY LinkID="54" Class="NiGeneralEntity" Name="Natere_Carrot2001_01 11" Type="Object" UsePhysX="FALSE" PostfixTexture="" Optimization="1" AlphaGroup="1" RandomAni="TRUE" TemplateID="8f,37,14,1d,c8,7c,5,4d,95,ef,8c,de,d2,9f,40,d" MasterLinkID="1">
            <COMPONENT RefLinkID="55" />
            <COMPONENT RefLinkID="56" />
            <COMPONENT RefLinkID="57" />
        </ENTITY>
        <COMPONENT LinkID="55" Class="NiTransformationComponent" Name="Transformation">
            <PROPERTY Class="Point3" Name="Translation">-2122.8833007812500000, 984.8717651367187500, -5.5862531661987305</PROPERTY>
            <PROPERTY Class="Matrix3" Name="Rotation">
                <ROW>0.8231245279312134, -0.5678608417510986, 0.0000000000000000</ROW>
                <ROW>0.5678608417510986, 0.8231245279312134, 0.0000000000000000</ROW>
                <ROW>0.0000000000000000, 0.0000000000000000, 1.0000000000000000</ROW>
            </PROPERTY>
            <PROPERTY Class="Float" Name="Scale">1.9316956996917725</PROPERTY>
        </COMPONENT>
        <COMPONENT LinkID="56" Class="NiSceneGraphComponent" Name="Scene Graph" MasterLinkID="3" />
        <COMPONENT LinkID="57" Class="NiGeneralComponent" Name="Hide Object" TemplateID="f6,46,16,db,61,92,23,47,b5,4a,da,2d,42,d7,85,b9" MasterLinkID="4" />
        <ENTITY LinkID="58" Class="NiGeneralEntity" Name="Natere_Carrot2001_01 09" Type="Object" UsePhysX="FALSE" PostfixTexture="" Optimization="0" AlphaGroup="1" RandomAni="TRUE" TemplateID="8f,37,14,1d,c8,7c,5,4d,95,ef,8c,de,d2,9f,40,d" MasterLinkID="1">
            <COMPONENT RefLinkID="59" />
            <COMPONENT RefLinkID="60" />
            <COMPONENT RefLinkID="61" />
        </ENTITY>
        <COMPONENT LinkID="59" Class="NiTransformationComponent" Name="Transformation">
            <PROPERTY Class="Point3" Name="Translation">-2164.8447265625000000, 966.1594848632812500, -1.1438473463058472</PROPERTY>
            <PROPERTY Class="Matrix3" Name="Rotation">
                <ROW>0.9256823062896729, 0.3319762647151947, 0.1813943833112717</ROW>
                <ROW>-0.3565599620342255, 0.9258534312248230, 0.1251411736011505</ROW>
                <ROW>-0.1264007240533829, -0.1805189698934555, 0.9754157066345215</ROW>
            </PROPERTY>
            <PROPERTY Class="Float" Name="Scale">1.5455921888351440</PROPERTY>
        </COMPONENT>
        <COMPONENT LinkID="60" Class="NiSceneGraphComponent" Name="Scene Graph" MasterLinkID="3" />
        <COMPONENT LinkID="61" Class="NiGeneralComponent" Name="Hide Object" TemplateID="f6,46,16,db,61,92,23,47,b5,4a,da,2d,42,d7,85,b9" MasterLinkID="4" />
        <ENTITY LinkID="62" Class="NiGeneralEntity" Name="Natere_Carrot2001_01 10" Type="Object" UsePhysX="FALSE" PostfixTexture="" Optimization="2" AlphaGroup="1" RandomAni="TRUE" TemplateID="8f,37,14,1d,c8,7c,5,4d,95,ef,8c,de,d2,9f,40,d" MasterLinkID="1">
            <COMPONENT RefLinkID="63" />
            <COMPONENT RefLinkID="64" />
            <COMPONENT RefLinkID="65" />
        </ENTITY>
        <COMPONENT LinkID="63" Class="NiTransformationComponent" Name="Transformation">
            <PROPERTY Class="Point3" Name="Translation">-2227.2583007812500000, 982.0571289062500000, -13.1838874816894530</PROPERTY>
            <PROPERTY Class="Matrix3" Name="Rotation">
                <ROW>0.3547421693801880, -0.9284499883651733, -0.1101753711700440</ROW>
                <ROW>0.9283177256584168, 0.3357405364513397, 0.1597011834383011</ROW>
                <ROW>-0.1112842336297035, -0.1589304953813553, 0.9809979200363159</ROW>
            </PROPERTY>
            <PROPERTY Class="Float" Name="Scale">2.5211544036865234</PROPERTY>
        </COMPONENT>
        <COMPONENT LinkID="64" Class="NiSceneGraphComponent" Name="Scene Graph" MasterLinkID="3" />
        <COMPONENT LinkID="65" Class="NiGeneralComponent" Name="Hide Object" TemplateID="f6,46,16,db,61,92,23,47,b5,4a,da,2d,42,d7,85,b9" MasterLinkID="4" />
        <ENTITY LinkID="66" Class="NiGeneralEntity" Name="Natere_Carrot2001_01 02" Type="Object" UsePhysX="FALSE" PostfixTexture="" Optimization="1" AlphaGroup="1" RandomAni="TRUE" TemplateID="8f,37,14,1d,c8,7c,5,4d,95,ef,8c,de,d2,9f,40,d" MasterLinkID="1">
            <COMPONENT RefLinkID="67" />
            <COMPONENT RefLinkID="68" />
            <COMPONENT RefLinkID="69" />
        </ENTITY>
        <COMPONENT LinkID="67" Class="NiTransformationComponent" Name="Transformation">
            <PROPERTY Class="Point3" Name="Translation">-2224.5463867187500000, 938.3726196289062500, -1.1441873311996460</PROPERTY>
            <PROPERTY Class="Matrix3" Name="Rotation">
                <ROW>0.9372891187667847, 0.3485525548458099, 0.0000000000000000</ROW>
                <ROW>-0.3485525548458099, 0.9372891187667847, 0.0000000000000000</ROW>
                <ROW>0.0000000000000000, 0.0000000000000000, 1.0000000000000000</ROW>
            </PROPERTY>
            <PROPERTY Class="Float" Name="Scale">1.5455921888351440</PROPERTY>
        </COMPONENT>
        <COMPONENT LinkID="68" Class="NiSceneGraphComponent" Name="Scene Graph" MasterLinkID="3" />
        <COMPONENT LinkID="69" Class="NiGeneralComponent" Name="Hide Object" TemplateID="f6,46,16,db,61,92,23,47,b5,4a,da,2d,42,d7,85,b9" MasterLinkID="4" />
        <ENTITY LinkID="70" Class="NiGeneralEntity" Name="Natere_Carrot2001_01 01" Type="Object" UsePhysX="FALSE" PostfixTexture="" Optimization="2" AlphaGroup="1" RandomAni="TRUE" TemplateID="8f,37,14,1d,c8,7c,5,4d,95,ef,8c,de,d2,9f,40,d" MasterLinkID="1">
            <COMPONENT RefLinkID="71" />
            <COMPONENT RefLinkID="72" />
            <COMPONENT RefLinkID="73" />
        </ENTITY>
        <COMPONENT LinkID="71" Class="NiTransformationComponent" Name="Transformation">
            <PROPERTY Class="Point3" Name="Translation">-2226.6230468750000000, 903.6189575195312500, -5.5864229202270508</PROPERTY>
            <PROPERTY Class="Matrix3" Name="Rotation">
                <ROW>0.8231245279312134, -0.5678608417510986, 0.0000000000000000</ROW>
                <ROW>0.5678608417510986, 0.8231245279312134, 0.0000000000000000</ROW>
                <ROW>0.0000000000000000, 0.0000000000000000, 1.0000000000000000</ROW>
            </PROPERTY>
            <PROPERTY Class="Float" Name="Scale">1.9316956996917725</PROPERTY>
        </COMPONENT>
        <COMPONENT LinkID="72" Class="NiSceneGraphComponent" Name="Scene Graph" MasterLinkID="3" />
        <COMPONENT LinkID="73" Class="NiGeneralComponent" Name="Hide Object" TemplateID="f6,46,16,db,61,92,23,47,b5,4a,da,2d,42,d7,85,b9" MasterLinkID="4" />
        <ENTITY LinkID="74" Class="NiGeneralEntity" Name="Natere_Carrot2001_01 04" Type="Object" UsePhysX="FALSE" PostfixTexture="" Optimization="2" AlphaGroup="1" RandomAni="TRUE" TemplateID="8f,37,14,1d,c8,7c,5,4d,95,ef,8c,de,d2,9f,40,d" MasterLinkID="1">
            <COMPONENT RefLinkID="75" />
            <COMPONENT RefLinkID="76" />
            <COMPONENT RefLinkID="77" />
        </ENTITY>
        <COMPONENT LinkID="75" Class="NiTransformationComponent" Name="Transformation">
            <PROPERTY Class="Point3" Name="Translation">-2135.7695312500000000, 905.3224487304687500, -5.0031299591064453</PROPERTY>
            <PROPERTY Class="Matrix3" Name="Rotation">
                <ROW>-0.4939596056938171, -0.8694847822189331, 0.0000000000000000</ROW>
                <ROW>0.8694847822189331, -0.4939596056938171, 0.0000000000000000</ROW>
                <ROW>0.0000000000000000, 0.0000000000000000, 1.0000000000000000</ROW>
            </PROPERTY>
            <PROPERTY Class="Float" Name="Scale">1.9316956996917725</PROPERTY>
        </COMPONENT>
        <COMPONENT LinkID="76" Class="NiSceneGraphComponent" Name="Scene Graph" MasterLinkID="3" />
        <COMPONENT LinkID="77" Class="NiGeneralComponent" Name="Hide Object" TemplateID="f6,46,16,db,61,92,23,47,b5,4a,da,2d,42,d7,85,b9" MasterLinkID="4" />
        <ENTITY LinkID="78" Class="NiGeneralEntity" Name="Natere_Carrot2001_01 07" Type="Object" UsePhysX="FALSE" PostfixTexture="" Optimization="2" AlphaGroup="1" RandomAni="TRUE" TemplateID="8f,37,14,1d,c8,7c,5,4d,95,ef,8c,de,d2,9f,40,d" MasterLinkID="1">
            <COMPONENT RefLinkID="79" />
            <COMPONENT RefLinkID="80" />
            <COMPONENT RefLinkID="81" />
        </ENTITY>
        <COMPONENT LinkID="79" Class="NiTransformationComponent" Name="Transformation">
            <PROPERTY Class="Point3" Name="Translation">-2267.8569335937500000, 915.9260864257812500, -5.5860176086425781</PROPERTY>
            <PROPERTY Class="Matrix3" Name="Rotation">
                <ROW>-0.4939596056938171, -0.8694847822189331, 0.0000000000000000</ROW>
                <ROW>0.8694847822189331, -0.4939596056938171, 0.0000000000000000</ROW>
                <ROW>0.0000000000000000, 0.0000000000000000, 1.0000000000000000</ROW>
            </PROPERTY>
            <PROPERTY Class="Float" Name="Scale">1.9316956996917725</PROPERTY>
        </COMPONENT>
        <COMPONENT LinkID="80" Class="NiSceneGraphComponent" Name="Scene Graph" MasterLinkID="3" />
        <COMPONENT LinkID="81" Class="NiGeneralComponent" Name="Hide Object" TemplateID="f6,46,16,db,61,92,23,47,b5,4a,da,2d,42,d7,85,b9" MasterLinkID="4" />
        <ENTITY LinkID="82" Class="NiGeneralEntity" Name="Natere_Carrot2001_01 03" Type="Object" UsePhysX="FALSE" PostfixTexture="" Optimization="0" AlphaGroup="1" RandomAni="TRUE" TemplateID="8f,37,14,1d,c8,7c,5,4d,95,ef,8c,de,d2,9f,40,d" MasterLinkID="1">
            <COMPONENT RefLinkID="83" />
            <COMPONENT RefLinkID="84" />
            <COMPONENT RefLinkID="85" />
        </ENTITY>
        <COMPONENT LinkID="83" Class="NiTransformationComponent" Name="Transformation">
            <PROPERTY Class="Point3" Name="Translation">-2160.9243164062500000, 873.5693969726562500, -0.0607089996337891</PROPERTY>
            <PROPERTY Class="Matrix3" Name="Rotation">
                <ROW>-0.2315509170293808, -0.9490318894386292, -0.2138285785913467</ROW>
                <ROW>0.5890019536018372, 0.0381702482700348, -0.8072296380996704</ROW>
                <ROW>0.7742484211921692, -0.3128601908683777, 0.5501433610916138</ROW>
            </PROPERTY>
            <PROPERTY Class="Float" Name="Scale">1.9316956996917725</PROPERTY>
        </COMPONENT>
        <COMPONENT LinkID="84" Class="NiSceneGraphComponent" Name="Scene Graph" MasterLinkID="3" />
        <COMPONENT LinkID="85" Class="NiGeneralComponent" Name="Hide Object" TemplateID="f6,46,16,db,61,92,23,47,b5,4a,da,2d,42,d7,85,b9" MasterLinkID="4" />
        <ENTITY LinkID="86" Class="NiGeneralEntity" Name="Natere_Carrot2001_01 06" Type="Object" UsePhysX="FALSE" PostfixTexture="" Optimization="0" AlphaGroup="1" RandomAni="TRUE" TemplateID="8f,37,14,1d,c8,7c,5,4d,95,ef,8c,de,d2,9f,40,d" MasterLinkID="1">
            <COMPONENT RefLinkID="87" />
            <COMPONENT RefLinkID="88" />
            <COMPONENT RefLinkID="89" />
        </ENTITY>
        <COMPONENT LinkID="87" Class="NiTransformationComponent" Name="Transformation">
            <PROPERTY Class="Point3" Name="Translation">-2237.5983886718750000, 1080.7366943359375000, -1.8577094078063965</PROPERTY>
            <PROPERTY Class="Matrix3" Name="Rotation">
                <ROW>0.4069420993328095, 0.5097107887268066, 0.7580192089080811</ROW>
                <ROW>-0.4741185307502747, 0.8271656632423401, -0.3016764521598816</ROW>
                <ROW>-0.7807751893997192, -0.2366260588169098, 0.5782718658447266</ROW>
            </PROPERTY>
            <PROPERTY Class="Float" Name="Scale">3.2823679447174072</PROPERTY>
        </COMPONENT>
        <COMPONENT LinkID="88" Class="NiSceneGraphComponent" Name="Scene Graph" MasterLinkID="3" />
        <COMPONENT LinkID="89" Class="NiGeneralComponent" Name="Hide Object" TemplateID="f6,46,16,db,61,92,23,47,b5,4a,da,2d,42,d7,85,b9" MasterLinkID="4" />
        <ENTITY LinkID="90" Class="NiGeneralEntity" Name="Natere_Carrot2001_01 05" Type="Object" UsePhysX="FALSE" PostfixTexture="" Optimization="1" AlphaGroup="1" RandomAni="TRUE" TemplateID="8f,37,14,1d,c8,7c,5,4d,95,ef,8c,de,d2,9f,40,d" MasterLinkID="1">
            <COMPONENT RefLinkID="91" />
            <COMPONENT RefLinkID="92" />
            <COMPONENT RefLinkID="93" />
        </ENTITY>
        <COMPONENT LinkID="91" Class="NiTransformationComponent" Name="Transformation">
            <PROPERTY Class="Point3" Name="Translation">-2099.0654296875000000, 931.6420898437500000, -1.1443098783493042</PROPERTY>
            <PROPERTY Class="Matrix3" Name="Rotation">
                <ROW>0.9311078190803528, 0.3397247493267059, -0.1327599585056305</ROW>
                <ROW>-0.3528169691562653, 0.9311989545822144, -0.0915890336036682</ROW>
                <ROW>0.0925108790397644, 0.1321192383766174, 0.9869074225425720</ROW>
            </PROPERTY>
            <PROPERTY Class="Float" Name="Scale">1.5455921888351440</PROPERTY>
        </COMPONENT>
        <COMPONENT LinkID="92" Class="NiSceneGraphComponent" Name="Scene Graph" MasterLinkID="3" />
        <COMPONENT LinkID="93" Class="NiGeneralComponent" Name="Hide Object" TemplateID="f6,46,16,db,61,92,23,47,b5,4a,da,2d,42,d7,85,b9" MasterLinkID="4" />
        <ENTITY LinkID="94" Class="NiGeneralEntity" Name="Natere_Carrot2001_01 08" Type="Object" UsePhysX="FALSE" PostfixTexture="" Optimization="1" AlphaGroup="1" RandomAni="TRUE" TemplateID="8f,37,14,1d,c8,7c,5,4d,95,ef,8c,de,d2,9f,40,d" MasterLinkID="1">
            <COMPONENT RefLinkID="95" />
            <COMPONENT RefLinkID="96" />
            <COMPONENT RefLinkID="97" />
        </ENTITY>
        <COMPONENT LinkID="95" Class="NiTransformationComponent" Name="Transformation">
            <PROPERTY Class="Point3" Name="Translation">-2055.8828125000000000, 911.4117431640625000, -1.1443098783493042</PROPERTY>
            <PROPERTY Class="Matrix3" Name="Rotation">
                <ROW>0.9213939905166626, 0.3258518874645233, 0.2117866277694702</ROW>
                <ROW>-0.3595183789730072, 0.9216283559799194, 0.1461082994937897</ROW>
                <ROW>-0.1475788950920105, -0.2107645273208618, 0.9663326740264893</ROW>
            </PROPERTY>
            <PROPERTY Class="Float" Name="Scale">1.5455921888351440</PROPERTY>
        </COMPONENT>
        <COMPONENT LinkID="96" Class="NiSceneGraphComponent" Name="Scene Graph" MasterLinkID="3" />
        <COMPONENT LinkID="97" Class="NiGeneralComponent" Name="Hide Object" TemplateID="f6,46,16,db,61,92,23,47,b5,4a,da,2d,42,d7,85,b9" MasterLinkID="4" />
        <ENTITY LinkID="98" Class="NiGeneralEntity" Name="Art_WoodFence1006_01 05" Type="Object" UsePhysX="FALSE" PostfixTexture="" Optimization="0" AlphaGroup="1" RandomAni="TRUE" TemplateID="38,ed,7,91,3b,5b,c4,4e,83,fe,76,43,33,11,64,3c" MasterLinkID="99">
            <COMPONENT RefLinkID="103" />
            <COMPONENT RefLinkID="104" />
            <COMPONENT RefLinkID="105" />
        </ENTITY>
        <ENTITY LinkID="99" Class="NiGeneralEntity" Name="[Object]Fance.Art_WoodFence1006_01" TemplateID="38,ed,7,91,3b,5b,c4,4e,83,fe,76,43,33,11,64,3c">
            <COMPONENT RefLinkID="100" />
            <COMPONENT RefLinkID="101" />
            <COMPONENT RefLinkID="102" />
        </ENTITY>
        <COMPONENT LinkID="100" Class="NiTransformationComponent" Name="Transformation">
            <PROPERTY Class="Point3" Name="Translation">0.0000000000000000, 0.0000000000000000, 0.0000000000000000</PROPERTY>
            <PROPERTY Class="Matrix3" Name="Rotation">
                <ROW>1.0000000000000000, 0.0000000000000000, 0.0000000000000000</ROW>
                <ROW>0.0000000000000000, 1.0000000000000000, 0.0000000000000000</ROW>
                <ROW>0.0000000000000000, 0.0000000000000000, 1.0000000000000000</ROW>
            </PROPERTY>
            <PROPERTY Class="Float" Name="Scale">1.0000000000000000</PROPERTY>
        </COMPONENT>
        <COMPONENT LinkID="101" Class="NiSceneGraphComponent" Name="Scene Graph">
            <PROPERTY Class="String" Name="NIF File Path" Asset="TRUE">.\..\..\00_Object\Fance\Art_WoodFence1006_01.nif</PROPERTY>
        </COMPONENT>
        <COMPONENT LinkID="102" Class="NiGeneralComponent" Name="Hide Object" TemplateID="f6,46,16,db,61,92,23,47,b5,4a,da,2d,42,d7,85,b9">
            <PROPERTY Class="Float" Name="Alpha Value" SemanticType="Float" DisplayName="Alpha Value" Description="">0.4000000059604645</PROPERTY>
            <PROPERTY Class="Boolean" Name="Alpha Enable" SemanticType="Boolean" DisplayName="Alpha Enable" Description="">FALSE</PROPERTY>
            <PROPERTY Class="Boolean" Name="Hide Object" SemanticType="Boolean" DisplayName="Hide Object" Description="">FALSE</PROPERTY>
        </COMPONENT>
        <COMPONENT LinkID="103" Class="NiTransformationComponent" Name="Transformation">
            <PROPERTY Class="Point3" Name="Translation">-2016.8280029296875000, 1254.9970703125000000, 4.5577712059020996</PROPERTY>
            <PROPERTY Class="Matrix3" Name="Rotation">
                <ROW>0.8231245279312134, -0.5678608417510986, 0.0000000000000000</ROW>
                <ROW>0.5678608417510986, 0.8231245279312134, 0.0000000000000000</ROW>
                <ROW>0.0000000000000000, 0.0000000000000000, 1.0000000000000000</ROW>
            </PROPERTY>
            <PROPERTY Class="Float" Name="Scale">1.0000000000000000</PROPERTY>
        </COMPONENT>
        <COMPONENT LinkID="104" Class="NiSceneGraphComponent" Name="Scene Graph" MasterLinkID="101" />
        <COMPONENT LinkID="105" Class="NiGeneralComponent" Name="Hide Object" TemplateID="f6,46,16,db,61,92,23,47,b5,4a,da,2d,42,d7,85,b9" MasterLinkID="102" />
        <ENTITY LinkID="106" Class="NiGeneralEntity" Name="Art_WoodFence1005_01 01" Type="Object" UsePhysX="FALSE" PostfixTexture="" Optimization="0" AlphaGroup="1" RandomAni="TRUE" TemplateID="73,f1,1,6a,85,2d,86,44,bc,45,b6,4d,c6,97,df,75" MasterLinkID="107">
            <COMPONENT RefLinkID="111" />
            <COMPONENT RefLinkID="112" />
            <COMPONENT RefLinkID="113" />
        </ENTITY>
        <ENTITY LinkID="107" Class="NiGeneralEntity" Name="[Object]Fance.Art_WoodFence1005_01" TemplateID="73,f1,1,6a,85,2d,86,44,bc,45,b6,4d,c6,97,df,75">
            <COMPONENT RefLinkID="108" />
            <COMPONENT RefLinkID="109" />
            <COMPONENT RefLinkID="110" />
        </ENTITY>
        <COMPONENT LinkID="108" Class="NiTransformationComponent" Name="Transformation">
            <PROPERTY Class="Point3" Name="Translation">0.0000000000000000, 0.0000000000000000, 0.0000000000000000</PROPERTY>
            <PROPERTY Class="Matrix3" Name="Rotation">
                <ROW>1.0000000000000000, 0.0000000000000000, 0.0000000000000000</ROW>
                <ROW>0.0000000000000000, 1.0000000000000000, 0.0000000000000000</ROW>
                <ROW>0.0000000000000000, 0.0000000000000000, 1.0000000000000000</ROW>
            </PROPERTY>
            <PROPERTY Class="Float" Name="Scale">1.0000000000000000</PROPERTY>
        </COMPONENT>
        <COMPONENT LinkID="109" Class="NiSceneGraphComponent" Name="Scene Graph">
            <PROPERTY Class="String" Name="NIF File Path" Asset="TRUE">.\..\..\00_Object\Fance\Art_WoodFence1005_01.nif</PROPERTY>
        </COMPONENT>
        <COMPONENT LinkID="110" Class="NiGeneralComponent" Name="Hide Object" TemplateID="f6,46,16,db,61,92,23,47,b5,4a,da,2d,42,d7,85,b9">
