<?xml version="1.0" ?>
<GSA Major="1" Minor="0" Patch="0">
    <PALETTES_DIRECTORY>
        <PALETTE_DIR IDX="0" DIRECTORY=".\..\..\..\..\..\ToolBin\SceneDesigner\Release\Data\" />
        <PALETTE_DIR IDX="1" DIRECTORY=".\..\..\Palettes\" />
    </PALETTES_DIRECTORY>
    <PALETTES>
        <PALETTE NAME="Default" DIR_IDX="0" />
        <PALETTE NAME="General" DIR_IDX="1" />
        <PALETTE NAME="Block" DIR_IDX="1" />
        <PALETTE NAME="Object" DIR_IDX="1" />
    </PALETTES>
    <OBJECTS>
        <ENTITY LinkID="0" Class="NiGeneralEntity" Name="Nature_Pumpkin1001_01 02" Type="Object" UsePhysX="FALSE" PostfixTexture="" Optimization="0" AlphaGroup="1" RandomAni="TRUE" TemplateID="42,75,e9,73,a9,b0,15,43,af,bf,5,9d,27,84,10,7f" MasterLinkID="1">
            <COMPONENT RefLinkID="5" />
            <COMPONENT RefLinkID="6" />
            <COMPONENT RefLinkID="7" />
        </ENTITY>
        <ENTITY LinkID="1" Class="NiGeneralEntity" Name="[Object]FoodStuffs.Nature_Pumpkin1001_01" TemplateID="42,75,e9,73,a9,b0,15,43,af,bf,5,9d,27,84,10,7f">
            <COMPONENT RefLinkID="2" />
            <COMPONENT RefLinkID="3" />
            <COMPONENT RefLinkID="4" />
        </ENTITY>
        <COMPONENT LinkID="2" Class="NiTransformationComponent" Name="Transformation">
            <PROPERTY Class="Point3" Name="Translation">0.0000000000000000, 0.0000000000000000, 0.0000000000000000</PROPERTY>
            <PROPERTY Class="Matrix3" Name="Rotation">
                <ROW>1.0000000000000000, 0.0000000000000000, 0.0000000000000000</ROW>
                <ROW>0.0000000000000000, 1.0000000000000000, 0.0000000000000000</ROW>
                <ROW>0.0000000000000000, 0.0000000000000000, 1.0000000000000000</ROW>
            </PROPERTY>
            <PROPERTY Class="Float" Name="Scale">1.0000000000000000</PROPERTY>
        </COMPONENT>
        <COMPONENT LinkID="3" Class="NiSceneGraphComponent" Name="Scene Graph">
            <PROPERTY Class="String" Name="NIF File Path" Asset="TRUE">.\..\..\00_Object\FoodStuffs\Nature_Pumpkin1001_01.nif</PROPERTY>
        </COMPONENT>
        <COMPONENT LinkID="4" Class="NiGeneralComponent" Name="Hide Object" TemplateID="f6,46,16,db,61,92,23,47,b5,4a,da,2d,42,d7,85,b9">
            <PROPERTY Class="Float" Name="Alpha Value" SemanticType="Float" DisplayName="Alpha Value" Description="">0.4000000059604645</PROPERTY>
            <PROPERTY Class="Boolean" Name="Alpha Enable" SemanticType="Boolean" DisplayName="Alpha Enable" Description="">FALSE</PROPERTY>
            <PROPERTY Class="Boolean" Name="Hide Object" SemanticType="Boolean" DisplayName="Hide Object" Description="">FALSE</PROPERTY>
        </COMPONENT>
        <COMPONENT LinkID="5" Class="NiTransformationComponent" Name="Transformation">
            <PROPERTY Class="Point3" Name="Translation">-2319.2917480468750000, 1136.2553710937500000, 1.0500323772430420</PROPERTY>
            <PROPERTY Class="Matrix3" Name="Rotation">
                <ROW>0.3495280146598816, -0.9369258880615234, 0.0000000000000000</ROW>
                <ROW>0.9369258880615234, 0.3495280146598816, 0.0000000000000000</ROW>
                <ROW>0.0000000000000000, 0.0000000000000000, 1.0000000000000000</ROW>
            </PROPERTY>
            <PROPERTY Class="Float" Name="Scale">1.9979646205902100</PROPERTY>
        </COMPONENT>
        <COMPONENT LinkID="6" Class="NiSceneGraphComponent" Name="Scene Graph" MasterLinkID="3" />
        <COMPONENT LinkID="7" Class="NiGeneralComponent" Name="Hide Object" TemplateID="f6,46,16,db,61,92,23,47,b5,4a,da,2d,42,d7,85,b9" MasterLinkID="4" />
        <ENTITY LinkID="8" Class="NiGeneralEntity" Name="Nature_Pumpkin1001_01 03" Type="Object" UsePhysX="FALSE" PostfixTexture="" Optimization="0" AlphaGroup="1" RandomAni="TRUE" TemplateID="42,75,e9,73,a9,b0,15,43,af,bf,5,9d,27,84,10,7f" MasterLinkID="1">
            <COMPONENT RefLinkID="9" />
            <COMPONENT RefLinkID="10" />
            <COMPONENT RefLinkID="11" />
        </ENTITY>
        <COMPONENT LinkID="9" Class="NiTransformationComponent" Name="Transformation">
            <PROPERTY Class="Point3" Name="Translation">-2260.6433105468750000, 977.1386108398437500, 0.6593532562255859</PROPERTY>
            <PROPERTY Class="Matrix3" Name="Rotation">
                <ROW>0.9692940711975098, -0.2459044307470322, 0.0000000000000000</ROW>
                <ROW>0.2459044307470322, 0.9692940711975098, 0.0000000000000000</ROW>
                <ROW>0.0000000000000000, 0.0000000000000000, 1.0000000000000000</ROW>
            </PROPERTY>
            <PROPERTY Class="Float" Name="Scale">0.8689830303192139</PROPERTY>
        </COMPONENT>
        <COMPONENT LinkID="10" Class="NiSceneGraphComponent" Name="Scene Graph" MasterLinkID="3" />
        <COMPONENT LinkID="11" Class="NiGeneralComponent" Name="Hide Object" TemplateID="f6,46,16,db,61,92,23,47,b5,4a,da,2d,42,d7,85,b9" MasterLinkID="4" />
        <ENTITY LinkID="12" Class="NiGeneralEntity" Name="Nature_Pumpkin1001_01 04" Type="Object" UsePhysX="FALSE" PostfixTexture="" Optimization="0" AlphaGroup="1" RandomAni="TRUE" TemplateID="42,75,e9,73,a9,b0,15,43,af,bf,5,9d,27,84,10,7f" MasterLinkID="1">
            <COMPONENT RefLinkID="13" />
            <COMPONENT RefLinkID="14" />
            <COMPONENT RefLinkID="15" />
        </ENTITY>
        <COMPONENT LinkID="13" Class="NiTransformationComponent" Name="Transformation">
            <PROPERTY Class="Point3" Name="Translation">-2167.2294921875000000, 954.0349731445312500, 5.7427120208740234</PROPERTY>
            <PROPERTY Class="Matrix3" Name="Rotation">
                <ROW>0.3397865593433380, -0.9405025839805603, 0.0000000000000000</ROW>
                <ROW>0.9405025839805603, 0.3397865593433380, 0.0000000000000000</ROW>
                <ROW>0.0000000000000000, 0.0000000000000000, 1.0000000000000000</ROW>
            </PROPERTY>
            <PROPERTY Class="Float" Name="Scale">0.9496156573295593</PROPERTY>
        </COMPONENT>
        <COMPONENT LinkID="14" Class="NiSceneGraphComponent" Name="Scene Graph" MasterLinkID="3" />
        <COMPONENT LinkID="15" Class="NiGeneralComponent" Name="Hide Object" TemplateID="f6,46,16,db,61,92,23,47,b5,4a,da,2d,42,d7,85,b9" MasterLinkID="4" />
        <ENTITY LinkID="16" Class="NiGeneralEntity" Name="Nature_Pumpkin1001_01 01" Type="Object" UsePhysX="FALSE" PostfixTexture="" Optimization="0" AlphaGroup="1" RandomAni="TRUE" TemplateID="42,75,e9,73,a9,b0,15,43,af,bf,5,9d,27,84,10,7f" MasterLinkID="1">
            <COMPONENT RefLinkID="17" />
            <COMPONENT RefLinkID="18" />
            <COMPONENT RefLinkID="19" />
        </ENTITY>
        <COMPONENT LinkID="17" Class="NiTransformationComponent" Name="Transformation">
            <PROPERTY Class="Point3" Name="Translation">-2149.1931152343750000, 1054.2050781250000000, 5.7427053451538086</PROPERTY>
            <PROPERTY Class="Matrix3" Name="Rotation">
                <ROW>1.0000000000000000, 0.0000000000000000, 0.0000000000000000</ROW>
                <ROW>0.0000000000000000, 1.0000000000000000, 0.0000000000000000</ROW>
                <ROW>0.0000000000000000, 0.0000000000000000, 1.0000000000000000</ROW>
            </PROPERTY>
            <PROPERTY Class="Float" Name="Scale">0.8689830303192139</PROPERTY>
        </COMPONENT>
        <COMPONENT LinkID="18" Class="NiSceneGraphComponent" Name="Scene Graph" MasterLinkID="3" />
        <COMPONENT LinkID="19" Class="NiGeneralComponent" Name="Hide Object" TemplateID="f6,46,16,db,61,92,23,47,b5,4a,da,2d,42,d7,85,b9" MasterLinkID="4" />
        <ENTITY LinkID="20" Class="NiGeneralEntity" Name="Nature_Pumpkin1001_01 05" Type="Object" UsePhysX="FALSE" PostfixTexture="" Optimization="0" AlphaGroup="1" RandomAni="TRUE" TemplateID="42,75,e9,73,a9,b0,15,43,af,bf,5,9d,27,84,10,7f" MasterLinkID="1">
            <COMPONENT RefLinkID="21" />
            <COMPONENT RefLinkID="22" />
            <COMPONENT RefLinkID="23" />
        </ENTITY>
        <COMPONENT LinkID="21" Class="NiTransformationComponent" Name="Transformation">
            <PROPERTY Class="Point3" Name="Translation">-2116.6430664062500000, 1098.2857666015625000, 5.7427067756652832</PROPERTY>
            <PROPERTY Class="Matrix3" Name="Rotation">
                <ROW>-0.0180224180221558, 0.9998375773429871, 0.0000000000000000</ROW>
                <ROW>-0.9998375773429871, -0.0180224180221558, 0.0000000000000000</ROW>
                <ROW>0.0000000000000000, 0.0000000000000000, 1.0000000000000000</ROW>
            </PROPERTY>
            <PROPERTY Class="Float" Name="Scale">0.9496156573295593</PROPERTY>
        </COMPONENT>
        <COMPONENT LinkID="22" Class="NiSceneGraphComponent" Name="Scene Graph" MasterLinkID="3" />
        <COMPONENT LinkID="23" Class="NiGeneralComponent" Name="Hide Object" TemplateID="f6,46,16,db,61,92,23,47,b5,4a,da,2d,42,d7,85,b9" MasterLinkID="4" />
        <ENTITY LinkID="24" Class="NiGeneralEntity" Name="Art_Garden1001_01 03" Type="Object" UsePhysX="FALSE" PostfixTexture="" Optimization="0" AlphaGroup="3" RandomAni="TRUE" TemplateID="6e,fa,28,f4,69,b9,2c,47,b6,8d,a3,eb,7c,b2,fe,c4" MasterLinkID="25">
            <COMPONENT RefLinkID="28" />
            <COMPONENT RefLinkID="29" />
        </ENTITY>
        <ENTITY LinkID="25" Class="NiGeneralEntity" Name="[Object]Ground.Art_Garden1001_01" TemplateID="6e,fa,28,f4,69,b9,2c,47,b6,8d,a3,eb,7c,b2,fe,c4">
            <COMPONENT RefLinkID="26" />
            <COMPONENT RefLinkID="27" />
        </ENTITY>
        <COMPONENT LinkID="26" Class="NiTransformationComponent" Name="Transformation">
            <PROPERTY Class="Point3" Name="Translation">0.0000000000000000, 0.0000000000000000, 0.0000000000000000</PROPERTY>
            <PROPERTY Class="Matrix3" Name="Rotation">
                <ROW>1.0000000000000000, 0.0000000000000000, 0.0000000000000000</ROW>
                <ROW>0.0000000000000000, 1.0000000000000000, 0.0000000000000000</ROW>
                <ROW>0.0000000000000000, 0.0000000000000000, 1.0000000000000000</ROW>
            </PROPERTY>
            <PROPERTY Class="Float" Name="Scale">1.0000000000000000</PROPERTY>
        </COMPONENT>
        <COMPONENT LinkID="27" Class="NiSceneGraphComponent" Name="Scene Graph">
            <PROPERTY Class="String" Name="NIF File Path" Asset="TRUE">.\..\..\00_Object\Ground\Art_Garden1001_01.nif</PROPERTY>
        </COMPONENT>
        <COMPONENT LinkID="28" Class="NiTransformationComponent" Name="Transformation">
            <PROPERTY Class="Point3" Name="Translation">-2234.2468261718750000, 1067.5142822265625000, 3.1113805770874023</PROPERTY>
            <PROPERTY Class="Matrix3" Name="Rotation">
                <ROW>0.9999754428863525, 0.0000000000000000, -0.0070110308006406</ROW>
                <ROW>-0.0000458806534880, 0.9999786019325256, -0.0065439059399068</ROW>
                <ROW>0.0070108808577061, 0.0065440665930510, 0.9999540448188782</ROW>
            </PROPERTY>
            <PROPERTY Class="Float" Name="Scale">0.3475932180881500</PROPERTY>
        </COMPONENT>
        <COMPONENT LinkID="29" Class="NiSceneGraphComponent" Name="Scene Graph" MasterLinkID="27" />
        <ENTITY LinkID="30" Class="NiGeneralEntity" Name="Art_FenceDoor1004_01 02" Type="Object" UsePhysX="FALSE" PostfixTexture="" Optimization="0" AlphaGroup="1" RandomAni="TRUE" TemplateID="20,5c,16,77,bf,45,47,47,b2,4d,ae,2d,fd,e4,42,40" MasterLinkID="31">
            <COMPONENT RefLinkID="35" />
            <COMPONENT RefLinkID="36" />
            <COMPONENT RefLinkID="37" />
        </ENTITY>
        <ENTITY LinkID="31" Class="NiGeneralEntity" Name="[Object]Fance.Art_FenceDoor1004_01" TemplateID="20,5c,16,77,bf,45,47,47,b2,4d,ae,2d,fd,e4,42,40">
            <COMPONENT RefLinkID="32" />
            <COMPONENT RefLinkID="33" />
            <COMPONENT RefLinkID="34" />
        </ENTITY>
        <COMPONENT LinkID="32" Class="NiTransformationComponent" Name="Transformation">
            <PROPERTY Class="Point3" Name="Translation">0.0000000000000000, 0.0000000000000000, 0.0000000000000000</PROPERTY>
            <PROPERTY Class="Matrix3" Name="Rotation">
                <ROW>1.0000000000000000, 0.0000000000000000, 0.0000000000000000</ROW>
                <ROW>0.0000000000000000, 1.0000000000000000, 0.0000000000000000</ROW>
                <ROW>0.0000000000000000, 0.0000000000000000, 1.0000000000000000</ROW>
            </PROPERTY>
            <PROPERTY Class="Float" Name="Scale">1.0000000000000000</PROPERTY>
        </COMPONENT>
        <COMPONENT LinkID="33" Class="NiSceneGraphComponent" Name="Scene Graph">
            <PROPERTY Class="String" Name="NIF File Path" Asset="TRUE">.\..\..\00_Object\Fance\Art_FenceDoor1004_01.nif</PROPERTY>
        </COMPONENT>
        <COMPONENT LinkID="34" Class="NiGeneralComponent" Name="Hide Object" TemplateID="f6,46,16,db,61,92,23,47,b5,4a,da,2d,42,d7,85,b9">
            <PROPERTY Class="Float" Name="Alpha Value" SemanticType="Float" DisplayName="Alpha Value" Description="">0.4000000059604645</PROPERTY>
            <PROPERTY Class="Boolean" Name="Alpha Enable" SemanticType="Boolean" DisplayName="Alpha Enable" Description="">FALSE</PROPERTY>
            <PROPERTY Class="Boolean" Name="Hide Object" SemanticType="Boolean" DisplayName="Hide Object" Description="">FALSE</PROPERTY>
        </COMPONENT>
        <COMPONENT LinkID="35" Class="NiTransformationComponent" Name="Transformation">
            <PROPERTY Class="Point3" Name="Translation">-2035.1079101562500000, 1074.8685302734375000, 1.1175423860549927</PROPERTY>
            <PROPERTY Class="Matrix3" Name="Rotation">
                <ROW>-0.1451572775840759, 0.9894085526466370, 0.0000000000000000</ROW>
                <ROW>-0.9894085526466370, -0.1451572775840759, 0.0000000000000000</ROW>
                <ROW>0.0000000000000000, 0.0000000000000000, 1.0000000000000000</ROW>
            </PROPERTY>
            <PROPERTY Class="Float" Name="Scale">0.8689830303192139</PROPERTY>
        </COMPONENT>
        <COMPONENT LinkID="36" Class="NiSceneGraphComponent" Name="Scene Graph" MasterLinkID="33" />
        <COMPONENT LinkID="37" Class="NiGeneralComponent" Name="Hide Object" TemplateID="f6,46,16,db,61,92,23,47,b5,4a,da,2d,42,d7,85,b9" MasterLinkID="34" />
        <ENTITY LinkID="38" Class="NiGeneralEntity" Name="Art_FenceDoor1004_01 01" Type="Object" UsePhysX="FALSE" PostfixTexture="" Optimization="0" AlphaGroup="1" RandomAni="TRUE" TemplateID="20,5c,16,77,bf,45,47,47,b2,4d,ae,2d,fd,e4,42,40" MasterLinkID="31">
            <COMPONENT RefLinkID="39" />
            <COMPONENT RefLinkID="40" />
            <COMPONENT RefLinkID="41" />
        </ENTITY>
        <COMPONENT LinkID="39" Class="NiTransformationComponent" Name="Transformation">
            <PROPERTY Class="Point3" Name="Translation">-2075.7487792968750000, 1192.4597167968750000, 0.2130219936370850</PROPERTY>
            <PROPERTY Class="Matrix3" Name="Rotation">
                <ROW>-0.8620038032531738, -0.5069016814231873, 0.0000000000000000</ROW>
                <ROW>0.5069016814231873, -0.8620038032531738, 0.0000000000000000</ROW>
                <ROW>0.0000000000000000, 0.0000000000000000, 1.0000000000000000</ROW>
            </PROPERTY>
            <PROPERTY Class="Float" Name="Scale">0.8689830303192139</PROPERTY>
        </COMPONENT>
        <COMPONENT LinkID="40" Class="NiSceneGraphComponent" Name="Scene Graph" MasterLinkID="33" />
        <COMPONENT LinkID="41" Class="NiGeneralComponent" Name="Hide Object" TemplateID="f6,46,16,db,61,92,23,47,b5,4a,da,2d,42,d7,85,b9" MasterLinkID="34" />
        <ENTITY LinkID="42" Class="NiGeneralEntity" Name="Art_FenceDoor1002_01 11" Type="Object" UsePhysX="FALSE" PostfixTexture="" Optimization="0" AlphaGroup="1" RandomAni="TRUE" TemplateID="0,d9,5e,ac,b8,8d,18,4e,87,b2,fc,46,2f,9b,72,7e" MasterLinkID="43">
            <COMPONENT RefLinkID="47" />
            <COMPONENT RefLinkID="48" />
            <COMPONENT RefLinkID="49" />
        </ENTITY>
        <ENTITY LinkID="43" Class="NiGeneralEntity" Name="[Object]Fance.Art_FenceDoor1002_01" TemplateID="0,d9,5e,ac,b8,8d,18,4e,87,b2,fc,46,2f,9b,72,7e">
            <COMPONENT RefLinkID="44" />
            <COMPONENT RefLinkID="45" />
            <COMPONENT RefLinkID="46" />
        </ENTITY>
        <COMPONENT LinkID="44" Class="NiTransformationComponent" Name="Transformation">
            <PROPERTY Class="Point3" Name="Translation">0.0000000000000000, 0.0000000000000000, 0.0000000000000000</PROPERTY>
            <PROPERTY Class="Matrix3" Name="Rotation">
                <ROW>1.0000000000000000, 0.0000000000000000, 0.0000000000000000</ROW>
                <ROW>0.0000000000000000, 1.0000000000000000, 0.0000000000000000</ROW>
                <ROW>0.0000000000000000, 0.0000000000000000, 1.0000000000000000</ROW>
            </PROPERTY>
            <PROPERTY Class="Float" Name="Scale">1.0000000000000000</PROPERTY>
        </COMPONENT>
        <COMPONENT LinkID="45" Class="NiSceneGraphComponent" Name="Scene Graph">
            <PROPERTY Class="String" Name="NIF File Path" Asset="TRUE">.\..\..\00_Object\Fance\Art_FenceDoor1002_01.nif</PROPERTY>
        </COMPONENT>
        <COMPONENT LinkID="46" Class="NiGeneralComponent" Name="Hide Object" TemplateID="f6,46,16,db,61,92,23,47,b5,4a,da,2d,42,d7,85,b9">
            <PROPERTY Class="Float" Name="Alpha Value" SemanticType="Float" DisplayName="Alpha Value" Description="">0.4000000059604645</PROPERTY>
            <PROPERTY Class="Boolean" Name="Alpha Enable" SemanticType="Boolean" DisplayName="Alpha Enable" Description="">FALSE</PROPERTY>
            <PROPERTY Class="Boolean" Name="Hide Object" SemanticType="Boolean" DisplayName="Hide Object" Description="">FALSE</PROPERTY>
        </COMPONENT>
        <COMPONENT LinkID="47" Class="NiTransformationComponent" Name="Transformation">
            <PROPERTY Class="Point3" Name="Translation">-2045.6583251953125000, 1017.2961425781250000, 0.2125102281570435</PROPERTY>
            <PROPERTY Class="Matrix3" Name="Rotation">
                <ROW>0.2229093760251999, -0.9748392701148987, 0.0000000000000000</ROW>
                <ROW>0.9748392701148987, 0.2229093760251999, 0.0000000000000000</ROW>
                <ROW>0.0000000000000000, 0.0000000000000000, 1.0000000000000000</ROW>
            </PROPERTY>
            <PROPERTY Class="Float" Name="Scale">0.8689830303192139</PROPERTY>
        </COMPONENT>
        <COMPONENT LinkID="48" Class="NiSceneGraphComponent" Name="Scene Graph" MasterLinkID="45" />
        <COMPONENT LinkID="49" Class="NiGeneralComponent" Name="Hide Object" TemplateID="f6,46,16,db,61,92,23,47,b5,4a,da,2d,42,d7,85,b9" MasterLinkID="46" />
        <ENTITY LinkID="50" Class="NiGeneralEntity" Name="Art_FenceDoor1002_01 12" Type="Object" UsePhysX="FALSE" PostfixTexture="" Optimization="0" AlphaGroup="1" RandomAni="TRUE" TemplateID="0,d9,5e,ac,b8,8d,18,4e,87,b2,fc,46,2f,9b,72,7e" MasterLinkID="43">
            <COMPONENT RefLinkID="51" />
            <COMPONENT RefLinkID="52" />
            <COMPONENT RefLinkID="53" />
        </ENTITY>
        <COMPONENT LinkID="51" Class="NiTransformationComponent" Name="Transformation">
            <PROPERTY Class="Point3" Name="Translation">-2086.5634765625000000, 938.3671875000000000, 0.2130739688873291</PROPERTY>
            <PROPERTY Class="Matrix3" Name="Rotation">
                <ROW>0.6730817556381226, -0.7395681142807007, 0.0000000000000000</ROW>
                <ROW>0.7395681142807007, 0.6730817556381226, 0.0000000000000000</ROW>
                <ROW>0.0000000000000000, 0.0000000000000000, 1.0000000000000000</ROW>
            </PROPERTY>
            <PROPERTY Class="Float" Name="Scale">0.8689830303192139</PROPERTY>
        </COMPONENT>
        <COMPONENT LinkID="52" Class="NiSceneGraphComponent" Name="Scene Graph" MasterLinkID="45" />
        <COMPONENT LinkID="53" Class="NiGeneralComponent" Name="Hide Object" TemplateID="f6,46,16,db,61,92,23,47,b5,4a,da,2d,42,d7,85,b9" MasterLinkID="46" />
        <ENTITY LinkID="54" Class="NiGeneralEntity" Name="Art_FenceDoor1002_01 09" Type="Object" UsePhysX="FALSE" PostfixTexture="" Optimization="0" AlphaGroup="1" RandomAni="TRUE" TemplateID="0,d9,5e,ac,b8,8d,18,4e,87,b2,fc,46,2f,9b,72,7e" MasterLinkID="43">
            <COMPONENT RefLinkID="55" />
            <COMPONENT RefLinkID="56" />
            <COMPONENT RefLinkID="57" />
        </ENTITY>
        <COMPONENT LinkID="55" Class="NiTransformationComponent" Name="Transformation">
            <PROPERTY Class="Point3" Name="Translation">-2158.8161621093750000, 887.0734252929687500, 0.2123576402664185</PROPERTY>
            <PROPERTY Class="Matrix3" Name="Rotation">
                <ROW>0.9183003306388855, -0.3958845436573029, 0.0000000000000000</ROW>
                <ROW>0.3958845436573029, 0.9183003306388855, 0.0000000000000000</ROW>
                <ROW>0.0000000000000000, 0.0000000000000000, 1.0000000000000000</ROW>
            </PROPERTY>
            <PROPERTY Class="Float" Name="Scale">0.8689830303192139</PROPERTY>
        </COMPONENT>
        <COMPONENT LinkID="56" Class="NiSceneGraphComponent" Name="Scene Graph" MasterLinkID="45" />
        <COMPONENT LinkID="57" Class="NiGeneralComponent" Name="Hide Object" TemplateID="f6,46,16,db,61,92,23,47,b5,4a,da,2d,42,d7,85,b9" MasterLinkID="46" />
        <ENTITY LinkID="58" Class="NiGeneralEntity" Name="Art_FenceDoor1002_01 10" Type="Object" UsePhysX="FALSE" PostfixTexture="" Optimization="0" AlphaGroup="1" RandomAni="TRUE" TemplateID="0,d9,5e,ac,b8,8d,18,4e,87,b2,fc,46,2f,9b,72,7e" MasterLinkID="43">
            <COMPONENT RefLinkID="59" />
            <COMPONENT RefLinkID="60" />
            <COMPONENT RefLinkID="61" />
        </ENTITY>
        <COMPONENT LinkID="59" Class="NiTransformationComponent" Name="Transformation">
            <PROPERTY Class="Point3" Name="Translation">-2246.6672363281250000, 873.4645996093750000, 0.2129213809967041</PROPERTY>
            <PROPERTY Class="Matrix3" Name="Rotation">
                <ROW>0.9943300485610962, 0.1063376367092133, 0.0000000000000000</ROW>
                <ROW>-0.1063376367092133, 0.9943300485610962, 0.0000000000000000</ROW>
                <ROW>0.0000000000000000, 0.0000000000000000, 1.0000000000000000</ROW>
            </PROPERTY>
            <PROPERTY Class="Float" Name="Scale">0.8689830303192139</PROPERTY>
        </COMPONENT>
        <COMPONENT LinkID="60" Class="NiSceneGraphComponent" Name="Scene Graph" MasterLinkID="45" />
        <COMPONENT LinkID="61" Class="NiGeneralComponent" Name="Hide Object" TemplateID="f6,46,16,db,61,92,23,47,b5,4a,da,2d,42,d7,85,b9" MasterLinkID="46" />
        <ENTITY LinkID="62" Class="NiGeneralEntity" Name="Art_FenceDoor1002_01 08" Type="Object" UsePhysX="FALSE" PostfixTexture="" Optimization="0" AlphaGroup="1" RandomAni="TRUE" TemplateID="0,d9,5e,ac,b8,8d,18,4e,87,b2,fc,46,2f,9b,72,7e" MasterLinkID="43">
            <COMPONENT RefLinkID="63" />
            <COMPONENT RefLinkID="64" />
            <COMPONENT RefLinkID="65" />
        </ENTITY>
        <COMPONENT LinkID="63" Class="NiTransformationComponent" Name="Transformation">
            <PROPERTY Class="Point3" Name="Translation">-2331.1040039062500000, 900.4459228515625000, 0.2131063938140869</PROPERTY>
            <PROPERTY Class="Matrix3" Name="Rotation">
                <ROW>0.8674851655960083, 0.4974631667137146, 0.0000000000000000</ROW>
                <ROW>-0.4974631667137146, 0.8674851655960083, 0.0000000000000000</ROW>
                <ROW>0.0000000000000000, 0.0000000000000000, 1.0000000000000000</ROW>
            </PROPERTY>
            <PROPERTY Class="Float" Name="Scale">0.8689830303192139</PROPERTY>
        </COMPONENT>
        <COMPONENT LinkID="64" Class="NiSceneGraphComponent" Name="Scene Graph" MasterLinkID="45" />
        <COMPONENT LinkID="65" Class="NiGeneralComponent" Name="Hide Object" TemplateID="f6,46,16,db,61,92,23,47,b5,4a,da,2d,42,d7,85,b9" MasterLinkID="46" />
        <ENTITY LinkID="66" Class="NiGeneralEntity" Name="Art_FenceDoor1002_01 03" Type="Object" UsePhysX="FALSE" PostfixTexture="" Optimization="0" AlphaGroup="1" RandomAni="TRUE" TemplateID="0,d9,5e,ac,b8,8d,18,4e,87,b2,fc,46,2f,9b,72,7e" MasterLinkID="43">
            <COMPONENT RefLinkID="67" />
            <COMPONENT RefLinkID="68" />
            <COMPONENT RefLinkID="69" />
        </ENTITY>
        <COMPONENT LinkID="67" Class="NiTransformationComponent" Name="Transformation">
            <PROPERTY Class="Point3" Name="Translation">-2122.7951660156250000, 1229.7952880859375000, 0.2135114669799805</PROPERTY>
            <PROPERTY Class="Matrix3" Name="Rotation">
                <ROW>-0.8111282587051392, -0.5848683714866638, 0.0000000000000000</ROW>
                <ROW>0.5848683714866638, -0.8111282587051392, 0.0000000000000000</ROW>
                <ROW>0.0000000000000000, 0.0000000000000000, 1.0000000000000000</ROW>
            </PROPERTY>
            <PROPERTY Class="Float" Name="Scale">0.8689830303192139</PROPERTY>
        </COMPONENT>
        <COMPONENT LinkID="68" Class="NiSceneGraphComponent" Name="Scene Graph" MasterLinkID="45" />
        <COMPONENT LinkID="69" Class="NiGeneralComponent" Name="Hide Object" TemplateID="f6,46,16,db,61,92,23,47,b5,4a,da,2d,42,d7,85,b9" MasterLinkID="46" />
        <ENTITY LinkID="70" Class="NiGeneralEntity" Name="Art_FenceDoor1002_01 04" Type="Object" UsePhysX="FALSE" PostfixTexture="" Optimization="0" AlphaGroup="1" RandomAni="TRUE" TemplateID="0,d9,5e,ac,b8,8d,18,4e,87,b2,fc,46,2f,9b,72,7e" MasterLinkID="43">
            <COMPONENT RefLinkID="71" />
            <COMPONENT RefLinkID="72" />
            <COMPONENT RefLinkID="73" />
        </ENTITY>
        <COMPONENT LinkID="71" Class="NiTransformationComponent" Name="Transformation">
            <PROPERTY Class="Point3" Name="Translation">-2205.7114257812500000, 1261.0059814453125000, 0.2129497528076172</PROPERTY>
            <PROPERTY Class="Matrix3" Name="Rotation">
                <ROW>-0.9957835674285889, -0.0917327702045441, 0.0000000000000000</ROW>
                <ROW>0.0917327702045441, -0.9957835674285889, 0.0000000000000000</ROW>
                <ROW>0.0000000000000000, 0.0000000000000000, 1.0000000000000000</ROW>
            </PROPERTY>
            <PROPERTY Class="Float" Name="Scale">0.8689830303192139</PROPERTY>
        </COMPONENT>
        <COMPONENT LinkID="72" Class="NiSceneGraphComponent" Name="Scene Graph" MasterLinkID="45" />
        <COMPONENT LinkID="73" Class="NiGeneralComponent" Name="Hide Object" TemplateID="f6,46,16,db,61,92,23,47,b5,4a,da,2d,42,d7,85,b9" MasterLinkID="46" />
        <ENTITY LinkID="74" Class="NiGeneralEntity" Name="Art_FenceDoor1002_01 02" Type="Object" UsePhysX="FALSE" PostfixTexture="" Optimization="0" AlphaGroup="1" RandomAni="TRUE" TemplateID="0,d9,5e,ac,b8,8d,18,4e,87,b2,fc,46,2f,9b,72,7e" MasterLinkID="43">
            <COMPONENT RefLinkID="75" />
            <COMPONENT RefLinkID="76" />
            <COMPONENT RefLinkID="77" />
        </ENTITY>
        <COMPONENT LinkID="75" Class="NiTransformationComponent" Name="Transformation">
            <PROPERTY Class="Point3" Name="Translation">-2294.8408203125000000, 1253.8177490234375000, 0.2137159109115601</PROPERTY>
            <PROPERTY Class="Matrix3" Name="Rotation">
                <ROW>-0.9688622951507568, 0.2476002871990204, 0.0000000000000000</ROW>
                <ROW>-0.2476002871990204, -0.9688622951507568, 0.0000000000000000</ROW>
                <ROW>0.0000000000000000, 0.0000000000000000, 1.0000000000000000</ROW>
            </PROPERTY>
            <PROPERTY Class="Float" Name="Scale">0.8689830303192139</PROPERTY>
        </COMPONENT>
        <COMPONENT LinkID="76" Class="NiSceneGraphComponent" Name="Scene Graph" MasterLinkID="45" />
        <COMPONENT LinkID="77" Class="NiGeneralComponent" Name="Hide Object" TemplateID="f6,46,16,db,61,92,23,47,b5,4a,da,2d,42,d7,85,b9" MasterLinkID="46" />
        <ENTITY LinkID="78" Class="NiGeneralEntity" Name="Art_FenceDoor1002_01 01" Type="Object" UsePhysX="FALSE" PostfixTexture="" Optimization="0" AlphaGroup="1" RandomAni="TRUE" TemplateID="0,d9,5e,ac,b8,8d,18,4e,87,b2,fc,46,2f,9b,72,7e" MasterLinkID="43">
            <COMPONENT RefLinkID="79" />
            <COMPONENT RefLinkID="80" />
            <COMPONENT RefLinkID="81" />
        </ENTITY>
        <COMPONENT LinkID="79" Class="NiTransformationComponent" Name="Transformation">
            <PROPERTY Class="Point3" Name="Translation">-2370.1625976562500000, 1208.2937011718750000, 0.2132875919342041</PROPERTY>
            <PROPERTY Class="Matrix3" Name="Rotation">
                <ROW>-0.6707199215888977, 0.7417107224464417, 0.0000000000000000</ROW>
                <ROW>-0.7417107224464417, -0.6707199215888977, 0.0000000000000000</ROW>
                <ROW>0.0000000000000000, 0.0000000000000000, 1.0000000000000000</ROW>
            </PROPERTY>
            <PROPERTY Class="Float" Name="Scale">0.8689830303192139</PROPERTY>
        </COMPONENT>
        <COMPONENT LinkID="80" Class="NiSceneGraphComponent" Name="Scene Graph" MasterLinkID="45" />
        <COMPONENT LinkID="81" Class="NiGeneralComponent" Name="Hide Object" TemplateID="f6,46,16,db,61,92,23,47,b5,4a,da,2d,42,d7,85,b9" MasterLinkID="46" />
        <ENTITY LinkID="82" Class="NiGeneralEntity" Name="Art_FenceDoor1002_01 05" Type="Object" UsePhysX="FALSE" PostfixTexture="" Optimization="0" AlphaGroup="1" RandomAni="TRUE" TemplateID="0,d9,5e,ac,b8,8d,18,4e,87,b2,fc,46,2f,9b,72,7e" MasterLinkID="43">
            <COMPONENT RefLinkID="83" />
            <COMPONENT RefLinkID="84" />
            <COMPONENT RefLinkID="85" />
        </ENTITY>
        <COMPONENT LinkID="83" Class="NiTransformationComponent" Name="Transformation">
            <PROPERTY Class="Point3" Name="Translation">-2418.1813964843750000, 1133.6491699218750000, 0.2133322954177856</PROPERTY>
            <PROPERTY Class="Matrix3" Name="Rotation">
                <ROW>-0.3810437321662903, 0.9245570302009583, 0.0000000000000000</ROW>
                <ROW>-0.9245570302009583, -0.3810437321662903, 0.0000000000000000</ROW>
                <ROW>0.0000000000000000, 0.0000000000000000, 1.0000000000000000</ROW>
            </PROPERTY>
            <PROPERTY Class="Float" Name="Scale">0.8689830303192139</PROPERTY>
        </COMPONENT>
        <COMPONENT LinkID="84" Class="NiSceneGraphComponent" Name="Scene Graph" MasterLinkID="45" />
        <COMPONENT LinkID="85" Class="NiGeneralComponent" Name="Hide Object" TemplateID="f6,46,16,db,61,92,23,47,b5,4a,da,2d,42,d7,85,b9" MasterLinkID="46" />
        <ENTITY LinkID="86" Class="NiGeneralEntity" Name="Art_FenceDoor1002_01 06" Type="Object" UsePhysX="FALSE" PostfixTexture="" Optimization="0" AlphaGroup="1" RandomAni="TRUE" TemplateID="0,d9,5e,ac,b8,8d,18,4e,87,b2,fc,46,2f,9b,72,7e" MasterLinkID="43">
            <COMPONENT RefLinkID="87" />
            <COMPONENT RefLinkID="88" />
            <COMPONENT RefLinkID="89" />
        </ENTITY>
        <COMPONENT LinkID="87" Class="NiTransformationComponent" Name="Transformation">
            <PROPERTY Class="Point3" Name="Translation">-2426.7473144531250000, 1046.0570068359375000, 0.2129038572311401</PROPERTY>
            <PROPERTY Class="Matrix3" Name="Rotation">
                <ROW>0.1932660639286041, 0.9811463356018066, 0.0000000000000000</ROW>
                <ROW>-0.9811463356018066, 0.1932660639286041, 0.0000000000000000</ROW>
                <ROW>0.0000000000000000, 0.0000000000000000, 1.0000000000000000</ROW>
            </PROPERTY>
            <PROPERTY Class="Float" Name="Scale">0.8689830303192139</PROPERTY>
        </COMPONENT>
        <COMPONENT LinkID="88" Class="NiSceneGraphComponent" Name="Scene Graph" MasterLinkID="45" />
        <COMPONENT LinkID="89" Class="NiGeneralComponent" Name="Hide Object" TemplateID="f6,46,16,db,61,92,23,47,b5,4a,da,2d,42,d7,85,b9" MasterLinkID="46" />
        <ENTITY LinkID="90" Class="NiGeneralEntity" Name="Art_FenceDoor1002_01 07" Type="Object" UsePhysX="FALSE" PostfixTexture="" Optimization="0" AlphaGroup="1" RandomAni="TRUE" TemplateID="0,d9,5e,ac,b8,8d,18,4e,87,b2,fc,46,2f,9b,72,7e" MasterLinkID="43">
            <COMPONENT RefLinkID="91" />
            <COMPONENT RefLinkID="92" />
            <COMPONENT RefLinkID="93" />
        </ENTITY>
        <COMPONENT LinkID="91" Class="NiTransformationComponent" Name="Transformation">
            <PROPERTY Class="Point3" Name="Translation">-2394.6770019531250000, 962.5873413085937500, 0.2136701345443726</PROPERTY>
            <PROPERTY Class="Matrix3" Name="Rotation">
                <ROW>0.5111776590347290, 0.8594750761985779, 0.0000000000000000</ROW>
                <ROW>-0.8594750761985779, 0.5111776590347290, 0.0000000000000000</ROW>
                <ROW>0.0000000000000000, 0.0000000000000000, 1.0000000000000000</ROW>
            </PROPERTY>
            <PROPERTY Class="Float" Name="Scale">0.8689830303192139</PROPERTY>
        </COMPONENT>
        <COMPONENT LinkID="92" Class="NiSceneGraphComponent" Name="Scene Graph" MasterLinkID="45" />
        <COMPONENT LinkID="93" Class="NiGeneralComponent" Name="Hide Object" TemplateID="f6,46,16,db,61,92,23,47,b5,4a,da,2d,42,d7,85,b9" MasterLinkID="46" />
        <ENTITY LinkID="94" Class="NiGeneralEntity" Name="Camera 01" Type="MainCamera" UsePhysX="TRUE" PostfixTexture="" Optimization="0" AlphaGroup="1" RandomAni="TRUE" TemplateID="31,e4,f1,ae,7f,4f,58,4e,87,63,e3,36,31,5c,49,3a" MasterLinkID="95">
            <COMPONENT RefLinkID="98" />
            <COMPONENT RefLinkID="99" />
        </ENTITY>
        <ENTITY LinkID="95" Class="NiGeneralEntity" Name="[General]Cameras.Camera" TemplateID="31,e4,f1,ae,7f,4f,58,4e,87,63,e3,36,31,5c,49,3a">
            <COMPONENT RefLinkID="96" />
            <COMPONENT RefLinkID="97" />
        </ENTITY>
        <COMPONENT LinkID="96" Class="NiTransformationComponent" Name="Transformation">
            <PROPERTY Class="Point3" Name="Translation">0.0000000000000000, 0.0000000000000000, 0.0000000000000000</PROPERTY>
            <PROPERTY Class="Matrix3" Name="Rotation">
                <ROW>1.0000000000000000, 0.0000000000000000, 0.0000000000000000</ROW>
                <ROW>0.0000000000000000, 1.0000000000000000, 0.0000000000000000</ROW>
                <ROW>0.0000000000000000, 0.0000000000000000, 1.0000000000000000</ROW>
            </PROPERTY>
            <PROPERTY Class="Float" Name="Scale">1.0000000000000000</PROPERTY>
        </COMPONENT>
        <COMPONENT LinkID="97" Class="NiCameraComponent" Name="Camera">
            <PROPERTY Class="Float" Name="Field of View">90.0000000000000000</PROPERTY>
            <PROPERTY Class="Float" Name="Aspect Ratio">1.3333300352096558</PROPERTY>
            <PROPERTY Class="Float" Name="Near Clipping Plane">1.0000000000000000</PROPERTY>
            <PROPERTY Class="Float" Name="Far Clipping Plane">10000.0000000000000000</PROPERTY>
            <PROPERTY Class="Boolean" Name="Orthographic">FALSE</PROPERTY>
        </COMPONENT>
        <COMPONENT LinkID="98" Class="NiTransformationComponent" Name="Transformation">
            <PROPERTY Class="Point3" Name="Translation">348.9721679687500000, -1456.4716796875000000, 4.0458984375000000</PROPERTY>
            <PROPERTY Class="Matrix3" Name="Rotation">
                <ROW>0.0000000000000019, 0.0000000437113883, 1.0000000000000000</ROW>
                <ROW>1.0000000000000000, -0.0000000437113883, 0.0000000000000000</ROW>
                <ROW>0.0000000437113883, 1.0000000000000000, -0.0000000437113883</ROW>
            </PROPERTY>
            <PROPERTY Class="Float" Name="Scale">1.0000000000000000</PROPERTY>
        </COMPONENT>
        <COMPONENT LinkID="99" Class="NiCameraComponent" Name="Camera">
            <PROPERTY Class="Float" Name="Field of View">90.0000000000000000</PROPERTY>
            <PROPERTY Class="Float" Name="Aspect Ratio">1.3333300352096558</PROPERTY>
            <PROPERTY Class="Float" Name="Near Clipping Plane">1.0000000000000000</PROPERTY>
            <PROPERTY Class="Float" Name="Far Clipping Plane">10000.0000000000000000</PROPERTY>
            <PROPERTY Class="Boolean" Name="Orthographic">FALSE</PROPERTY>
        </COMPONENT>
        <ENTITY LinkID="100" Class="NiGeneralEntity" Name="Art_BoxWood1001_01 15" Type="Object" UsePhysX="FALSE" PostfixTexture="" Optimization="0" AlphaGroup="1" RandomAni="TRUE" TemplateID="c,4c,83,a4,2f,aa,6d,45,91,eb,9f,40,d6,9,83,da" MasterLinkID="101">
            <COMPONENT RefLinkID="105" />
            <COMPONENT RefLinkID="106" />
            <COMPONENT RefLinkID="107" />
        </ENTITY>
        <ENTITY LinkID="101" Class="NiGeneralEntity" Name="[Object]Box.Art_BoxWood1001_01" TemplateID="f1,ad,a0,98,6c,62,33,4a,af,d2,76,eb,76,4f,f1,59">
            <COMPONENT RefLinkID="102" />
            <COMPONENT RefLinkID="103" />
            <COMPONENT RefLinkID="104" />
        </ENTITY>
        <COMPONENT LinkID="102" Class="NiTransformationComponent" Name="Transformation">
            <PROPERTY Class="Point3" Name="Translation">0.0000000000000000, 0.0000000000000000, 0.0000000000000000</PROPERTY>
            <PROPERTY Class="Matrix3" Name="Rotation">
                <ROW>1.0000000000000000, 0.0000000000000000, 0.0000000000000000</ROW>
                <ROW>0.0000000000000000, 1.0000000000000000, 0.0000000000000000</ROW>
                <ROW>0.0000000000000000, 0.0000000000000000, 1.0000000000000000</ROW>
            </PROPERTY>
            <PROPERTY Class="Float" Name="Scale">1.0000000000000000</PROPERTY>
        </COMPONENT>
        <COMPONENT LinkID="103" Class="NiSceneGraphComponent" Name="Scene Graph">
            <PROPERTY Class="String" Name="NIF File Path" Asset="TRUE">.\..\..\00_Object\Box\Art_BoxWood1001_01.nif</PROPERTY>
        </COMPONENT>
        <COMPONENT LinkID="104" Class="NiGeneralComponent" Name="Hide Object" TemplateID="f6,46,16,db,61,92,23,47,b5,4a,da,2d,42,d7,85,b9">
            <PROPERTY Class="Float" Name="Alpha Value" SemanticType="Float" DisplayName="Alpha Value" Description="">0.4000000059604645</PROPERTY>
            <PROPERTY Class="Boolean" Name="Alpha Enable" SemanticType="Boolean" DisplayName="Alpha Enable" Description="">FALSE</PROPERTY>
            <PROPERTY Class="Boolean" Name="Hide Object" SemanticType="Boolean" DisplayName="Hide Object" Description="">FALSE</PROPERTY>
        </COMPONENT>
        <COMPONENT LinkID="105" Class="NiTransformationComponent" Name="Transformation">
            <PROPERTY Class="Point3" Name="Translation">-573.8730468750000000, 2485.6486816406250000, -12.2686805725097660</PROPERTY>
            <PROPERTY Class="Matrix3" Name="Rotation">
                <ROW>0.3664019107818604, -0.9304566383361816, 0.0000000000000000</ROW>
                <ROW>0.9304566383361816, 0.3664019107818604, 0.0000000000000000</ROW>
                <ROW>0.0000000000000000, 0.0000000000000000, 1.0000000000000000</ROW>
            </PROPERTY>
            <PROPERTY Class="Float" Name="Scale">1.0000000000000000</PROPERTY>
        </COMPONENT>
        <COMPONENT LinkID="106" Class="NiSceneGraphComponent" Name="Scene Graph" MasterLinkID="103" />
        <COMPONENT LinkID="107" Class="NiGeneralComponent" Name="Hide Object" TemplateID="f6,46,16,db,61,92,23,47,b5,4a,da,2d,42,d7,85,b9" MasterLinkID="104" />
        <ENTITY LinkID="108" Class="NiGeneralEntity" Name="Art_handcart1001_01 02" Type="Object" UsePhysX="FALSE" PostfixTexture="" Optimization="0" AlphaGroup="1" RandomAni="TRUE" TemplateID="dd,bf,42,25,6a,59,a3,47,86,32,88,24,87,6a,30,c1" MasterLinkID="109">
            <COMPONENT RefLinkID="113" />
            <COMPONENT RefLinkID="114" />
            <COMPONENT RefLinkID="115" />
        </ENTITY>
        <ENTITY LinkID="109" Class="NiGeneralEntity" Name="[Object]props.Art_handcart1001_01" TemplateID="dd,bf,42,25,6a,59,a3,47,86,32,88,24,87,6a,30,c1">
            <COMPONENT RefLinkID="110" />
            <COMPONENT RefLinkID="111" />
            <COMPONENT RefLinkID="112" />
        </ENTITY>
        <COMPONENT LinkID="110" Class="NiTransformationComponent" Name="Transformation">
