<?xml version="1.0" ?>
<GSA Major="1" Minor="0" Patch="0">
    <PALETTES_DIRECTORY>
        <PALETTE_DIR IDX="0" DIRECTORY=".\..\..\..\..\..\ToolBin\SceneDesigner\Release\Data\" />
        <PALETTE_DIR IDX="1" DIRECTORY=".\..\..\Palettes\" />
    </PALETTES_DIRECTORY>
    <PALETTES>
        <PALETTE NAME="Default" DIR_IDX="0" />
        <PALETTE NAME="General" DIR_IDX="1" />
        <PALETTE NAME="Block" DIR_IDX="1" />
        <PALETTE NAME="Object" DIR_IDX="1" />
        <PALETTE NAME="Effect" DIR_IDX="1" />
    </PALETTES>
    <OBJECTS>
        <ENTITY LinkID="0" Class="NiGeneralEntity" Name="Art_Fance5001_01 28" Type="Object" UsePhysX="FALSE" PostfixTexture="" Optimization="0" AlphaGroup="1" RandomAni="TRUE" TemplateID="4e,4f,f8,f7,67,33,7f,40,b5,c8,e4,d1,77,c6,c3,84" MasterLinkID="1">
            <COMPONENT RefLinkID="5" />
            <COMPONENT RefLinkID="6" />
            <COMPONENT RefLinkID="7" />
        </ENTITY>
        <ENTITY LinkID="1" Class="NiGeneralEntity" Name="[Object]Fance.Art_Fance5001_01" TemplateID="bb,b0,24,c1,33,89,d,40,8c,15,87,2,d2,54,6a,8d">
            <COMPONENT RefLinkID="2" />
            <COMPONENT RefLinkID="3" />
            <COMPONENT RefLinkID="4" />
        </ENTITY>
        <COMPONENT LinkID="2" Class="NiTransformationComponent" Name="Transformation">
            <PROPERTY Class="Point3" Name="Translation">0.0000000000000000, 0.0000000000000000, 0.0000000000000000</PROPERTY>
            <PROPERTY Class="Matrix3" Name="Rotation">
                <ROW>1.0000000000000000, 0.0000000000000000, 0.0000000000000000</ROW>
                <ROW>0.0000000000000000, 1.0000000000000000, 0.0000000000000000</ROW>
                <ROW>0.0000000000000000, 0.0000000000000000, 1.0000000000000000</ROW>
            </PROPERTY>
            <PROPERTY Class="Float" Name="Scale">1.0000000000000000</PROPERTY>
        </COMPONENT>
        <COMPONENT LinkID="3" Class="NiSceneGraphComponent" Name="Scene Graph">
            <PROPERTY Class="String" Name="NIF File Path" Asset="TRUE">.\..\..\00_Object\Fance\Art_Fance5001_01.nif</PROPERTY>
        </COMPONENT>
        <COMPONENT LinkID="4" Class="NiGeneralComponent" Name="Hide Object" TemplateID="f6,46,16,db,61,92,23,47,b5,4a,da,2d,42,d7,85,b9">
            <PROPERTY Class="Float" Name="Alpha Value" SemanticType="Float" DisplayName="Alpha Value" Description="">0.4000000059604645</PROPERTY>
            <PROPERTY Class="Boolean" Name="Alpha Enable" SemanticType="Boolean" DisplayName="Alpha Enable" Description="">FALSE</PROPERTY>
            <PROPERTY Class="Boolean" Name="Hide Object" SemanticType="Boolean" DisplayName="Hide Object" Description="">FALSE</PROPERTY>
        </COMPONENT>
        <COMPONENT LinkID="5" Class="NiTransformationComponent" Name="Transformation">
            <PROPERTY Class="Point3" Name="Translation">113.8496246337890600, 2048.5561523437500000, 0.5821242332458496</PROPERTY>
            <PROPERTY Class="Matrix3" Name="Rotation">
                <ROW>0.2479471564292908, 0.9687734842300415, 0.0000000000000000</ROW>
                <ROW>-0.9687734842300415, 0.2479471564292908, 0.0000000000000000</ROW>
                <ROW>0.0000000000000000, 0.0000000000000000, 1.0000000000000000</ROW>
            </PROPERTY>
            <PROPERTY Class="Float" Name="Scale">1.0000000000000000</PROPERTY>
        </COMPONENT>
        <COMPONENT LinkID="6" Class="NiSceneGraphComponent" Name="Scene Graph" MasterLinkID="3" />
        <COMPONENT LinkID="7" Class="NiGeneralComponent" Name="Hide Object" TemplateID="f6,46,16,db,61,92,23,47,b5,4a,da,2d,42,d7,85,b9" MasterLinkID="4" />
        <ENTITY LinkID="8" Class="NiGeneralEntity" Name="Art_Fance5001_01 27" Type="Object" UsePhysX="FALSE" PostfixTexture="" Optimization="0" AlphaGroup="1" RandomAni="TRUE" TemplateID="4e,4f,f8,f7,67,33,7f,40,b5,c8,e4,d1,77,c6,c3,84" MasterLinkID="1">
            <COMPONENT RefLinkID="9" />
            <COMPONENT RefLinkID="10" />
            <COMPONENT RefLinkID="11" />
        </ENTITY>
        <COMPONENT LinkID="9" Class="NiTransformationComponent" Name="Transformation">
            <PROPERTY Class="Point3" Name="Translation">167.0469055175781300, 1954.9650878906250000, 0.5821728706359863</PROPERTY>
            <PROPERTY Class="Matrix3" Name="Rotation">
                <ROW>0.6829267740249634, 0.7304867506027222, 0.0000000000000000</ROW>
                <ROW>-0.7304867506027222, 0.6829267740249634, 0.0000000000000000</ROW>
                <ROW>0.0000000000000000, 0.0000000000000000, 1.0000000000000000</ROW>
            </PROPERTY>
            <PROPERTY Class="Float" Name="Scale">1.0000000000000000</PROPERTY>
        </COMPONENT>
        <COMPONENT LinkID="10" Class="NiSceneGraphComponent" Name="Scene Graph" MasterLinkID="3" />
        <COMPONENT LinkID="11" Class="NiGeneralComponent" Name="Hide Object" TemplateID="f6,46,16,db,61,92,23,47,b5,4a,da,2d,42,d7,85,b9" MasterLinkID="4" />
        <ENTITY LinkID="12" Class="NiGeneralEntity" Name="Art_Fance5001_01 06" Type="Object" UsePhysX="FALSE" PostfixTexture="" Optimization="0" AlphaGroup="1" RandomAni="TRUE" TemplateID="4e,4f,f8,f7,67,33,7f,40,b5,c8,e4,d1,77,c6,c3,84" MasterLinkID="1">
            <COMPONENT RefLinkID="13" />
            <COMPONENT RefLinkID="14" />
            <COMPONENT RefLinkID="15" />
        </ENTITY>
        <COMPONENT LinkID="13" Class="NiTransformationComponent" Name="Transformation">
            <PROPERTY Class="Point3" Name="Translation">256.1366882324218700, 1889.0891113281250000, 0.5821785926818848</PROPERTY>
            <PROPERTY Class="Matrix3" Name="Rotation">
                <ROW>0.8780359625816345, 0.4785946011543274, 0.0000000000000000</ROW>
                <ROW>-0.4785946011543274, 0.8780359625816345, 0.0000000000000000</ROW>
                <ROW>0.0000000000000000, 0.0000000000000000, 1.0000000000000000</ROW>
            </PROPERTY>
            <PROPERTY Class="Float" Name="Scale">1.0000000000000000</PROPERTY>
        </COMPONENT>
        <COMPONENT LinkID="14" Class="NiSceneGraphComponent" Name="Scene Graph" MasterLinkID="3" />
        <COMPONENT LinkID="15" Class="NiGeneralComponent" Name="Hide Object" TemplateID="f6,46,16,db,61,92,23,47,b5,4a,da,2d,42,d7,85,b9" MasterLinkID="4" />
        <ENTITY LinkID="16" Class="NiGeneralEntity" Name="Nature_Grass5001_01 22" Type="Object" UsePhysX="FALSE" PostfixTexture="" Optimization="0" AlphaGroup="1" RandomAni="TRUE" TemplateID="be,53,83,d6,d5,58,84,4b,be,b2,75,81,18,f1,43,2e" MasterLinkID="17">
            <COMPONENT RefLinkID="20" />
            <COMPONENT RefLinkID="21" />
        </ENTITY>
        <ENTITY LinkID="17" Class="NiGeneralEntity" Name="[Object]Grass.Nature_Grass5001_01" TemplateID="be,53,83,d6,d5,58,84,4b,be,b2,75,81,18,f1,43,2e">
            <COMPONENT RefLinkID="18" />
            <COMPONENT RefLinkID="19" />
        </ENTITY>
        <COMPONENT LinkID="18" Class="NiTransformationComponent" Name="Transformation">
            <PROPERTY Class="Point3" Name="Translation">0.0000000000000000, 0.0000000000000000, 0.0000000000000000</PROPERTY>
            <PROPERTY Class="Matrix3" Name="Rotation">
                <ROW>1.0000000000000000, 0.0000000000000000, 0.0000000000000000</ROW>
                <ROW>0.0000000000000000, 1.0000000000000000, 0.0000000000000000</ROW>
                <ROW>0.0000000000000000, 0.0000000000000000, 1.0000000000000000</ROW>
            </PROPERTY>
            <PROPERTY Class="Float" Name="Scale">1.0000000000000000</PROPERTY>
        </COMPONENT>
        <COMPONENT LinkID="19" Class="NiSceneGraphComponent" Name="Scene Graph">
            <PROPERTY Class="String" Name="NIF File Path" Asset="TRUE">.\..\..\00_Object\Grass\Nature_Grass5001_01.nif</PROPERTY>
        </COMPONENT>
        <COMPONENT LinkID="20" Class="NiTransformationComponent" Name="Transformation">
            <PROPERTY Class="Point3" Name="Translation">328.0986022949218700, 1790.6417236328125000, -6.5874357223510742</PROPERTY>
            <PROPERTY Class="Matrix3" Name="Rotation">
                <ROW>0.9768501520156860, -0.2139247655868530, 0.0000000000000000</ROW>
                <ROW>0.2139247655868530, 0.9768501520156860, 0.0000000000000000</ROW>
                <ROW>0.0000000000000000, 0.0000000000000000, 1.0000000000000000</ROW>
            </PROPERTY>
            <PROPERTY Class="Float" Name="Scale">1.0000000000000000</PROPERTY>
        </COMPONENT>
        <COMPONENT LinkID="21" Class="NiSceneGraphComponent" Name="Scene Graph" MasterLinkID="19" />
        <ENTITY LinkID="22" Class="NiGeneralEntity" Name="Art_Fance5001_01 13" Type="Object" UsePhysX="FALSE" PostfixTexture="" Optimization="0" AlphaGroup="1" RandomAni="TRUE" TemplateID="4e,4f,f8,f7,67,33,7f,40,b5,c8,e4,d1,77,c6,c3,84" MasterLinkID="1">
            <COMPONENT RefLinkID="23" />
            <COMPONENT RefLinkID="24" />
            <COMPONENT RefLinkID="25" />
        </ENTITY>
        <COMPONENT LinkID="23" Class="NiTransformationComponent" Name="Transformation">
            <PROPERTY Class="Point3" Name="Translation">361.8734436035156200, 1869.9095458984375000, 0.5821795463562012</PROPERTY>
            <PROPERTY Class="Matrix3" Name="Rotation">
                <ROW>0.9955669641494751, -0.0940548032522202, 0.0000000000000000</ROW>
                <ROW>0.0940548032522202, 0.9955669641494751, 0.0000000000000000</ROW>
                <ROW>0.0000000000000000, 0.0000000000000000, 1.0000000000000000</ROW>
            </PROPERTY>
            <PROPERTY Class="Float" Name="Scale">1.0000000000000000</PROPERTY>
        </COMPONENT>
        <COMPONENT LinkID="24" Class="NiSceneGraphComponent" Name="Scene Graph" MasterLinkID="3" />
        <COMPONENT LinkID="25" Class="NiGeneralComponent" Name="Hide Object" TemplateID="f6,46,16,db,61,92,23,47,b5,4a,da,2d,42,d7,85,b9" MasterLinkID="4" />
        <ENTITY LinkID="26" Class="NiGeneralEntity" Name="Nature_Grass5001_01 33" Type="Object" UsePhysX="FALSE" PostfixTexture="" Optimization="2" AlphaGroup="1" RandomAni="TRUE" TemplateID="be,53,83,d6,d5,58,84,4b,be,b2,75,81,18,f1,43,2e" MasterLinkID="17">
            <COMPONENT RefLinkID="27" />
            <COMPONENT RefLinkID="28" />
        </ENTITY>
        <COMPONENT LinkID="27" Class="NiTransformationComponent" Name="Transformation">
            <PROPERTY Class="Point3" Name="Translation">285.6864929199218700, 1955.6557617187500000, -4.6130728721618652</PROPERTY>
            <PROPERTY Class="Matrix3" Name="Rotation">
                <ROW>0.9024325013160706, -0.4308311641216278, 0.0000000000000000</ROW>
                <ROW>0.4308311641216278, 0.9024325013160706, 0.0000000000000000</ROW>
                <ROW>0.0000000000000000, 0.0000000000000000, 1.0000000000000000</ROW>
            </PROPERTY>
            <PROPERTY Class="Float" Name="Scale">0.7238519787788391</PROPERTY>
        </COMPONENT>
        <COMPONENT LinkID="28" Class="NiSceneGraphComponent" Name="Scene Graph" MasterLinkID="19" />
        <ENTITY LinkID="29" Class="NiGeneralEntity" Name="Nature_Stone2002_01 09" Type="Object" UsePhysX="FALSE" PostfixTexture="" Optimization="2" AlphaGroup="1" RandomAni="TRUE" TemplateID="27,56,52,8f,10,41,98,42,a9,5b,c0,19,ff,ee,62,49" MasterLinkID="30">
            <COMPONENT RefLinkID="33" />
            <COMPONENT RefLinkID="34" />
        </ENTITY>
        <ENTITY LinkID="30" Class="NiGeneralEntity" Name="[Object]Stone.Nature_Stone2002_01" TemplateID="27,56,52,8f,10,41,98,42,a9,5b,c0,19,ff,ee,62,49">
            <COMPONENT RefLinkID="31" />
            <COMPONENT RefLinkID="32" />
        </ENTITY>
        <COMPONENT LinkID="31" Class="NiTransformationComponent" Name="Transformation">
            <PROPERTY Class="Point3" Name="Translation">0.0000000000000000, 0.0000000000000000, 0.0000000000000000</PROPERTY>
            <PROPERTY Class="Matrix3" Name="Rotation">
                <ROW>1.0000000000000000, 0.0000000000000000, 0.0000000000000000</ROW>
                <ROW>0.0000000000000000, 1.0000000000000000, 0.0000000000000000</ROW>
                <ROW>0.0000000000000000, 0.0000000000000000, 1.0000000000000000</ROW>
            </PROPERTY>
            <PROPERTY Class="Float" Name="Scale">1.0000000000000000</PROPERTY>
        </COMPONENT>
        <COMPONENT LinkID="32" Class="NiSceneGraphComponent" Name="Scene Graph">
            <PROPERTY Class="String" Name="NIF File Path" Asset="TRUE">.\..\..\00_Object\Stone\Nature_Stone2002_01.nif</PROPERTY>
        </COMPONENT>
        <COMPONENT LinkID="33" Class="NiTransformationComponent" Name="Transformation">
            <PROPERTY Class="Point3" Name="Translation">97.4318161010742190, 2123.8508300781250000, -2.9336841106414795</PROPERTY>
            <PROPERTY Class="Matrix3" Name="Rotation">
                <ROW>0.9962759017944336, 0.0862227454781532, 0.0000000000000000</ROW>
                <ROW>-0.0862227454781532, 0.9962759017944336, 0.0000000000000000</ROW>
                <ROW>0.0000000000000000, 0.0000000000000000, 1.0000000000000000</ROW>
            </PROPERTY>
            <PROPERTY Class="Float" Name="Scale">1.2358134984970093</PROPERTY>
        </COMPONENT>
        <COMPONENT LinkID="34" Class="NiSceneGraphComponent" Name="Scene Graph" MasterLinkID="32" />
        <ENTITY LinkID="35" Class="NiGeneralEntity" Name="Nature_Stone2002_01 10" Type="Object" UsePhysX="FALSE" PostfixTexture="" Optimization="2" AlphaGroup="1" RandomAni="TRUE" TemplateID="27,56,52,8f,10,41,98,42,a9,5b,c0,19,ff,ee,62,49" MasterLinkID="30">
            <COMPONENT RefLinkID="36" />
            <COMPONENT RefLinkID="37" />
        </ENTITY>
        <COMPONENT LinkID="36" Class="NiTransformationComponent" Name="Transformation">
            <PROPERTY Class="Point3" Name="Translation">195.6604003906250000, 2019.0927734375000000, 2.8881385326385498</PROPERTY>
            <PROPERTY Class="Matrix3" Name="Rotation">
                <ROW>0.7360725402832031, -0.6769026517868042, 0.0000000000000000</ROW>
                <ROW>0.6769026517868042, 0.7360725402832031, 0.0000000000000000</ROW>
                <ROW>0.0000000000000000, 0.0000000000000000, 1.0000000000000000</ROW>
            </PROPERTY>
            <PROPERTY Class="Float" Name="Scale">0.3052478134632111</PROPERTY>
        </COMPONENT>
        <COMPONENT LinkID="37" Class="NiSceneGraphComponent" Name="Scene Graph" MasterLinkID="32" />
        <ENTITY LinkID="38" Class="NiGeneralEntity" Name="Nature_Grass2002_01 06" Type="Object" UsePhysX="FALSE" PostfixTexture="" Optimization="0" AlphaGroup="1" RandomAni="TRUE" TemplateID="c1,6c,cb,38,b3,f4,76,40,9f,20,17,8b,f8,49,86,38" MasterLinkID="39">
            <COMPONENT RefLinkID="42" />
            <COMPONENT RefLinkID="43" />
        </ENTITY>
        <ENTITY LinkID="39" Class="NiGeneralEntity" Name="[Object]Grass.Nature_Grass2002_01" TemplateID="c1,6c,cb,38,b3,f4,76,40,9f,20,17,8b,f8,49,86,38">
            <COMPONENT RefLinkID="40" />
            <COMPONENT RefLinkID="41" />
        </ENTITY>
        <COMPONENT LinkID="40" Class="NiTransformationComponent" Name="Transformation">
            <PROPERTY Class="Point3" Name="Translation">0.0000000000000000, 0.0000000000000000, 0.0000000000000000</PROPERTY>
            <PROPERTY Class="Matrix3" Name="Rotation">
                <ROW>1.0000000000000000, 0.0000000000000000, 0.0000000000000000</ROW>
                <ROW>0.0000000000000000, 1.0000000000000000, 0.0000000000000000</ROW>
                <ROW>0.0000000000000000, 0.0000000000000000, 1.0000000000000000</ROW>
            </PROPERTY>
            <PROPERTY Class="Float" Name="Scale">1.0000000000000000</PROPERTY>
        </COMPONENT>
        <COMPONENT LinkID="41" Class="NiSceneGraphComponent" Name="Scene Graph">
            <PROPERTY Class="String" Name="NIF File Path" Asset="TRUE">.\..\..\00_Object\Grass\Nature_Grass2002_01.nif</PROPERTY>
        </COMPONENT>
        <COMPONENT LinkID="42" Class="NiTransformationComponent" Name="Transformation">
            <PROPERTY Class="Point3" Name="Translation">305.3640747070312500, 1990.1268310546875000, -0.7856571674346924</PROPERTY>
            <PROPERTY Class="Matrix3" Name="Rotation">
                <ROW>0.9962759017944336, 0.0862227454781532, 0.0000000000000000</ROW>
                <ROW>-0.0862227454781532, 0.9962759017944336, 0.0000000000000000</ROW>
                <ROW>0.0000000000000000, 0.0000000000000000, 1.0000000000000000</ROW>
            </PROPERTY>
            <PROPERTY Class="Float" Name="Scale">1.0000000000000000</PROPERTY>
        </COMPONENT>
        <COMPONENT LinkID="43" Class="NiSceneGraphComponent" Name="Scene Graph" MasterLinkID="41" />
        <ENTITY LinkID="44" Class="NiGeneralEntity" Name="Nature_Grass2002_01 03" Type="Object" UsePhysX="FALSE" PostfixTexture="" Optimization="0" AlphaGroup="1" RandomAni="TRUE" TemplateID="c1,6c,cb,38,b3,f4,76,40,9f,20,17,8b,f8,49,86,38" MasterLinkID="39">
            <COMPONENT RefLinkID="45" />
            <COMPONENT RefLinkID="46" />
        </ENTITY>
        <COMPONENT LinkID="45" Class="NiTransformationComponent" Name="Transformation">
            <PROPERTY Class="Point3" Name="Translation">256.0351867675781200, 2014.7670898437500000, -0.7856531143188477</PROPERTY>
            <PROPERTY Class="Matrix3" Name="Rotation">
                <ROW>0.9962759017944336, 0.0862227454781532, 0.0000000000000000</ROW>
                <ROW>-0.0862227454781532, 0.9962759017944336, 0.0000000000000000</ROW>
                <ROW>0.0000000000000000, 0.0000000000000000, 1.0000000000000000</ROW>
            </PROPERTY>
            <PROPERTY Class="Float" Name="Scale">1.0000000000000000</PROPERTY>
        </COMPONENT>
        <COMPONENT LinkID="46" Class="NiSceneGraphComponent" Name="Scene Graph" MasterLinkID="41" />
        <ENTITY LinkID="47" Class="NiGeneralEntity" Name="Nature_Grass5001_01 34" Type="Object" UsePhysX="FALSE" PostfixTexture="" Optimization="2" AlphaGroup="1" RandomAni="TRUE" TemplateID="be,53,83,d6,d5,58,84,4b,be,b2,75,81,18,f1,43,2e" MasterLinkID="17">
            <COMPONENT RefLinkID="48" />
            <COMPONENT RefLinkID="49" />
        </ENTITY>
        <COMPONENT LinkID="48" Class="NiTransformationComponent" Name="Transformation">
            <PROPERTY Class="Point3" Name="Translation">79.1443634033203130, 2069.6674804687500000, -6.5874295234680176</PROPERTY>
            <PROPERTY Class="Matrix3" Name="Rotation">
                <ROW>0.9768501520156860, -0.2139247655868530, 0.0000000000000000</ROW>
                <ROW>0.2139247655868530, 0.9768501520156860, 0.0000000000000000</ROW>
                <ROW>0.0000000000000000, 0.0000000000000000, 1.0000000000000000</ROW>
            </PROPERTY>
            <PROPERTY Class="Float" Name="Scale">1.0000000000000000</PROPERTY>
        </COMPONENT>
        <COMPONENT LinkID="49" Class="NiSceneGraphComponent" Name="Scene Graph" MasterLinkID="19" />
        <ENTITY LinkID="50" Class="NiGeneralEntity" Name="Nature_Tree1006_01 01" Type="Object" UsePhysX="FALSE" PostfixTexture="" Optimization="0" AlphaGroup="1" RandomAni="TRUE" TemplateID="1c,ba,ff,6b,b3,e,45,4c,a9,3c,f,66,5b,99,b0,a1" MasterLinkID="51">
            <COMPONENT RefLinkID="56" />
            <COMPONENT RefLinkID="57" />
            <COMPONENT RefLinkID="58" />
            <COMPONENT RefLinkID="59" />
        </ENTITY>
        <ENTITY LinkID="51" Class="NiGeneralEntity" Name="[Object]Tree.Nature_Tree1006_01" TemplateID="2e,31,e1,89,2c,7,fe,41,be,7b,4e,76,7a,3,fc,54">
            <COMPONENT RefLinkID="52" />
            <COMPONENT RefLinkID="53" />
            <COMPONENT RefLinkID="54" />
            <COMPONENT RefLinkID="55" />
        </ENTITY>
        <COMPONENT LinkID="52" Class="NiTransformationComponent" Name="Transformation">
            <PROPERTY Class="Point3" Name="Translation">0.0000000000000000, 0.0000000000000000, 0.0000000000000000</PROPERTY>
            <PROPERTY Class="Matrix3" Name="Rotation">
                <ROW>1.0000000000000000, 0.0000000000000000, 0.0000000000000000</ROW>
                <ROW>0.0000000000000000, 1.0000000000000000, 0.0000000000000000</ROW>
                <ROW>0.0000000000000000, 0.0000000000000000, 1.0000000000000000</ROW>
            </PROPERTY>
            <PROPERTY Class="Float" Name="Scale">1.0000000000000000</PROPERTY>
        </COMPONENT>
        <COMPONENT LinkID="53" Class="NiSceneGraphComponent" Name="Scene Graph">
            <PROPERTY Class="String" Name="NIF File Path" Asset="TRUE">.\..\..\00_Object\Tree\Nature_Tree1006_01.nif</PROPERTY>
        </COMPONENT>
        <COMPONENT LinkID="54" Class="NiGeneralComponent" Name="Animation Object" TemplateID="c5,83,7b,6f,ea,53,7d,45,95,5a,2e,ab,38,28,a5,76">
            <PROPERTY Class="Float" Name="Phase" SemanticType="Float" DisplayName="Phase" Description="">-1000.0000000000000000</PROPERTY>
        </COMPONENT>
        <COMPONENT LinkID="55" Class="NiGeneralComponent" Name="Hide Object" TemplateID="f6,46,16,db,61,92,23,47,b5,4a,da,2d,42,d7,85,b9">
            <PROPERTY Class="Float" Name="Alpha Value" SemanticType="Float" DisplayName="Alpha Value" Description="">0.4000000059604645</PROPERTY>
            <PROPERTY Class="Boolean" Name="Alpha Enable" SemanticType="Boolean" DisplayName="Alpha Enable" Description="">FALSE</PROPERTY>
            <PROPERTY Class="Boolean" Name="Hide Object" SemanticType="Boolean" DisplayName="Hide Object" Description="">FALSE</PROPERTY>
        </COMPONENT>
        <COMPONENT LinkID="56" Class="NiTransformationComponent" Name="Transformation">
            <PROPERTY Class="Point3" Name="Translation">357.8381652832031200, 2072.0261230468750000, -2.3146131038665771</PROPERTY>
            <PROPERTY Class="Matrix3" Name="Rotation">
                <ROW>0.9403345584869385, -0.3402513265609741, 0.0000000000000000</ROW>
                <ROW>0.3402513265609741, 0.9403345584869385, 0.0000000000000000</ROW>
                <ROW>0.0000000000000000, 0.0000000000000000, 1.0000000000000000</ROW>
            </PROPERTY>
            <PROPERTY Class="Float" Name="Scale">1.8519364595413208</PROPERTY>
        </COMPONENT>
        <COMPONENT LinkID="57" Class="NiSceneGraphComponent" Name="Scene Graph" MasterLinkID="53" />
        <COMPONENT LinkID="58" Class="NiGeneralComponent" Name="Animation Object" TemplateID="c5,83,7b,6f,ea,53,7d,45,95,5a,2e,ab,38,28,a5,76" MasterLinkID="54" />
        <COMPONENT LinkID="59" Class="NiGeneralComponent" Name="Hide Object" TemplateID="f6,46,16,db,61,92,23,47,b5,4a,da,2d,42,d7,85,b9" MasterLinkID="55" />
        <ENTITY LinkID="60" Class="NiGeneralEntity" Name="Nature_Grass5001_01 23" Type="Object" UsePhysX="FALSE" PostfixTexture="" Optimization="2" AlphaGroup="1" RandomAni="TRUE" TemplateID="be,53,83,d6,d5,58,84,4b,be,b2,75,81,18,f1,43,2e" MasterLinkID="17">
            <COMPONENT RefLinkID="61" />
            <COMPONENT RefLinkID="62" />
        </ENTITY>
        <COMPONENT LinkID="61" Class="NiTransformationComponent" Name="Transformation">
            <PROPERTY Class="Point3" Name="Translation">472.3028259277343700, 2003.4906005859375000, -6.5874233245849609</PROPERTY>
            <PROPERTY Class="Matrix3" Name="Rotation">
                <ROW>0.9768501520156860, -0.2139247655868530, 0.0000000000000000</ROW>
                <ROW>0.2139247655868530, 0.9768501520156860, 0.0000000000000000</ROW>
                <ROW>0.0000000000000000, 0.0000000000000000, 1.0000000000000000</ROW>
            </PROPERTY>
            <PROPERTY Class="Float" Name="Scale">1.0000000000000000</PROPERTY>
        </COMPONENT>
        <COMPONENT LinkID="62" Class="NiSceneGraphComponent" Name="Scene Graph" MasterLinkID="19" />
        <ENTITY LinkID="63" Class="NiGeneralEntity" Name="Nature_Grass2002_01 07" Type="Object" UsePhysX="FALSE" PostfixTexture="" Optimization="0" AlphaGroup="1" RandomAni="TRUE" TemplateID="c1,6c,cb,38,b3,f4,76,40,9f,20,17,8b,f8,49,86,38" MasterLinkID="39">
            <COMPONENT RefLinkID="64" />
            <COMPONENT RefLinkID="65" />
        </ENTITY>
        <COMPONENT LinkID="64" Class="NiTransformationComponent" Name="Transformation">
            <PROPERTY Class="Point3" Name="Translation">453.7134704589843700, 2041.3582763671875000, -0.7856618165969849</PROPERTY>
            <PROPERTY Class="Matrix3" Name="Rotation">
                <ROW>0.9962759017944336, 0.0862227454781532, 0.0000000000000000</ROW>
                <ROW>-0.0862227454781532, 0.9962759017944336, 0.0000000000000000</ROW>
                <ROW>0.0000000000000000, 0.0000000000000000, 1.0000000000000000</ROW>
            </PROPERTY>
            <PROPERTY Class="Float" Name="Scale">1.0000000000000000</PROPERTY>
        </COMPONENT>
        <COMPONENT LinkID="65" Class="NiSceneGraphComponent" Name="Scene Graph" MasterLinkID="41" />
        <ENTITY LinkID="66" Class="NiGeneralEntity" Name="Art_Fance5001_01 26" Type="Object" UsePhysX="FALSE" PostfixTexture="" Optimization="0" AlphaGroup="1" RandomAni="TRUE" TemplateID="4e,4f,f8,f7,67,33,7f,40,b5,c8,e4,d1,77,c6,c3,84" MasterLinkID="1">
            <COMPONENT RefLinkID="67" />
            <COMPONENT RefLinkID="68" />
            <COMPONENT RefLinkID="69" />
        </ENTITY>
        <COMPONENT LinkID="67" Class="NiTransformationComponent" Name="Transformation">
            <PROPERTY Class="Point3" Name="Translation">582.7680053710937500, 2091.0366210937500000, 0.5821652412414551</PROPERTY>
            <PROPERTY Class="Matrix3" Name="Rotation">
                <ROW>0.1095427498221397, -0.9939820766448975, 0.0000000000000000</ROW>
                <ROW>0.9939820766448975, 0.1095427498221397, 0.0000000000000000</ROW>
                <ROW>0.0000000000000000, 0.0000000000000000, 1.0000000000000000</ROW>
            </PROPERTY>
            <PROPERTY Class="Float" Name="Scale">1.0000000000000000</PROPERTY>
        </COMPONENT>
        <COMPONENT LinkID="68" Class="NiSceneGraphComponent" Name="Scene Graph" MasterLinkID="3" />
        <COMPONENT LinkID="69" Class="NiGeneralComponent" Name="Hide Object" TemplateID="f6,46,16,db,61,92,23,47,b5,4a,da,2d,42,d7,85,b9" MasterLinkID="4" />
        <ENTITY LinkID="70" Class="NiGeneralEntity" Name="Art_Fance5001_01 25" Type="Object" UsePhysX="FALSE" PostfixTexture="" Optimization="0" AlphaGroup="1" RandomAni="TRUE" TemplateID="4e,4f,f8,f7,67,33,7f,40,b5,c8,e4,d1,77,c6,c3,84" MasterLinkID="1">
            <COMPONENT RefLinkID="71" />
            <COMPONENT RefLinkID="72" />
            <COMPONENT RefLinkID="73" />
        </ENTITY>
        <COMPONENT LinkID="71" Class="NiTransformationComponent" Name="Transformation">
            <PROPERTY Class="Point3" Name="Translation">545.8460083007812500, 1984.2521972656250000, 0.5821900367736816</PROPERTY>
            <PROPERTY Class="Matrix3" Name="Rotation">
                <ROW>0.5498852729797363, -0.8352400660514832, 0.0000000000000000</ROW>
                <ROW>0.8352400660514832, 0.5498852729797363, 0.0000000000000000</ROW>
                <ROW>0.0000000000000000, 0.0000000000000000, 1.0000000000000000</ROW>
            </PROPERTY>
            <PROPERTY Class="Float" Name="Scale">1.0000000000000000</PROPERTY>
        </COMPONENT>
        <COMPONENT LinkID="72" Class="NiSceneGraphComponent" Name="Scene Graph" MasterLinkID="3" />
        <COMPONENT LinkID="73" Class="NiGeneralComponent" Name="Hide Object" TemplateID="f6,46,16,db,61,92,23,47,b5,4a,da,2d,42,d7,85,b9" MasterLinkID="4" />
        <ENTITY LinkID="74" Class="NiGeneralEntity" Name="Art_Fance5001_01 14" Type="Object" UsePhysX="FALSE" PostfixTexture="" Optimization="0" AlphaGroup="1" RandomAni="TRUE" TemplateID="4e,4f,f8,f7,67,33,7f,40,b5,c8,e4,d1,77,c6,c3,84" MasterLinkID="1">
            <COMPONENT RefLinkID="75" />
            <COMPONENT RefLinkID="76" />
            <COMPONENT RefLinkID="77" />
        </ENTITY>
        <COMPONENT LinkID="75" Class="NiTransformationComponent" Name="Transformation">
            <PROPERTY Class="Point3" Name="Translation">465.6273498535156200, 1903.7646484375000000, 0.5821776390075684</PROPERTY>
            <PROPERTY Class="Matrix3" Name="Rotation">
                <ROW>0.8543841838836670, -0.5196417570114136, 0.0000000000000000</ROW>
                <ROW>0.5196417570114136, 0.8543841838836670, 0.0000000000000000</ROW>
                <ROW>0.0000000000000000, 0.0000000000000000, 1.0000000000000000</ROW>
            </PROPERTY>
            <PROPERTY Class="Float" Name="Scale">1.0000000000000000</PROPERTY>
        </COMPONENT>
        <COMPONENT LinkID="76" Class="NiSceneGraphComponent" Name="Scene Graph" MasterLinkID="3" />
        <COMPONENT LinkID="77" Class="NiGeneralComponent" Name="Hide Object" TemplateID="f6,46,16,db,61,92,23,47,b5,4a,da,2d,42,d7,85,b9" MasterLinkID="4" />
        <ENTITY LinkID="78" Class="NiGeneralEntity" Name="Nature_Flower3001_03 04" Type="Object" UsePhysX="FALSE" PostfixTexture="" Optimization="0" AlphaGroup="1" RandomAni="TRUE" TemplateID="8e,50,47,60,12,a0,f5,45,88,cb,6b,c4,cd,b3,9d,b2" MasterLinkID="79">
            <COMPONENT RefLinkID="83" />
            <COMPONENT RefLinkID="84" />
            <COMPONENT RefLinkID="85" />
        </ENTITY>
        <ENTITY LinkID="79" Class="NiGeneralEntity" Name="[Object]Flower.Nature_Flower3001_03" TemplateID="8e,50,47,60,12,a0,f5,45,88,cb,6b,c4,cd,b3,9d,b2">
            <COMPONENT RefLinkID="80" />
            <COMPONENT RefLinkID="81" />
            <COMPONENT RefLinkID="82" />
        </ENTITY>
        <COMPONENT LinkID="80" Class="NiTransformationComponent" Name="Transformation">
            <PROPERTY Class="Point3" Name="Translation">0.0000000000000000, 0.0000000000000000, 0.0000000000000000</PROPERTY>
            <PROPERTY Class="Matrix3" Name="Rotation">
                <ROW>1.0000000000000000, 0.0000000000000000, 0.0000000000000000</ROW>
                <ROW>0.0000000000000000, 1.0000000000000000, 0.0000000000000000</ROW>
                <ROW>0.0000000000000000, 0.0000000000000000, 1.0000000000000000</ROW>
            </PROPERTY>
            <PROPERTY Class="Float" Name="Scale">1.0000000000000000</PROPERTY>
        </COMPONENT>
        <COMPONENT LinkID="81" Class="NiSceneGraphComponent" Name="Scene Graph">
            <PROPERTY Class="String" Name="NIF File Path" Asset="TRUE">.\..\..\00_Object\Flower\Nature_Flower3001_03.nif</PROPERTY>
        </COMPONENT>
        <COMPONENT LinkID="82" Class="NiGeneralComponent" Name="Hide Object" TemplateID="f6,46,16,db,61,92,23,47,b5,4a,da,2d,42,d7,85,b9">
            <PROPERTY Class="Float" Name="Alpha Value" SemanticType="Float" DisplayName="Alpha Value" Description="">0.4000000059604645</PROPERTY>
            <PROPERTY Class="Boolean" Name="Alpha Enable" SemanticType="Boolean" DisplayName="Alpha Enable" Description="">FALSE</PROPERTY>
            <PROPERTY Class="Boolean" Name="Hide Object" SemanticType="Boolean" DisplayName="Hide Object" Description="">FALSE</PROPERTY>
        </COMPONENT>
        <COMPONENT LinkID="83" Class="NiTransformationComponent" Name="Transformation">
            <PROPERTY Class="Point3" Name="Translation">588.3551025390625000, 1866.6110839843750000, -6.5126190185546875</PROPERTY>
            <PROPERTY Class="Matrix3" Name="Rotation">
                <ROW>0.9295060634613037, -0.3688069880008698, 0.0000000000000000</ROW>
                <ROW>0.3688069880008698, 0.9295060634613037, 0.0000000000000000</ROW>
                <ROW>0.0000000000000000, 0.0000000000000000, 1.0000000000000000</ROW>
            </PROPERTY>
            <PROPERTY Class="Float" Name="Scale">1.0000000000000000</PROPERTY>
        </COMPONENT>
        <COMPONENT LinkID="84" Class="NiSceneGraphComponent" Name="Scene Graph" MasterLinkID="81" />
        <COMPONENT LinkID="85" Class="NiGeneralComponent" Name="Hide Object" TemplateID="f6,46,16,db,61,92,23,47,b5,4a,da,2d,42,d7,85,b9" MasterLinkID="82" />
        <ENTITY LinkID="86" Class="NiGeneralEntity" Name="Art_StreetLight1001_01 05" Type="Object" UsePhysX="FALSE" PostfixTexture="" Optimization="0" AlphaGroup="1" RandomAni="TRUE" TemplateID="97,b0,16,1b,d4,48,e4,43,8b,c6,7,31,69,f5,ce,d7" MasterLinkID="87">
            <COMPONENT RefLinkID="91" />
            <COMPONENT RefLinkID="92" />
            <COMPONENT RefLinkID="93" />
        </ENTITY>
        <ENTITY LinkID="87" Class="NiGeneralEntity" Name="[Object]Light.Art_StreetLight1001_01" TemplateID="66,a9,30,80,48,79,2e,43,8c,97,f0,35,4d,58,d5,b5">
            <COMPONENT RefLinkID="88" />
            <COMPONENT RefLinkID="89" />
            <COMPONENT RefLinkID="90" />
        </ENTITY>
        <COMPONENT LinkID="88" Class="NiTransformationComponent" Name="Transformation">
            <PROPERTY Class="Point3" Name="Translation">0.0000000000000000, 0.0000000000000000, 0.0000000000000000</PROPERTY>
            <PROPERTY Class="Matrix3" Name="Rotation">
                <ROW>1.0000000000000000, 0.0000000000000000, 0.0000000000000000</ROW>
                <ROW>0.0000000000000000, 1.0000000000000000, 0.0000000000000000</ROW>
                <ROW>0.0000000000000000, 0.0000000000000000, 1.0000000000000000</ROW>
            </PROPERTY>
            <PROPERTY Class="Float" Name="Scale">1.0000000000000000</PROPERTY>
        </COMPONENT>
        <COMPONENT LinkID="89" Class="NiSceneGraphComponent" Name="Scene Graph">
            <PROPERTY Class="String" Name="NIF File Path" Asset="TRUE">.\..\..\00_Object\Light\Art_StreetLight1001_01.nif</PROPERTY>
        </COMPONENT>
        <COMPONENT LinkID="90" Class="NiGeneralComponent" Name="Hide Object" TemplateID="f6,46,16,db,61,92,23,47,b5,4a,da,2d,42,d7,85,b9">
            <PROPERTY Class="Float" Name="Alpha Value" SemanticType="Float" DisplayName="Alpha Value" Description="">0.4000000059604645</PROPERTY>
            <PROPERTY Class="Boolean" Name="Alpha Enable" SemanticType="Boolean" DisplayName="Alpha Enable" Description="">FALSE</PROPERTY>
            <PROPERTY Class="Boolean" Name="Hide Object" SemanticType="Boolean" DisplayName="Hide Object" Description="">FALSE</PROPERTY>
        </COMPONENT>
        <COMPONENT LinkID="91" Class="NiTransformationComponent" Name="Transformation">
            <PROPERTY Class="Point3" Name="Translation">-446.7038879394531200, 1357.3251953125000000, 0.8253567218780518</PROPERTY>
            <PROPERTY Class="Matrix3" Name="Rotation">
                <ROW>0.9845097064971924, -0.1753301322460175, 0.0000000000000000</ROW>
                <ROW>0.1753301322460175, 0.9845097064971924, 0.0000000000000000</ROW>
                <ROW>0.0000000000000000, 0.0000000000000000, 1.0000000000000000</ROW>
            </PROPERTY>
            <PROPERTY Class="Float" Name="Scale">1.0000000000000000</PROPERTY>
        </COMPONENT>
        <COMPONENT LinkID="92" Class="NiSceneGraphComponent" Name="Scene Graph" MasterLinkID="89" />
        <COMPONENT LinkID="93" Class="NiGeneralComponent" Name="Hide Object" TemplateID="f6,46,16,db,61,92,23,47,b5,4a,da,2d,42,d7,85,b9" MasterLinkID="90" />
        <ENTITY LinkID="94" Class="NiGeneralEntity" Name="Nature_Stone3003_01 12" Type="Object" UsePhysX="FALSE" PostfixTexture="" Optimization="0" AlphaGroup="1" RandomAni="TRUE" TemplateID="84,3,35,2f,84,fa,6e,44,80,48,64,66,af,0,a2,e3" MasterLinkID="95">
            <COMPONENT RefLinkID="98" />
            <COMPONENT RefLinkID="99" />
        </ENTITY>
        <ENTITY LinkID="95" Class="NiGeneralEntity" Name="[Object]Stone.Nature_Stone3003_01" TemplateID="84,3,35,2f,84,fa,6e,44,80,48,64,66,af,0,a2,e3">
            <COMPONENT RefLinkID="96" />
            <COMPONENT RefLinkID="97" />
        </ENTITY>
        <COMPONENT LinkID="96" Class="NiTransformationComponent" Name="Transformation">
            <PROPERTY Class="Point3" Name="Translation">0.0000000000000000, 0.0000000000000000, 0.0000000000000000</PROPERTY>
            <PROPERTY Class="Matrix3" Name="Rotation">
                <ROW>1.0000000000000000, 0.0000000000000000, 0.0000000000000000</ROW>
                <ROW>0.0000000000000000, 1.0000000000000000, 0.0000000000000000</ROW>
                <ROW>0.0000000000000000, 0.0000000000000000, 1.0000000000000000</ROW>
            </PROPERTY>
            <PROPERTY Class="Float" Name="Scale">1.0000000000000000</PROPERTY>
        </COMPONENT>
        <COMPONENT LinkID="97" Class="NiSceneGraphComponent" Name="Scene Graph">
            <PROPERTY Class="String" Name="NIF File Path" Asset="TRUE">.\..\..\00_Object\Stone\Nature_Stone3003_01.nif</PROPERTY>
        </COMPONENT>
        <COMPONENT LinkID="98" Class="NiTransformationComponent" Name="Transformation">
            <PROPERTY Class="Point3" Name="Translation">-362.7382812500000000, 1362.5523681640625000, 9.5642995834350586</PROPERTY>
            <PROPERTY Class="Matrix3" Name="Rotation">
                <ROW>-0.9326433539390564, -0.3607997298240662, 0.0000000000000000</ROW>
                <ROW>0.3607997298240662, -0.9326433539390564, 0.0000000000000000</ROW>
                <ROW>0.0000000000000000, 0.0000000000000000, 1.0000000000000000</ROW>
            </PROPERTY>
            <PROPERTY Class="Float" Name="Scale">1.2610061168670654</PROPERTY>
        </COMPONENT>
        <COMPONENT LinkID="99" Class="NiSceneGraphComponent" Name="Scene Graph" MasterLinkID="97" />
        <ENTITY LinkID="100" Class="NiGeneralEntity" Name="Nature_Sharptree1001_01 29" Type="Object" UsePhysX="FALSE" PostfixTexture="" Optimization="0" AlphaGroup="1" RandomAni="TRUE" TemplateID="d1,6d,1f,a4,4f,b1,8f,45,b1,4d,f3,b5,4c,bb,a4,c" MasterLinkID="101">
            <COMPONENT RefLinkID="105" />
            <COMPONENT RefLinkID="106" />
            <COMPONENT RefLinkID="107" />
        </ENTITY>
        <ENTITY LinkID="101" Class="NiGeneralEntity" Name="[Object]Tree.Nature_Sharptree1001_01" TemplateID="d1,6d,1f,a4,4f,b1,8f,45,b1,4d,f3,b5,4c,bb,a4,c">
            <COMPONENT RefLinkID="102" />
            <COMPONENT RefLinkID="103" />
            <COMPONENT RefLinkID="104" />
        </ENTITY>
        <COMPONENT LinkID="102" Class="NiTransformationComponent" Name="Transformation">
            <PROPERTY Class="Point3" Name="Translation">0.0000000000000000, 0.0000000000000000, 0.0000000000000000</PROPERTY>
            <PROPERTY Class="Matrix3" Name="Rotation">
                <ROW>1.0000000000000000, 0.0000000000000000, 0.0000000000000000</ROW>
                <ROW>0.0000000000000000, 1.0000000000000000, 0.0000000000000000</ROW>
                <ROW>0.0000000000000000, 0.0000000000000000, 1.0000000000000000</ROW>
            </PROPERTY>
            <PROPERTY Class="Float" Name="Scale">1.0000000000000000</PROPERTY>
        </COMPONENT>
        <COMPONENT LinkID="103" Class="NiSceneGraphComponent" Name="Scene Graph">
            <PROPERTY Class="String" Name="NIF File Path" Asset="TRUE">.\..\..\00_Object\Tree\Nature_Sharptree1001_01.nif</PROPERTY>
        </COMPONENT>
        <COMPONENT LinkID="104" Class="NiGeneralComponent" Name="Hide Object" TemplateID="f6,46,16,db,61,92,23,47,b5,4a,da,2d,42,d7,85,b9">
            <PROPERTY Class="Float" Name="Alpha Value" SemanticType="Float" DisplayName="Alpha Value" Description="">0.4000000059604645</PROPERTY>
            <PROPERTY Class="Boolean" Name="Alpha Enable" SemanticType="Boolean" DisplayName="Alpha Enable" Description="">FALSE</PROPERTY>
            <PROPERTY Class="Boolean" Name="Hide Object" SemanticType="Boolean" DisplayName="Hide Object" Description="">FALSE</PROPERTY>
        </COMPONENT>
        <COMPONENT LinkID="105" Class="NiTransformationComponent" Name="Transformation">
            <PROPERTY Class="Point3" Name="Translation">-436.2100830078125000, 1386.7934570312500000, -3.0509159564971924</PROPERTY>
            <PROPERTY Class="Matrix3" Name="Rotation">
                <ROW>0.9063070416450501, 0.4226198792457581, 0.0000000000000000</ROW>
                <ROW>-0.4226198792457581, 0.9063070416450501, 0.0000000000000000</ROW>
                <ROW>0.0000000000000000, 0.0000000000000000, 1.0000000000000000</ROW>
            </PROPERTY>
            <PROPERTY Class="Float" Name="Scale">0.7684516906738281</PROPERTY>
        </COMPONENT>
        <COMPONENT LinkID="106" Class="NiSceneGraphComponent" Name="Scene Graph" MasterLinkID="103" />
