<?xml version="1.0" ?>
<GSA Major="1" Minor="0" Patch="0">
    <PALETTES_DIRECTORY>
        <PALETTE_DIR IDX="0" DIRECTORY=".\..\..\..\..\..\ToolBin\SceneDesigner\Release\Data\" />
        <PALETTE_DIR IDX="1" DIRECTORY=".\..\..\Palettes\" />
    </PALETTES_DIRECTORY>
    <PALETTES>
        <PALETTE NAME="Default" DIR_IDX="0" />
        <PALETTE NAME="General" DIR_IDX="1" />
        <PALETTE NAME="Block" DIR_IDX="1" />
        <PALETTE NAME="Object" DIR_IDX="1" />
        <PALETTE NAME="Effect" DIR_IDX="1" />
    </PALETTES>
    <OBJECTS>
        <ENTITY LinkID="0" Class="NiGeneralEntity" Name="Nature_Bgrass2001_01 04" Type="Object" UsePhysX="FALSE" PostfixTexture="" Optimization="1" AlphaGroup="1" RandomAni="TRUE" TemplateID="cc,1d,f3,e5,41,8d,20,40,ad,9a,93,3b,c2,a9,52,e0" MasterLinkID="1">
            <COMPONENT RefLinkID="5" />
            <COMPONENT RefLinkID="6" />
            <COMPONENT RefLinkID="7" />
        </ENTITY>
        <ENTITY LinkID="1" Class="NiGeneralEntity" Name="[Object]Tree.Nature_Bgrass2001_01" TemplateID="cc,1d,f3,e5,41,8d,20,40,ad,9a,93,3b,c2,a9,52,e0">
            <COMPONENT RefLinkID="2" />
            <COMPONENT RefLinkID="3" />
            <COMPONENT RefLinkID="4" />
        </ENTITY>
        <COMPONENT LinkID="2" Class="NiTransformationComponent" Name="Transformation">
            <PROPERTY Class="Point3" Name="Translation">0.0000000000000000, 0.0000000000000000, 0.0000000000000000</PROPERTY>
            <PROPERTY Class="Matrix3" Name="Rotation">
                <ROW>1.0000000000000000, 0.0000000000000000, 0.0000000000000000</ROW>
                <ROW>0.0000000000000000, 1.0000000000000000, 0.0000000000000000</ROW>
                <ROW>0.0000000000000000, 0.0000000000000000, 1.0000000000000000</ROW>
            </PROPERTY>
            <PROPERTY Class="Float" Name="Scale">1.0000000000000000</PROPERTY>
        </COMPONENT>
        <COMPONENT LinkID="3" Class="NiSceneGraphComponent" Name="Scene Graph">
            <PROPERTY Class="String" Name="NIF File Path" Asset="TRUE">.\..\..\00_Object\Tree\Nature_Bgrass2001_01.nif</PROPERTY>
        </COMPONENT>
        <COMPONENT LinkID="4" Class="NiGeneralComponent" Name="Hide Object" TemplateID="f6,46,16,db,61,92,23,47,b5,4a,da,2d,42,d7,85,b9">
            <PROPERTY Class="Float" Name="Alpha Value" SemanticType="Float" DisplayName="Alpha Value" Description="">0.4000000059604645</PROPERTY>
            <PROPERTY Class="Boolean" Name="Alpha Enable" SemanticType="Boolean" DisplayName="Alpha Enable" Description="">FALSE</PROPERTY>
            <PROPERTY Class="Boolean" Name="Hide Object" SemanticType="Boolean" DisplayName="Hide Object" Description="">FALSE</PROPERTY>
        </COMPONENT>
        <COMPONENT LinkID="5" Class="NiTransformationComponent" Name="Transformation">
            <PROPERTY Class="Point3" Name="Translation">-2777.9465332031250000, 472.5565185546875000, 384.0954589843750000</PROPERTY>
            <PROPERTY Class="Matrix3" Name="Rotation">
                <ROW>0.9038326144218445, 0.4270134568214417, 0.0273128431290388</ROW>
                <ROW>-0.4268186092376709, 0.9042452573776245, -0.0128979953005910</ROW>
                <ROW>-0.0302051268517971, 0.0000000000000000, 0.9995436668395996</ROW>
            </PROPERTY>
            <PROPERTY Class="Float" Name="Scale">0.8139410018920898</PROPERTY>
        </COMPONENT>
        <COMPONENT LinkID="6" Class="NiSceneGraphComponent" Name="Scene Graph" MasterLinkID="3" />
        <COMPONENT LinkID="7" Class="NiGeneralComponent" Name="Hide Object" TemplateID="f6,46,16,db,61,92,23,47,b5,4a,da,2d,42,d7,85,b9" MasterLinkID="4">
            <PROPERTY Class="Float" Name="Alpha Value" SemanticType="Float" DisplayName="Alpha Value" Description="">0.4000000059604645</PROPERTY>
            <PROPERTY Class="Boolean" Name="Alpha Enable" SemanticType="Boolean" DisplayName="Alpha Enable" Description="">TRUE</PROPERTY>
        </COMPONENT>
        <ENTITY LinkID="8" Class="NiGeneralEntity" Name="Nature_Bgrass2001_01 01" Type="Object" UsePhysX="FALSE" PostfixTexture="" Optimization="1" AlphaGroup="1" RandomAni="TRUE" TemplateID="cc,1d,f3,e5,41,8d,20,40,ad,9a,93,3b,c2,a9,52,e0" MasterLinkID="1">
            <COMPONENT RefLinkID="9" />
            <COMPONENT RefLinkID="10" />
            <COMPONENT RefLinkID="11" />
        </ENTITY>
        <COMPONENT LinkID="9" Class="NiTransformationComponent" Name="Transformation">
            <PROPERTY Class="Point3" Name="Translation">-1405.1510009765625000, 162.9842071533203100, 162.6978912353515600</PROPERTY>
            <PROPERTY Class="Matrix3" Name="Rotation">
                <ROW>1.0000000000000000, 0.0000000000000000, 0.0000000000000000</ROW>
                <ROW>0.0000000000000000, 1.0000000000000000, 0.0000000000000000</ROW>
                <ROW>0.0000000000000000, 0.0000000000000000, 1.0000000000000000</ROW>
            </PROPERTY>
            <PROPERTY Class="Float" Name="Scale">0.8139410018920898</PROPERTY>
        </COMPONENT>
        <COMPONENT LinkID="10" Class="NiSceneGraphComponent" Name="Scene Graph" MasterLinkID="3" />
        <COMPONENT LinkID="11" Class="NiGeneralComponent" Name="Hide Object" TemplateID="f6,46,16,db,61,92,23,47,b5,4a,da,2d,42,d7,85,b9" MasterLinkID="4">
            <PROPERTY Class="Float" Name="Alpha Value" SemanticType="Float" DisplayName="Alpha Value" Description="">0.4000000059604645</PROPERTY>
            <PROPERTY Class="Boolean" Name="Alpha Enable" SemanticType="Boolean" DisplayName="Alpha Enable" Description="">TRUE</PROPERTY>
        </COMPONENT>
        <ENTITY LinkID="12" Class="NiGeneralEntity" Name="Nature_Bgrass2001_01 02" Type="Object" UsePhysX="FALSE" PostfixTexture="" Optimization="1" AlphaGroup="1" RandomAni="TRUE" TemplateID="cc,1d,f3,e5,41,8d,20,40,ad,9a,93,3b,c2,a9,52,e0" MasterLinkID="1">
            <COMPONENT RefLinkID="13" />
            <COMPONENT RefLinkID="14" />
            <COMPONENT RefLinkID="15" />
        </ENTITY>
        <COMPONENT LinkID="13" Class="NiTransformationComponent" Name="Transformation">
            <PROPERTY Class="Point3" Name="Translation">-1075.6433105468750000, 166.9639282226562500, 162.6982116699218700</PROPERTY>
            <PROPERTY Class="Matrix3" Name="Rotation">
                <ROW>0.9031196832656860, -0.4293890297412872, 0.0000000000000000</ROW>
                <ROW>0.4293890297412872, 0.9031196832656860, 0.0000000000000000</ROW>
                <ROW>0.0000000000000000, 0.0000000000000000, 1.0000000000000000</ROW>
            </PROPERTY>
            <PROPERTY Class="Float" Name="Scale">0.8139410018920898</PROPERTY>
        </COMPONENT>
        <COMPONENT LinkID="14" Class="NiSceneGraphComponent" Name="Scene Graph" MasterLinkID="3" />
        <COMPONENT LinkID="15" Class="NiGeneralComponent" Name="Hide Object" TemplateID="f6,46,16,db,61,92,23,47,b5,4a,da,2d,42,d7,85,b9" MasterLinkID="4">
            <PROPERTY Class="Float" Name="Alpha Value" SemanticType="Float" DisplayName="Alpha Value" Description="">0.4000000059604645</PROPERTY>
            <PROPERTY Class="Boolean" Name="Alpha Enable" SemanticType="Boolean" DisplayName="Alpha Enable" Description="">TRUE</PROPERTY>
        </COMPONENT>
        <ENTITY LinkID="16" Class="NiGeneralEntity" Name="Nature_Bgrass2001_01 03" Type="Object" UsePhysX="FALSE" PostfixTexture="" Optimization="1" AlphaGroup="1" RandomAni="TRUE" TemplateID="cc,1d,f3,e5,41,8d,20,40,ad,9a,93,3b,c2,a9,52,e0" MasterLinkID="1">
            <COMPONENT RefLinkID="17" />
            <COMPONENT RefLinkID="18" />
            <COMPONENT RefLinkID="19" />
        </ENTITY>
        <COMPONENT LinkID="17" Class="NiTransformationComponent" Name="Transformation">
            <PROPERTY Class="Point3" Name="Translation">-2689.9521484375000000, 358.9149780273437500, 384.1369628906250000</PROPERTY>
            <PROPERTY Class="Matrix3" Name="Rotation">
                <ROW>0.9276432991027832, 0.3734672069549561, 0.0000000000000000</ROW>
                <ROW>-0.3729983866214752, 0.9264788031578064, -0.0500903241336346</ROW>
                <ROW>-0.0187070928514004, 0.0464659519493580, 0.9987446665763855</ROW>
            </PROPERTY>
            <PROPERTY Class="Float" Name="Scale">0.6218482851982117</PROPERTY>
        </COMPONENT>
        <COMPONENT LinkID="18" Class="NiSceneGraphComponent" Name="Scene Graph" MasterLinkID="3" />
        <COMPONENT LinkID="19" Class="NiGeneralComponent" Name="Hide Object" TemplateID="f6,46,16,db,61,92,23,47,b5,4a,da,2d,42,d7,85,b9" MasterLinkID="4">
            <PROPERTY Class="Float" Name="Alpha Value" SemanticType="Float" DisplayName="Alpha Value" Description="">0.4000000059604645</PROPERTY>
            <PROPERTY Class="Boolean" Name="Alpha Enable" SemanticType="Boolean" DisplayName="Alpha Enable" Description="">TRUE</PROPERTY>
        </COMPONENT>
        <ENTITY LinkID="20" Class="NiGeneralEntity" Name="Nature_Bgrass2001_01 05" Type="Object" UsePhysX="FALSE" PostfixTexture="" Optimization="1" AlphaGroup="1" RandomAni="TRUE" TemplateID="cc,1d,f3,e5,41,8d,20,40,ad,9a,93,3b,c2,a9,52,e0" MasterLinkID="1">
            <COMPONENT RefLinkID="21" />
            <COMPONENT RefLinkID="22" />
            <COMPONENT RefLinkID="23" />
        </ENTITY>
        <COMPONENT LinkID="21" Class="NiTransformationComponent" Name="Transformation">
            <PROPERTY Class="Point3" Name="Translation">-1105.0573730468750000, 611.0567016601562500, 297.4986572265625000</PROPERTY>
            <PROPERTY Class="Matrix3" Name="Rotation">
                <ROW>1.0000000000000000, 0.0000000000000000, 0.0000000000000000</ROW>
                <ROW>0.0000000000000000, 1.0000000000000000, 0.0000000000000000</ROW>
                <ROW>0.0000000000000000, 0.0000000000000000, 1.0000000000000000</ROW>
            </PROPERTY>
            <PROPERTY Class="Float" Name="Scale">0.8139410018920898</PROPERTY>
        </COMPONENT>
        <COMPONENT LinkID="22" Class="NiSceneGraphComponent" Name="Scene Graph" MasterLinkID="3" />
        <COMPONENT LinkID="23" Class="NiGeneralComponent" Name="Hide Object" TemplateID="f6,46,16,db,61,92,23,47,b5,4a,da,2d,42,d7,85,b9" MasterLinkID="4">
            <PROPERTY Class="Float" Name="Alpha Value" SemanticType="Float" DisplayName="Alpha Value" Description="">0.4000000059604645</PROPERTY>
            <PROPERTY Class="Boolean" Name="Alpha Enable" SemanticType="Boolean" DisplayName="Alpha Enable" Description="">TRUE</PROPERTY>
        </COMPONENT>
        <ENTITY LinkID="24" Class="NiGeneralEntity" Name="Nature_Bgrass2001_01 06" Type="Object" UsePhysX="FALSE" PostfixTexture="" Optimization="1" AlphaGroup="1" RandomAni="TRUE" TemplateID="cc,1d,f3,e5,41,8d,20,40,ad,9a,93,3b,c2,a9,52,e0" MasterLinkID="1">
            <COMPONENT RefLinkID="25" />
            <COMPONENT RefLinkID="26" />
            <COMPONENT RefLinkID="27" />
        </ENTITY>
        <COMPONENT LinkID="25" Class="NiTransformationComponent" Name="Transformation">
            <PROPERTY Class="Point3" Name="Translation">-1136.7569580078125000, 748.6220092773437500, 280.2723388671875000</PROPERTY>
            <PROPERTY Class="Matrix3" Name="Rotation">
                <ROW>1.0000000000000000, 0.0000000000000000, 0.0000000000000000</ROW>
                <ROW>0.0000000000000000, 1.0000000000000000, 0.0000000000000000</ROW>
                <ROW>0.0000000000000000, 0.0000000000000000, 1.0000000000000000</ROW>
            </PROPERTY>
            <PROPERTY Class="Float" Name="Scale">0.8139410018920898</PROPERTY>
        </COMPONENT>
        <COMPONENT LinkID="26" Class="NiSceneGraphComponent" Name="Scene Graph" MasterLinkID="3" />
        <COMPONENT LinkID="27" Class="NiGeneralComponent" Name="Hide Object" TemplateID="f6,46,16,db,61,92,23,47,b5,4a,da,2d,42,d7,85,b9" MasterLinkID="4">
            <PROPERTY Class="Float" Name="Alpha Value" SemanticType="Float" DisplayName="Alpha Value" Description="">0.4000000059604645</PROPERTY>
        </COMPONENT>
        <ENTITY LinkID="28" Class="NiGeneralEntity" Name="Nature_Bgrass2001_01 07" Type="Object" UsePhysX="FALSE" PostfixTexture="" Optimization="1" AlphaGroup="1" RandomAni="TRUE" TemplateID="cc,1d,f3,e5,41,8d,20,40,ad,9a,93,3b,c2,a9,52,e0" MasterLinkID="1">
            <COMPONENT RefLinkID="29" />
            <COMPONENT RefLinkID="30" />
            <COMPONENT RefLinkID="31" />
        </ENTITY>
        <COMPONENT LinkID="29" Class="NiTransformationComponent" Name="Transformation">
            <PROPERTY Class="Point3" Name="Translation">-84.0343475341796880, 514.1571655273437500, 359.6467895507812500</PROPERTY>
            <PROPERTY Class="Matrix3" Name="Rotation">
                <ROW>1.0000000000000000, 0.0000000000000000, 0.0000000000000000</ROW>
                <ROW>0.0000000000000000, 1.0000000000000000, 0.0000000000000000</ROW>
                <ROW>0.0000000000000000, 0.0000000000000000, 1.0000000000000000</ROW>
            </PROPERTY>
            <PROPERTY Class="Float" Name="Scale">0.8139410018920898</PROPERTY>
        </COMPONENT>
        <COMPONENT LinkID="30" Class="NiSceneGraphComponent" Name="Scene Graph" MasterLinkID="3" />
        <COMPONENT LinkID="31" Class="NiGeneralComponent" Name="Hide Object" TemplateID="f6,46,16,db,61,92,23,47,b5,4a,da,2d,42,d7,85,b9" MasterLinkID="4">
            <PROPERTY Class="Float" Name="Alpha Value" SemanticType="Float" DisplayName="Alpha Value" Description="">0.4000000059604645</PROPERTY>
            <PROPERTY Class="Boolean" Name="Alpha Enable" SemanticType="Boolean" DisplayName="Alpha Enable" Description="">TRUE</PROPERTY>
        </COMPONENT>
        <ENTITY LinkID="32" Class="NiGeneralEntity" Name="Nature_Bgrass2001_01 08" Type="Object" UsePhysX="FALSE" PostfixTexture="" Optimization="1" AlphaGroup="1" RandomAni="TRUE" TemplateID="cc,1d,f3,e5,41,8d,20,40,ad,9a,93,3b,c2,a9,52,e0" MasterLinkID="1">
            <COMPONENT RefLinkID="33" />
            <COMPONENT RefLinkID="34" />
            <COMPONENT RefLinkID="35" />
        </ENTITY>
        <COMPONENT LinkID="33" Class="NiTransformationComponent" Name="Transformation">
            <PROPERTY Class="Point3" Name="Translation">207.5124969482421900, 427.8348693847656200, 359.6467895507812500</PROPERTY>
            <PROPERTY Class="Matrix3" Name="Rotation">
                <ROW>0.8488498330116272, 0.5286340713500977, 0.0000000000000000</ROW>
                <ROW>-0.5286340713500977, 0.8488498330116272, 0.0000000000000000</ROW>
                <ROW>0.0000000000000000, 0.0000000000000000, 1.0000000000000000</ROW>
            </PROPERTY>
            <PROPERTY Class="Float" Name="Scale">0.6617352366447449</PROPERTY>
        </COMPONENT>
        <COMPONENT LinkID="34" Class="NiSceneGraphComponent" Name="Scene Graph" MasterLinkID="3" />
        <COMPONENT LinkID="35" Class="NiGeneralComponent" Name="Hide Object" TemplateID="f6,46,16,db,61,92,23,47,b5,4a,da,2d,42,d7,85,b9" MasterLinkID="4">
            <PROPERTY Class="Float" Name="Alpha Value" SemanticType="Float" DisplayName="Alpha Value" Description="">0.4000000059604645</PROPERTY>
            <PROPERTY Class="Boolean" Name="Alpha Enable" SemanticType="Boolean" DisplayName="Alpha Enable" Description="">TRUE</PROPERTY>
        </COMPONENT>
        <ENTITY LinkID="36" Class="NiGeneralEntity" Name="Nature_Bgrass2001_01 09" Type="Object" UsePhysX="FALSE" PostfixTexture="" Optimization="1" AlphaGroup="1" RandomAni="TRUE" TemplateID="cc,1d,f3,e5,41,8d,20,40,ad,9a,93,3b,c2,a9,52,e0" MasterLinkID="1">
            <COMPONENT RefLinkID="37" />
            <COMPONENT RefLinkID="38" />
            <COMPONENT RefLinkID="39" />
        </ENTITY>
        <COMPONENT LinkID="37" Class="NiTransformationComponent" Name="Transformation">
            <PROPERTY Class="Point3" Name="Translation">98.0014190673828130, 648.9492797851562500, 359.6467895507812500</PROPERTY>
            <PROPERTY Class="Matrix3" Name="Rotation">
                <ROW>0.9997950196266174, 0.0202470123767853, 0.0000000000000000</ROW>
                <ROW>-0.0202470123767853, 0.9997950196266174, 0.0000000000000000</ROW>
                <ROW>0.0000000000000000, 0.0000000000000000, 1.0000000000000000</ROW>
            </PROPERTY>
            <PROPERTY Class="Float" Name="Scale">0.8870037794113159</PROPERTY>
        </COMPONENT>
        <COMPONENT LinkID="38" Class="NiSceneGraphComponent" Name="Scene Graph" MasterLinkID="3" />
        <COMPONENT LinkID="39" Class="NiGeneralComponent" Name="Hide Object" TemplateID="f6,46,16,db,61,92,23,47,b5,4a,da,2d,42,d7,85,b9" MasterLinkID="4">
            <PROPERTY Class="Float" Name="Alpha Value" SemanticType="Float" DisplayName="Alpha Value" Description="">0.4000000059604645</PROPERTY>
            <PROPERTY Class="Boolean" Name="Alpha Enable" SemanticType="Boolean" DisplayName="Alpha Enable" Description="">TRUE</PROPERTY>
        </COMPONENT>
        <ENTITY LinkID="40" Class="NiGeneralEntity" Name="Nature_Bgrass2001_01 10" Type="Object" UsePhysX="FALSE" PostfixTexture="" Optimization="1" AlphaGroup="1" RandomAni="TRUE" TemplateID="cc,1d,f3,e5,41,8d,20,40,ad,9a,93,3b,c2,a9,52,e0" MasterLinkID="1">
            <COMPONENT RefLinkID="41" />
            <COMPONENT RefLinkID="42" />
            <COMPONENT RefLinkID="43" />
        </ENTITY>
        <COMPONENT LinkID="41" Class="NiTransformationComponent" Name="Transformation">
            <PROPERTY Class="Point3" Name="Translation">820.9684448242187500, 441.5172729492187500, 359.6467895507812500</PROPERTY>
            <PROPERTY Class="Matrix3" Name="Rotation">
                <ROW>0.9997950196266174, 0.0202470123767853, 0.0000000000000000</ROW>
                <ROW>-0.0202470123767853, 0.9997950196266174, 0.0000000000000000</ROW>
                <ROW>0.0000000000000000, 0.0000000000000000, 1.0000000000000000</ROW>
            </PROPERTY>
            <PROPERTY Class="Float" Name="Scale">0.9634477496147156</PROPERTY>
        </COMPONENT>
        <COMPONENT LinkID="42" Class="NiSceneGraphComponent" Name="Scene Graph" MasterLinkID="3" />
        <COMPONENT LinkID="43" Class="NiGeneralComponent" Name="Hide Object" TemplateID="f6,46,16,db,61,92,23,47,b5,4a,da,2d,42,d7,85,b9" MasterLinkID="4">
            <PROPERTY Class="Float" Name="Alpha Value" SemanticType="Float" DisplayName="Alpha Value" Description="">0.4000000059604645</PROPERTY>
            <PROPERTY Class="Boolean" Name="Alpha Enable" SemanticType="Boolean" DisplayName="Alpha Enable" Description="">TRUE</PROPERTY>
        </COMPONENT>
        <ENTITY LinkID="44" Class="NiGeneralEntity" Name="Nature_Bgrass2001_01 11" Type="Object" UsePhysX="FALSE" PostfixTexture="" Optimization="1" AlphaGroup="1" RandomAni="TRUE" TemplateID="cc,1d,f3,e5,41,8d,20,40,ad,9a,93,3b,c2,a9,52,e0" MasterLinkID="1">
            <COMPONENT RefLinkID="45" />
            <COMPONENT RefLinkID="46" />
            <COMPONENT RefLinkID="47" />
        </ENTITY>
        <COMPONENT LinkID="45" Class="NiTransformationComponent" Name="Transformation">
            <PROPERTY Class="Point3" Name="Translation">1552.7745361328125000, 494.3426818847656200, 359.6467895507812500</PROPERTY>
            <PROPERTY Class="Matrix3" Name="Rotation">
                <ROW>0.9997950196266174, 0.0202470123767853, 0.0000000000000000</ROW>
                <ROW>-0.0202470123767853, 0.9997950196266174, 0.0000000000000000</ROW>
                <ROW>0.0000000000000000, 0.0000000000000000, 1.0000000000000000</ROW>
            </PROPERTY>
            <PROPERTY Class="Float" Name="Scale">0.9634477496147156</PROPERTY>
        </COMPONENT>
        <COMPONENT LinkID="46" Class="NiSceneGraphComponent" Name="Scene Graph" MasterLinkID="3" />
        <COMPONENT LinkID="47" Class="NiGeneralComponent" Name="Hide Object" TemplateID="f6,46,16,db,61,92,23,47,b5,4a,da,2d,42,d7,85,b9" MasterLinkID="4">
            <PROPERTY Class="Float" Name="Alpha Value" SemanticType="Float" DisplayName="Alpha Value" Description="">0.4000000059604645</PROPERTY>
            <PROPERTY Class="Boolean" Name="Alpha Enable" SemanticType="Boolean" DisplayName="Alpha Enable" Description="">TRUE</PROPERTY>
        </COMPONENT>
        <ENTITY LinkID="48" Class="NiGeneralEntity" Name="Nature_Bgrass2001_01 12" Type="Object" UsePhysX="FALSE" PostfixTexture="" Optimization="1" AlphaGroup="1" RandomAni="TRUE" TemplateID="cc,1d,f3,e5,41,8d,20,40,ad,9a,93,3b,c2,a9,52,e0" MasterLinkID="1">
            <COMPONENT RefLinkID="49" />
            <COMPONENT RefLinkID="50" />
            <COMPONENT RefLinkID="51" />
        </ENTITY>
        <COMPONENT LinkID="49" Class="NiTransformationComponent" Name="Transformation">
            <PROPERTY Class="Point3" Name="Translation">-861.1092529296875000, 180.2295684814453100, 159.0927429199218700</PROPERTY>
            <PROPERTY Class="Matrix3" Name="Rotation">
                <ROW>1.0000000000000000, 0.0000000000000000, 0.0000000000000000</ROW>
                <ROW>0.0000000000000000, 1.0000000000000000, 0.0000000000000000</ROW>
                <ROW>0.0000000000000000, 0.0000000000000000, 1.0000000000000000</ROW>
            </PROPERTY>
            <PROPERTY Class="Float" Name="Scale">0.7627571225166321</PROPERTY>
        </COMPONENT>
        <COMPONENT LinkID="50" Class="NiSceneGraphComponent" Name="Scene Graph" MasterLinkID="3" />
        <COMPONENT LinkID="51" Class="NiGeneralComponent" Name="Hide Object" TemplateID="f6,46,16,db,61,92,23,47,b5,4a,da,2d,42,d7,85,b9" MasterLinkID="4">
            <PROPERTY Class="Float" Name="Alpha Value" SemanticType="Float" DisplayName="Alpha Value" Description="">0.4000000059604645</PROPERTY>
            <PROPERTY Class="Boolean" Name="Alpha Enable" SemanticType="Boolean" DisplayName="Alpha Enable" Description="">TRUE</PROPERTY>
        </COMPONENT>
        <ENTITY LinkID="52" Class="NiGeneralEntity" Name="Nature_Tree1003_01 02" Type="Object" UsePhysX="FALSE" PostfixTexture="_T03" Optimization="0" AlphaGroup="1" RandomAni="TRUE" TemplateID="57,d,91,8f,db,62,d2,40,bf,86,7d,fc,56,91,ce,74" MasterLinkID="53">
            <COMPONENT RefLinkID="58" />
            <COMPONENT RefLinkID="59" />
            <COMPONENT RefLinkID="60" />
            <COMPONENT RefLinkID="61" />
        </ENTITY>
        <ENTITY LinkID="53" Class="NiGeneralEntity" Name="[Object]Tree.Nature_Tree1003_01" TemplateID="db,44,cf,5b,89,3e,7a,44,8a,d0,50,83,7f,87,9d,a0">
            <COMPONENT RefLinkID="54" />
            <COMPONENT RefLinkID="55" />
            <COMPONENT RefLinkID="56" />
            <COMPONENT RefLinkID="57" />
        </ENTITY>
        <COMPONENT LinkID="54" Class="NiTransformationComponent" Name="Transformation">
            <PROPERTY Class="Point3" Name="Translation">0.0000000000000000, 0.0000000000000000, 0.0000000000000000</PROPERTY>
            <PROPERTY Class="Matrix3" Name="Rotation">
                <ROW>1.0000000000000000, 0.0000000000000000, 0.0000000000000000</ROW>
                <ROW>0.0000000000000000, 1.0000000000000000, 0.0000000000000000</ROW>
                <ROW>0.0000000000000000, 0.0000000000000000, 1.0000000000000000</ROW>
            </PROPERTY>
            <PROPERTY Class="Float" Name="Scale">1.0000000000000000</PROPERTY>
        </COMPONENT>
        <COMPONENT LinkID="55" Class="NiSceneGraphComponent" Name="Scene Graph">
            <PROPERTY Class="String" Name="NIF File Path" Asset="TRUE">.\..\..\00_Object\Tree\Nature_Tree1003_01.nif</PROPERTY>
        </COMPONENT>
        <COMPONENT LinkID="56" Class="NiGeneralComponent" Name="Animation Object" TemplateID="c5,83,7b,6f,ea,53,7d,45,95,5a,2e,ab,38,28,a5,76">
            <PROPERTY Class="Float" Name="Phase" SemanticType="Float" DisplayName="Phase" Description="">-1000.0000000000000000</PROPERTY>
        </COMPONENT>
        <COMPONENT LinkID="57" Class="NiGeneralComponent" Name="Hide Object" TemplateID="f6,46,16,db,61,92,23,47,b5,4a,da,2d,42,d7,85,b9">
            <PROPERTY Class="Float" Name="Alpha Value" SemanticType="Float" DisplayName="Alpha Value" Description="">0.4000000059604645</PROPERTY>
            <PROPERTY Class="Boolean" Name="Alpha Enable" SemanticType="Boolean" DisplayName="Alpha Enable" Description="">FALSE</PROPERTY>
            <PROPERTY Class="Boolean" Name="Hide Object" SemanticType="Boolean" DisplayName="Hide Object" Description="">FALSE</PROPERTY>
        </COMPONENT>
        <COMPONENT LinkID="58" Class="NiTransformationComponent" Name="Transformation">
            <PROPERTY Class="Point3" Name="Translation">-1132.5330810546875000, 699.9716796875000000, 285.3251342773437500</PROPERTY>
            <PROPERTY Class="Matrix3" Name="Rotation">
                <ROW>0.8739405274391174, 0.4860169291496277, -0.0039401771500707</ROW>
                <ROW>-0.4860120117664337, 0.8739494085311890, 0.0021911941003054</ROW>
                <ROW>0.0045084729790688, 0.0000000000000000, 0.9999898672103882</ROW>
            </PROPERTY>
            <PROPERTY Class="Float" Name="Scale">1.4996025562286377</PROPERTY>
        </COMPONENT>
        <COMPONENT LinkID="59" Class="NiSceneGraphComponent" Name="Scene Graph" MasterLinkID="55" />
        <COMPONENT LinkID="60" Class="NiGeneralComponent" Name="Animation Object" TemplateID="c5,83,7b,6f,ea,53,7d,45,95,5a,2e,ab,38,28,a5,76" MasterLinkID="56" />
        <COMPONENT LinkID="61" Class="NiGeneralComponent" Name="Hide Object" TemplateID="f6,46,16,db,61,92,23,47,b5,4a,da,2d,42,d7,85,b9" MasterLinkID="57" />
        <ENTITY LinkID="62" Class="NiGeneralEntity" Name="Nature_Tree1003_01 03" Type="Object" UsePhysX="FALSE" PostfixTexture="_T03" Optimization="0" AlphaGroup="1" RandomAni="TRUE" TemplateID="57,d,91,8f,db,62,d2,40,bf,86,7d,fc,56,91,ce,74" MasterLinkID="53">
            <COMPONENT RefLinkID="63" />
            <COMPONENT RefLinkID="64" />
            <COMPONENT RefLinkID="65" />
            <COMPONENT RefLinkID="66" />
        </ENTITY>
        <COMPONENT LinkID="63" Class="NiTransformationComponent" Name="Transformation">
            <PROPERTY Class="Point3" Name="Translation">-764.2487182617187500, 677.9804687500000000, 358.0535888671875000</PROPERTY>
            <PROPERTY Class="Matrix3" Name="Rotation">
                <ROW>0.8698437809944153, 0.4834829270839691, 0.0980614647269249</ROW>
                <ROW>-0.4860120117664337, 0.8739494085311890, 0.0021911941003054</ROW>
                <ROW>-0.0846413522958755, -0.0495650433003902, 0.9951779842376709</ROW>
            </PROPERTY>
            <PROPERTY Class="Float" Name="Scale">1.7690796852111816</PROPERTY>
        </COMPONENT>
        <COMPONENT LinkID="64" Class="NiSceneGraphComponent" Name="Scene Graph" MasterLinkID="55" />
        <COMPONENT LinkID="65" Class="NiGeneralComponent" Name="Animation Object" TemplateID="c5,83,7b,6f,ea,53,7d,45,95,5a,2e,ab,38,28,a5,76" MasterLinkID="56" />
        <COMPONENT LinkID="66" Class="NiGeneralComponent" Name="Hide Object" TemplateID="f6,46,16,db,61,92,23,47,b5,4a,da,2d,42,d7,85,b9" MasterLinkID="57" />
        <ENTITY LinkID="67" Class="NiGeneralEntity" Name="Nature_Bgrass2001_01 15" Type="Object" UsePhysX="FALSE" PostfixTexture="" Optimization="1" AlphaGroup="1" RandomAni="TRUE" TemplateID="cc,1d,f3,e5,41,8d,20,40,ad,9a,93,3b,c2,a9,52,e0" MasterLinkID="1">
            <COMPONENT RefLinkID="68" />
            <COMPONENT RefLinkID="69" />
            <COMPONENT RefLinkID="70" />
        </ENTITY>
        <COMPONENT LinkID="68" Class="NiTransformationComponent" Name="Transformation">
            <PROPERTY Class="Point3" Name="Translation">1911.7703857421875000, 65.1575012207031250, 90.6224517822265620</PROPERTY>
            <PROPERTY Class="Matrix3" Name="Rotation">
                <ROW>0.9867632985115051, 0.1621672958135605, 0.0000000000000000</ROW>
                <ROW>-0.1621672958135605, 0.9867632985115051, 0.0000000000000000</ROW>
                <ROW>0.0000000000000000, 0.0000000000000000, 1.0000000000000000</ROW>
            </PROPERTY>
            <PROPERTY Class="Float" Name="Scale">0.6475330591201782</PROPERTY>
        </COMPONENT>
        <COMPONENT LinkID="69" Class="NiSceneGraphComponent" Name="Scene Graph" MasterLinkID="3" />
        <COMPONENT LinkID="70" Class="NiGeneralComponent" Name="Hide Object" TemplateID="f6,46,16,db,61,92,23,47,b5,4a,da,2d,42,d7,85,b9" MasterLinkID="4">
            <PROPERTY Class="Float" Name="Alpha Value" SemanticType="Float" DisplayName="Alpha Value" Description="">0.4000000059604645</PROPERTY>
            <PROPERTY Class="Boolean" Name="Alpha Enable" SemanticType="Boolean" DisplayName="Alpha Enable" Description="">TRUE</PROPERTY>
        </COMPONENT>
        <ENTITY LinkID="71" Class="NiGeneralEntity" Name="Nature_Bgrass2001_01 16" Type="Object" UsePhysX="FALSE" PostfixTexture="" Optimization="1" AlphaGroup="1" RandomAni="TRUE" TemplateID="cc,1d,f3,e5,41,8d,20,40,ad,9a,93,3b,c2,a9,52,e0" MasterLinkID="1">
            <COMPONENT RefLinkID="72" />
            <COMPONENT RefLinkID="73" />
            <COMPONENT RefLinkID="74" />
        </ENTITY>
        <COMPONENT LinkID="72" Class="NiTransformationComponent" Name="Transformation">
            <PROPERTY Class="Point3" Name="Translation">2168.2473144531250000, 37.9686737060546880, 90.6224288940429690</PROPERTY>
            <PROPERTY Class="Matrix3" Name="Rotation">
                <ROW>0.9867632985115051, 0.1621672958135605, 0.0000000000000000</ROW>
                <ROW>-0.1621672958135605, 0.9867632985115051, 0.0000000000000000</ROW>
                <ROW>0.0000000000000000, 0.0000000000000000, 1.0000000000000000</ROW>
            </PROPERTY>
            <PROPERTY Class="Float" Name="Scale">0.5725626945495606</PROPERTY>
        </COMPONENT>
        <COMPONENT LinkID="73" Class="NiSceneGraphComponent" Name="Scene Graph" MasterLinkID="3" />
        <COMPONENT LinkID="74" Class="NiGeneralComponent" Name="Hide Object" TemplateID="f6,46,16,db,61,92,23,47,b5,4a,da,2d,42,d7,85,b9" MasterLinkID="4">
            <PROPERTY Class="Boolean" Name="Alpha Enable" SemanticType="Boolean" DisplayName="Alpha Enable" Description="">TRUE</PROPERTY>
        </COMPONENT>
        <ENTITY LinkID="75" Class="NiGeneralEntity" Name="Nature_Bgrass2001_01 17" Type="Object" UsePhysX="FALSE" PostfixTexture="" Optimization="1" AlphaGroup="1" RandomAni="TRUE" TemplateID="cc,1d,f3,e5,41,8d,20,40,ad,9a,93,3b,c2,a9,52,e0" MasterLinkID="1">
            <COMPONENT RefLinkID="76" />
            <COMPONENT RefLinkID="77" />
            <COMPONENT RefLinkID="78" />
        </ENTITY>
        <COMPONENT LinkID="76" Class="NiTransformationComponent" Name="Transformation">
            <PROPERTY Class="Point3" Name="Translation">3308.1027832031250000, 178.0827636718750000, 92.6981277465820310</PROPERTY>
            <PROPERTY Class="Matrix3" Name="Rotation">
                <ROW>0.9079987406730652, -0.4189729690551758, 0.0000000000000000</ROW>
                <ROW>0.4189729690551758, 0.9079987406730652, 0.0000000000000000</ROW>
                <ROW>0.0000000000000000, 0.0000000000000000, 1.0000000000000000</ROW>
            </PROPERTY>
            <PROPERTY Class="Float" Name="Scale">0.8139410018920898</PROPERTY>
        </COMPONENT>
        <COMPONENT LinkID="77" Class="NiSceneGraphComponent" Name="Scene Graph" MasterLinkID="3" />
        <COMPONENT LinkID="78" Class="NiGeneralComponent" Name="Hide Object" TemplateID="f6,46,16,db,61,92,23,47,b5,4a,da,2d,42,d7,85,b9" MasterLinkID="4">
            <PROPERTY Class="Boolean" Name="Alpha Enable" SemanticType="Boolean" DisplayName="Alpha Enable" Description="">TRUE</PROPERTY>
        </COMPONENT>
        <ENTITY LinkID="79" Class="NiGeneralEntity" Name="Nature_Bgrass2001_01 18" Type="Object" UsePhysX="FALSE" PostfixTexture="" Optimization="1" AlphaGroup="1" RandomAni="TRUE" TemplateID="cc,1d,f3,e5,41,8d,20,40,ad,9a,93,3b,c2,a9,52,e0" MasterLinkID="1">
            <COMPONENT RefLinkID="80" />
            <COMPONENT RefLinkID="81" />
            <COMPONENT RefLinkID="82" />
        </ENTITY>
        <COMPONENT LinkID="80" Class="NiTransformationComponent" Name="Transformation">
            <PROPERTY Class="Point3" Name="Translation">3801.4780273437500000, 163.6540527343750000, 92.6979980468750000</PROPERTY>
            <PROPERTY Class="Matrix3" Name="Rotation">
                <ROW>0.9079987406730652, -0.4189729690551758, 0.0000000000000000</ROW>
                <ROW>0.4189729690551758, 0.9079987406730652, 0.0000000000000000</ROW>
                <ROW>0.0000000000000000, 0.0000000000000000, 1.0000000000000000</ROW>
            </PROPERTY>
            <PROPERTY Class="Float" Name="Scale">1.0405019521713257</PROPERTY>
        </COMPONENT>
        <COMPONENT LinkID="81" Class="NiSceneGraphComponent" Name="Scene Graph" MasterLinkID="3" />
        <COMPONENT LinkID="82" Class="NiGeneralComponent" Name="Hide Object" TemplateID="f6,46,16,db,61,92,23,47,b5,4a,da,2d,42,d7,85,b9" MasterLinkID="4">
            <PROPERTY Class="Boolean" Name="Alpha Enable" SemanticType="Boolean" DisplayName="Alpha Enable" Description="">TRUE</PROPERTY>
        </COMPONENT>
        <ENTITY LinkID="83" Class="NiGeneralEntity" Name="Nature_Flower3001_02 01" Type="Object" UsePhysX="FALSE" PostfixTexture="" Optimization="1" AlphaGroup="1" RandomAni="TRUE" TemplateID="58,65,21,7e,f6,28,4b,4c,98,69,51,cf,59,12,5a,af" MasterLinkID="84">
            <COMPONENT RefLinkID="88" />
            <COMPONENT RefLinkID="89" />
            <COMPONENT RefLinkID="90" />
        </ENTITY>
        <ENTITY LinkID="84" Class="NiGeneralEntity" Name="[Object]Flower.Nature_Flower3001_02" TemplateID="58,65,21,7e,f6,28,4b,4c,98,69,51,cf,59,12,5a,af">
            <COMPONENT RefLinkID="85" />
            <COMPONENT RefLinkID="86" />
            <COMPONENT RefLinkID="87" />
        </ENTITY>
        <COMPONENT LinkID="85" Class="NiTransformationComponent" Name="Transformation">
            <PROPERTY Class="Point3" Name="Translation">0.0000000000000000, 0.0000000000000000, 0.0000000000000000</PROPERTY>
            <PROPERTY Class="Matrix3" Name="Rotation">
                <ROW>1.0000000000000000, 0.0000000000000000, 0.0000000000000000</ROW>
                <ROW>0.0000000000000000, 1.0000000000000000, 0.0000000000000000</ROW>
                <ROW>0.0000000000000000, 0.0000000000000000, 1.0000000000000000</ROW>
            </PROPERTY>
            <PROPERTY Class="Float" Name="Scale">1.0000000000000000</PROPERTY>
        </COMPONENT>
        <COMPONENT LinkID="86" Class="NiSceneGraphComponent" Name="Scene Graph">
            <PROPERTY Class="String" Name="NIF File Path" Asset="TRUE">.\..\..\00_Object\Flower\Nature_Flower3001_02.nif</PROPERTY>
        </COMPONENT>
        <COMPONENT LinkID="87" Class="NiGeneralComponent" Name="Hide Object" TemplateID="f6,46,16,db,61,92,23,47,b5,4a,da,2d,42,d7,85,b9">
            <PROPERTY Class="Float" Name="Alpha Value" SemanticType="Float" DisplayName="Alpha Value" Description="">0.4000000059604645</PROPERTY>
            <PROPERTY Class="Boolean" Name="Alpha Enable" SemanticType="Boolean" DisplayName="Alpha Enable" Description="">FALSE</PROPERTY>
            <PROPERTY Class="Boolean" Name="Hide Object" SemanticType="Boolean" DisplayName="Hide Object" Description="">FALSE</PROPERTY>
        </COMPONENT>
        <COMPONENT LinkID="88" Class="NiTransformationComponent" Name="Transformation">
            <PROPERTY Class="Point3" Name="Translation">-1343.0935058593750000, 115.0235748291015600, 162.6981353759765600</PROPERTY>
            <PROPERTY Class="Matrix3" Name="Rotation">
                <ROW>0.9760859012603760, -0.2173852026462555, 0.0000000000000000</ROW>
                <ROW>0.2173852026462555, 0.9760859012603760, 0.0000000000000000</ROW>
                <ROW>0.0000000000000000, 0.0000000000000000, 1.0000000000000000</ROW>
            </PROPERTY>
            <PROPERTY Class="Float" Name="Scale">1.0000000000000000</PROPERTY>
        </COMPONENT>
        <COMPONENT LinkID="89" Class="NiSceneGraphComponent" Name="Scene Graph" MasterLinkID="86" />
        <COMPONENT LinkID="90" Class="NiGeneralComponent" Name="Hide Object" TemplateID="f6,46,16,db,61,92,23,47,b5,4a,da,2d,42,d7,85,b9" MasterLinkID="87" />
        <ENTITY LinkID="91" Class="NiGeneralEntity" Name="Nature_Flower3001_02 02" Type="Object" UsePhysX="FALSE" PostfixTexture="" Optimization="1" AlphaGroup="1" RandomAni="TRUE" TemplateID="58,65,21,7e,f6,28,4b,4c,98,69,51,cf,59,12,5a,af" MasterLinkID="84">
            <COMPONENT RefLinkID="92" />
            <COMPONENT RefLinkID="93" />
            <COMPONENT RefLinkID="94" />
        </ENTITY>
        <COMPONENT LinkID="92" Class="NiTransformationComponent" Name="Transformation">
            <PROPERTY Class="Point3" Name="Translation">-2894.4582519531250000, 93.7968063354492190, 377.9748535156250000</PROPERTY>
            <PROPERTY Class="Matrix3" Name="Rotation">
                <ROW>0.9849793910980225, 0.1726717948913574, 0.0000000000000000</ROW>
                <ROW>-0.1726717948913574, 0.9849793910980225, 0.0000000000000000</ROW>
                <ROW>0.0000000000000000, 0.0000000000000000, 1.0000000000000000</ROW>
            </PROPERTY>
            <PROPERTY Class="Float" Name="Scale">0.8483650088310242</PROPERTY>
        </COMPONENT>
        <COMPONENT LinkID="93" Class="NiSceneGraphComponent" Name="Scene Graph" MasterLinkID="86" />
        <COMPONENT LinkID="94" Class="NiGeneralComponent" Name="Hide Object" TemplateID="f6,46,16,db,61,92,23,47,b5,4a,da,2d,42,d7,85,b9" MasterLinkID="87" />
        <ENTITY LinkID="95" Class="NiGeneralEntity" Name="Nature_Flower3001_02 03" Type="Object" UsePhysX="FALSE" PostfixTexture="" Optimization="1" AlphaGroup="1" RandomAni="TRUE" TemplateID="58,65,21,7e,f6,28,4b,4c,98,69,51,cf,59,12,5a,af" MasterLinkID="84">
            <COMPONENT RefLinkID="96" />
            <COMPONENT RefLinkID="97" />
            <COMPONENT RefLinkID="98" />
        </ENTITY>
        <COMPONENT LinkID="96" Class="NiTransformationComponent" Name="Transformation">
            <PROPERTY Class="Point3" Name="Translation">-1587.9223632812500000, 463.9984130859375000, 282.9984436035156200</PROPERTY>
            <PROPERTY Class="Matrix3" Name="Rotation">
                <ROW>0.8481058478355408, -0.5298267602920532, 0.0000000000000000</ROW>
                <ROW>0.5298267602920532, 0.8481058478355408, 0.0000000000000000</ROW>
                <ROW>0.0000000000000000, 0.0000000000000000, 1.0000000000000000</ROW>
            </PROPERTY>
            <PROPERTY Class="Float" Name="Scale">1.0000000000000000</PROPERTY>
        </COMPONENT>
        <COMPONENT LinkID="97" Class="NiSceneGraphComponent" Name="Scene Graph" MasterLinkID="86" />
        <COMPONENT LinkID="98" Class="NiGeneralComponent" Name="Hide Object" TemplateID="f6,46,16,db,61,92,23,47,b5,4a,da,2d,42,d7,85,b9" MasterLinkID="87" />
        <ENTITY LinkID="99" Class="NiGeneralEntity" Name="Nature_Tree1003_01 01" Type="Object" UsePhysX="FALSE" PostfixTexture="_T03" Optimization="1" AlphaGroup="1" RandomAni="TRUE" TemplateID="57,d,91,8f,db,62,d2,40,bf,86,7d,fc,56,91,ce,74" MasterLinkID="53">
            <COMPONENT RefLinkID="100" />
            <COMPONENT RefLinkID="101" />
            <COMPONENT RefLinkID="102" />
            <COMPONENT RefLinkID="103" />
        </ENTITY>
        <COMPONENT LinkID="100" Class="NiTransformationComponent" Name="Transformation">
            <PROPERTY Class="Point3" Name="Translation">-1485.4416503906250000, 695.3746948242187500, 285.3915100097656300</PROPERTY>
            <PROPERTY Class="Matrix3" Name="Rotation">
                <ROW>0.9824683666229248, 0.0000000000000000, 0.1864296495914459</ROW>
                <ROW>0.0000000000000000, 1.0000000000000000, 0.0000000000000000</ROW>
                <ROW>-0.1864296495914459, 0.0000000000000000, 0.9824683666229248</ROW>
            </PROPERTY>
            <PROPERTY Class="Float" Name="Scale">1.4636276960372925</PROPERTY>
        </COMPONENT>
        <COMPONENT LinkID="101" Class="NiSceneGraphComponent" Name="Scene Graph" MasterLinkID="55" />
        <COMPONENT LinkID="102" Class="NiGeneralComponent" Name="Animation Object" TemplateID="c5,83,7b,6f,ea,53,7d,45,95,5a,2e,ab,38,28,a5,76" MasterLinkID="56" />
