<?xml version="1.0" ?>
<GSA Major="1" Minor="0" Patch="0">
    <PALETTES_DIRECTORY>
        <PALETTE_DIR IDX="0" DIRECTORY=".\..\..\..\..\..\ToolBin\SceneDesigner\Release\Data\" />
        <PALETTE_DIR IDX="1" DIRECTORY=".\..\..\Palettes\" />
    </PALETTES_DIRECTORY>
    <PALETTES>
        <PALETTE NAME="Default" DIR_IDX="0" />
        <PALETTE NAME="General" DIR_IDX="1" />
        <PALETTE NAME="Block" DIR_IDX="1" />
        <PALETTE NAME="Object" DIR_IDX="1" />
        <PALETTE NAME="Effect" DIR_IDX="1" />
    </PALETTES>
    <OBJECTS>
        <ENTITY LinkID="0" Class="NiGeneralEntity" Name="Nature_Tree1002_01 01_i 03" Type="Object" UsePhysX="FALSE" PostfixTexture="_T05" Optimization="0" AlphaGroup="1" RandomAni="FALSE" TemplateID="3f,97,c0,dd,de,f6,bb,4a,8c,a3,26,a8,77,1e,b4,e3" MasterLinkID="1">
            <COMPONENT RefLinkID="6" />
            <COMPONENT RefLinkID="7" />
            <COMPONENT RefLinkID="8" />
            <COMPONENT RefLinkID="9" />
        </ENTITY>
        <ENTITY LinkID="1" Class="NiGeneralEntity" Name="[Object]Tree.Nature_Tree1002_01" TemplateID="3f,97,c0,dd,de,f6,bb,4a,8c,a3,26,a8,77,1e,b4,e3">
            <COMPONENT RefLinkID="2" />
            <COMPONENT RefLinkID="3" />
            <COMPONENT RefLinkID="4" />
            <COMPONENT RefLinkID="5" />
        </ENTITY>
        <COMPONENT LinkID="2" Class="NiTransformationComponent" Name="Transformation">
            <PROPERTY Class="Point3" Name="Translation">0.0000000000000000, 0.0000000000000000, 0.0000000000000000</PROPERTY>
            <PROPERTY Class="Matrix3" Name="Rotation">
                <ROW>1.0000000000000000, 0.0000000000000000, 0.0000000000000000</ROW>
                <ROW>0.0000000000000000, 1.0000000000000000, 0.0000000000000000</ROW>
                <ROW>0.0000000000000000, 0.0000000000000000, 1.0000000000000000</ROW>
            </PROPERTY>
            <PROPERTY Class="Float" Name="Scale">1.0000000000000000</PROPERTY>
        </COMPONENT>
        <COMPONENT LinkID="3" Class="NiSceneGraphComponent" Name="Scene Graph">
            <PROPERTY Class="String" Name="NIF File Path" Asset="TRUE">.\..\..\00_Object\Tree\Nature_Tree1002_01.nif</PROPERTY>
        </COMPONENT>
        <COMPONENT LinkID="4" Class="NiGeneralComponent" Name="Animation Object" TemplateID="c5,83,7b,6f,ea,53,7d,45,95,5a,2e,ab,38,28,a5,76">
            <PROPERTY Class="Float" Name="Phase" SemanticType="Float" DisplayName="Phase" Description="">-1000.0000000000000000</PROPERTY>
        </COMPONENT>
        <COMPONENT LinkID="5" Class="NiGeneralComponent" Name="Hide Object" TemplateID="f6,46,16,db,61,92,23,47,b5,4a,da,2d,42,d7,85,b9">
            <PROPERTY Class="Float" Name="Alpha Value" SemanticType="Float" DisplayName="Alpha Value" Description="">0.4000000059604645</PROPERTY>
            <PROPERTY Class="Boolean" Name="Alpha Enable" SemanticType="Boolean" DisplayName="Alpha Enable" Description="">FALSE</PROPERTY>
            <PROPERTY Class="Boolean" Name="Hide Object" SemanticType="Boolean" DisplayName="Hide Object" Description="">FALSE</PROPERTY>
        </COMPONENT>
        <COMPONENT LinkID="6" Class="NiTransformationComponent" Name="Transformation">
            <PROPERTY Class="Point3" Name="Translation">-1420.5042724609375000, 1237.7200927734375000, -1276.4555664062500000</PROPERTY>
            <PROPERTY Class="Matrix3" Name="Rotation">
                <ROW>-0.0172511953860521, 0.9346547722816467, 0.3551378250122070</ROW>
                <ROW>-0.9747849106788635, 0.0633120238780975, -0.2139762938022614</ROW>
                <ROW>-0.2224784493446350, -0.3498743474483490, 0.9099952578544617</ROW>
            </PROPERTY>
            <PROPERTY Class="Float" Name="Scale">0.7459819912910461</PROPERTY>
        </COMPONENT>
        <COMPONENT LinkID="7" Class="NiSceneGraphComponent" Name="Scene Graph" MasterLinkID="3" />
        <COMPONENT LinkID="8" Class="NiGeneralComponent" Name="Animation Object" TemplateID="c5,83,7b,6f,ea,53,7d,45,95,5a,2e,ab,38,28,a5,76" MasterLinkID="4" />
        <COMPONENT LinkID="9" Class="NiGeneralComponent" Name="Hide Object" TemplateID="f6,46,16,db,61,92,23,47,b5,4a,da,2d,42,d7,85,b9" MasterLinkID="5" />
        <ENTITY LinkID="10" Class="NiGeneralEntity" Name="Art_Skeleton2001_01 04" Type="Object" UsePhysX="FALSE" PostfixTexture="" Optimization="0" AlphaGroup="1" RandomAni="FALSE" TemplateID="79,ef,81,39,d4,8a,60,4f,b5,9a,ec,29,92,29,d4,40" MasterLinkID="11">
            <COMPONENT RefLinkID="15" />
            <COMPONENT RefLinkID="16" />
            <COMPONENT RefLinkID="17" />
        </ENTITY>
        <ENTITY LinkID="11" Class="NiGeneralEntity" Name="[Object]props.Art_Skeleton2001_01" TemplateID="79,ef,81,39,d4,8a,60,4f,b5,9a,ec,29,92,29,d4,40">
            <COMPONENT RefLinkID="12" />
            <COMPONENT RefLinkID="13" />
            <COMPONENT RefLinkID="14" />
        </ENTITY>
        <COMPONENT LinkID="12" Class="NiTransformationComponent" Name="Transformation">
            <PROPERTY Class="Point3" Name="Translation">0.0000000000000000, 0.0000000000000000, 0.0000000000000000</PROPERTY>
            <PROPERTY Class="Matrix3" Name="Rotation">
                <ROW>1.0000000000000000, 0.0000000000000000, 0.0000000000000000</ROW>
                <ROW>0.0000000000000000, 1.0000000000000000, 0.0000000000000000</ROW>
                <ROW>0.0000000000000000, 0.0000000000000000, 1.0000000000000000</ROW>
            </PROPERTY>
            <PROPERTY Class="Float" Name="Scale">1.0000000000000000</PROPERTY>
        </COMPONENT>
        <COMPONENT LinkID="13" Class="NiSceneGraphComponent" Name="Scene Graph">
            <PROPERTY Class="String" Name="NIF File Path" Asset="TRUE">.\..\..\00_Object\props\Art_Skeleton2001_01.nif</PROPERTY>
        </COMPONENT>
        <COMPONENT LinkID="14" Class="NiGeneralComponent" Name="Hide Object" TemplateID="f6,46,16,db,61,92,23,47,b5,4a,da,2d,42,d7,85,b9">
            <PROPERTY Class="Float" Name="Alpha Value" SemanticType="Float" DisplayName="Alpha Value" Description="">0.4000000059604645</PROPERTY>
            <PROPERTY Class="Boolean" Name="Alpha Enable" SemanticType="Boolean" DisplayName="Alpha Enable" Description="">FALSE</PROPERTY>
            <PROPERTY Class="Boolean" Name="Hide Object" SemanticType="Boolean" DisplayName="Hide Object" Description="">FALSE</PROPERTY>
        </COMPONENT>
        <COMPONENT LinkID="15" Class="NiTransformationComponent" Name="Transformation">
            <PROPERTY Class="Point3" Name="Translation">-2043.1248779296875000, 471.1937866210937500, -1357.2622070312500000</PROPERTY>
            <PROPERTY Class="Matrix3" Name="Rotation">
                <ROW>0.1896161586046219, -0.9818583726882935, 0.0000000000000000</ROW>
                <ROW>0.9818583726882935, 0.1896161586046219, 0.0000000000000000</ROW>
                <ROW>0.0000000000000000, 0.0000000000000000, 1.0000000000000000</ROW>
            </PROPERTY>
            <PROPERTY Class="Float" Name="Scale">0.7910050749778748</PROPERTY>
        </COMPONENT>
        <COMPONENT LinkID="16" Class="NiSceneGraphComponent" Name="Scene Graph" MasterLinkID="13" />
        <COMPONENT LinkID="17" Class="NiGeneralComponent" Name="Hide Object" TemplateID="f6,46,16,db,61,92,23,47,b5,4a,da,2d,42,d7,85,b9" MasterLinkID="14" />
        <ENTITY LinkID="18" Class="NiGeneralEntity" Name="Nature_Grass5001_01 81" Type="Object" UsePhysX="FALSE" PostfixTexture="" Optimization="0" AlphaGroup="1" RandomAni="FALSE" TemplateID="be,53,83,d6,d5,58,84,4b,be,b2,75,81,18,f1,43,2e" MasterLinkID="19">
            <COMPONENT RefLinkID="23" />
            <COMPONENT RefLinkID="24" />
            <COMPONENT RefLinkID="25" />
        </ENTITY>
        <ENTITY LinkID="19" Class="NiGeneralEntity" Name="[Object]Grass.Nature_Grass5001_01" TemplateID="be,53,83,d6,d5,58,84,4b,be,b2,75,81,18,f1,43,2e">
            <COMPONENT RefLinkID="20" />
            <COMPONENT RefLinkID="21" />
            <COMPONENT RefLinkID="22" />
        </ENTITY>
        <COMPONENT LinkID="20" Class="NiTransformationComponent" Name="Transformation">
            <PROPERTY Class="Point3" Name="Translation">0.0000000000000000, 0.0000000000000000, 0.0000000000000000</PROPERTY>
            <PROPERTY Class="Matrix3" Name="Rotation">
                <ROW>1.0000000000000000, 0.0000000000000000, 0.0000000000000000</ROW>
                <ROW>0.0000000000000000, 1.0000000000000000, 0.0000000000000000</ROW>
                <ROW>0.0000000000000000, 0.0000000000000000, 1.0000000000000000</ROW>
            </PROPERTY>
            <PROPERTY Class="Float" Name="Scale">1.0000000000000000</PROPERTY>
        </COMPONENT>
        <COMPONENT LinkID="21" Class="NiSceneGraphComponent" Name="Scene Graph">
            <PROPERTY Class="String" Name="NIF File Path" Asset="TRUE">.\..\..\00_Object\Grass\Nature_Grass5001_01.nif</PROPERTY>
        </COMPONENT>
        <COMPONENT LinkID="22" Class="NiGeneralComponent" Name="GlowMap" TemplateID="c,37,ef,c9,e6,13,8,4b,86,49,c3,29,48,1b,b2,c8">
            <PROPERTY Class="Boolean" Name="Enable" SemanticType="Boolean" DisplayName="Enable" Description="">FALSE</PROPERTY>
        </COMPONENT>
        <COMPONENT LinkID="23" Class="NiTransformationComponent" Name="Transformation">
            <PROPERTY Class="Point3" Name="Translation">-1716.3225097656250000, 101.8888015747070300, -1382.4321289062500000</PROPERTY>
            <PROPERTY Class="Matrix3" Name="Rotation">
                <ROW>0.8656907081604004, -0.5003128647804260, 0.0163255315274000</ROW>
                <ROW>0.4985499083995819, 0.8587892055511475, -0.1180209144949913</ROW>
                <ROW>0.0450271666049957, 0.1103087365627289, 0.9928768873214722</ROW>
            </PROPERTY>
            <PROPERTY Class="Float" Name="Scale">1.0787369012832642</PROPERTY>
        </COMPONENT>
        <COMPONENT LinkID="24" Class="NiSceneGraphComponent" Name="Scene Graph" MasterLinkID="21" />
        <COMPONENT LinkID="25" Class="NiGeneralComponent" Name="GlowMap" TemplateID="c,37,ef,c9,e6,13,8,4b,86,49,c3,29,48,1b,b2,c8" MasterLinkID="22" />
        <ENTITY LinkID="26" Class="NiGeneralEntity" Name="camera_wall 04" Type="CameraWalls" UsePhysX="FALSE" PostfixTexture="" Optimization="0" AlphaGroup="0" RandomAni="FALSE" TemplateID="92,71,76,a3,99,e6,95,48,9e,8b,e1,95,a6,b0,74,12" Hidden="TRUE" MasterLinkID="27">
            <COMPONENT RefLinkID="30" />
            <COMPONENT RefLinkID="31" />
        </ENTITY>
        <ENTITY LinkID="27" Class="NiGeneralEntity" Name="[General]Object.camera_wall" TemplateID="92,71,76,a3,99,e6,95,48,9e,8b,e1,95,a6,b0,74,12">
            <COMPONENT RefLinkID="28" />
            <COMPONENT RefLinkID="29" />
        </ENTITY>
        <COMPONENT LinkID="28" Class="NiTransformationComponent" Name="Transformation">
            <PROPERTY Class="Point3" Name="Translation">0.0000000000000000, 0.0000000000000000, 0.0000000000000000</PROPERTY>
            <PROPERTY Class="Matrix3" Name="Rotation">
                <ROW>1.0000000000000000, 0.0000000000000000, 0.0000000000000000</ROW>
                <ROW>0.0000000000000000, 1.0000000000000000, 0.0000000000000000</ROW>
                <ROW>0.0000000000000000, 0.0000000000000000, 1.0000000000000000</ROW>
            </PROPERTY>
            <PROPERTY Class="Float" Name="Scale">1.0000000000000000</PROPERTY>
        </COMPONENT>
        <COMPONENT LinkID="29" Class="NiSceneGraphComponent" Name="Scene Graph">
            <PROPERTY Class="String" Name="NIF File Path" Asset="TRUE">.\..\..\Palettes\camera_wall.nif</PROPERTY>
        </COMPONENT>
        <COMPONENT LinkID="30" Class="NiTransformationComponent" Name="Transformation">
            <PROPERTY Class="Point3" Name="Translation">-844.2382812500000000, 305.4024658203125000, -1297.6420898437500000</PROPERTY>
            <PROPERTY Class="Matrix3" Name="Rotation">
                <ROW>-0.0000000437113883, 1.0000000000000000, 0.0000000000000000</ROW>
                <ROW>-1.0000000000000000, -0.0000000437113883, 0.0000000000000000</ROW>
                <ROW>0.0000000000000000, 0.0000000000000000, 1.0000000000000000</ROW>
            </PROPERTY>
            <PROPERTY Class="Float" Name="Scale">1.0000000000000000</PROPERTY>
        </COMPONENT>
        <COMPONENT LinkID="31" Class="NiSceneGraphComponent" Name="Scene Graph" MasterLinkID="29" />
        <ENTITY LinkID="32" Class="NiGeneralEntity" Name="Nature_Tree1002_01 11" Type="Object" UsePhysX="FALSE" PostfixTexture="_T05" Optimization="0" AlphaGroup="1" RandomAni="FALSE" TemplateID="3f,97,c0,dd,de,f6,bb,4a,8c,a3,26,a8,77,1e,b4,e3" MasterLinkID="1">
            <COMPONENT RefLinkID="33" />
            <COMPONENT RefLinkID="34" />
            <COMPONENT RefLinkID="35" />
            <COMPONENT RefLinkID="36" />
        </ENTITY>
        <COMPONENT LinkID="33" Class="NiTransformationComponent" Name="Transformation">
            <PROPERTY Class="Point3" Name="Translation">-758.8775634765625000, 1139.7506103515625000, -1316.4458007812500000</PROPERTY>
            <PROPERTY Class="Matrix3" Name="Rotation">
                <ROW>0.9821620583534241, -0.1875809878110886, 0.0130771007388830</ROW>
                <ROW>0.1857921481132507, 0.9788034558296204, 0.0861691012978554</ROW>
                <ROW>-0.0289635956287384, -0.0822023972868919, 0.9961947202682495</ROW>
            </PROPERTY>
            <PROPERTY Class="Float" Name="Scale">1.0092490911483765</PROPERTY>
        </COMPONENT>
        <COMPONENT LinkID="34" Class="NiSceneGraphComponent" Name="Scene Graph" MasterLinkID="3" />
        <COMPONENT LinkID="35" Class="NiGeneralComponent" Name="Animation Object" TemplateID="c5,83,7b,6f,ea,53,7d,45,95,5a,2e,ab,38,28,a5,76" MasterLinkID="4" />
        <COMPONENT LinkID="36" Class="NiGeneralComponent" Name="Hide Object" TemplateID="f6,46,16,db,61,92,23,47,b5,4a,da,2d,42,d7,85,b9" MasterLinkID="5" />
        <ENTITY LinkID="37" Class="NiGeneralEntity" Name="Nature_Grass5001_01 61" Type="Object" UsePhysX="FALSE" PostfixTexture="" Optimization="0" AlphaGroup="1" RandomAni="FALSE" TemplateID="be,53,83,d6,d5,58,84,4b,be,b2,75,81,18,f1,43,2e" MasterLinkID="19">
            <COMPONENT RefLinkID="38" />
            <COMPONENT RefLinkID="39" />
            <COMPONENT RefLinkID="40" />
        </ENTITY>
        <COMPONENT LinkID="38" Class="NiTransformationComponent" Name="Transformation">
            <PROPERTY Class="Point3" Name="Translation">-1956.2864990234375000, 77.1728515625000000, -1363.7524414062500000</PROPERTY>
            <PROPERTY Class="Matrix3" Name="Rotation">
                <ROW>0.9566660523414612, -0.2909770607948303, -0.0110574476420879</ROW>
                <ROW>0.2876846492290497, 0.9503495097160339, -0.1186304837465286</ROW>
                <ROW>0.0450271666049957, 0.1103087365627289, 0.9928768873214722</ROW>
            </PROPERTY>
            <PROPERTY Class="Float" Name="Scale">1.0787369012832642</PROPERTY>
        </COMPONENT>
        <COMPONENT LinkID="39" Class="NiSceneGraphComponent" Name="Scene Graph" MasterLinkID="21" />
        <COMPONENT LinkID="40" Class="NiGeneralComponent" Name="GlowMap" TemplateID="c,37,ef,c9,e6,13,8,4b,86,49,c3,29,48,1b,b2,c8" MasterLinkID="22" />
        <ENTITY LinkID="41" Class="NiGeneralEntity" Name="Art_Skeleton1001_01 64" Type="Object" UsePhysX="FALSE" PostfixTexture="" Optimization="0" AlphaGroup="1" RandomAni="TRUE" TemplateID="59,6,e0,e3,12,19,b0,4d,a5,f8,8a,4b,61,4,7a,5b" MasterLinkID="42">
            <COMPONENT RefLinkID="46" />
            <COMPONENT RefLinkID="47" />
            <COMPONENT RefLinkID="48" />
        </ENTITY>
        <ENTITY LinkID="42" Class="NiGeneralEntity" Name="[Object]props.Art_Skeleton1001_01" TemplateID="34,e0,ed,9f,cd,e3,44,45,8b,96,19,6a,fd,86,e4,c8">
            <COMPONENT RefLinkID="43" />
            <COMPONENT RefLinkID="44" />
            <COMPONENT RefLinkID="45" />
        </ENTITY>
        <COMPONENT LinkID="43" Class="NiTransformationComponent" Name="Transformation">
            <PROPERTY Class="Point3" Name="Translation">0.0000000000000000, 0.0000000000000000, 0.0000000000000000</PROPERTY>
            <PROPERTY Class="Matrix3" Name="Rotation">
                <ROW>1.0000000000000000, 0.0000000000000000, 0.0000000000000000</ROW>
                <ROW>0.0000000000000000, 1.0000000000000000, 0.0000000000000000</ROW>
                <ROW>0.0000000000000000, 0.0000000000000000, 1.0000000000000000</ROW>
            </PROPERTY>
            <PROPERTY Class="Float" Name="Scale">1.0000000000000000</PROPERTY>
        </COMPONENT>
        <COMPONENT LinkID="44" Class="NiSceneGraphComponent" Name="Scene Graph">
            <PROPERTY Class="String" Name="NIF File Path" Asset="TRUE">.\..\..\00_Object\props\Art_Skeleton1001_01.nif</PROPERTY>
        </COMPONENT>
        <COMPONENT LinkID="45" Class="NiGeneralComponent" Name="Hide Object" TemplateID="f6,46,16,db,61,92,23,47,b5,4a,da,2d,42,d7,85,b9">
            <PROPERTY Class="Float" Name="Alpha Value" SemanticType="Float" DisplayName="Alpha Value" Description="">0.4000000059604645</PROPERTY>
            <PROPERTY Class="Boolean" Name="Alpha Enable" SemanticType="Boolean" DisplayName="Alpha Enable" Description="">FALSE</PROPERTY>
            <PROPERTY Class="Boolean" Name="Hide Object" SemanticType="Boolean" DisplayName="Hide Object" Description="">FALSE</PROPERTY>
        </COMPONENT>
        <COMPONENT LinkID="46" Class="NiTransformationComponent" Name="Transformation">
            <PROPERTY Class="Point3" Name="Translation">-1752.4124755859375000, 645.6807250976562500, -1270.8588867187500000</PROPERTY>
            <PROPERTY Class="Matrix3" Name="Rotation">
                <ROW>0.9948604702949524, 0.0050931274890900, -0.1011273711919785</ROW>
                <ROW>0.0165507663041353, 0.9771226644515991, 0.2120310813188553</ROW>
                <ROW>0.0998936668038368, -0.2126148492097855, 0.9720164537429810</ROW>
            </PROPERTY>
            <PROPERTY Class="Float" Name="Scale">1.4354199171066284</PROPERTY>
        </COMPONENT>
        <COMPONENT LinkID="47" Class="NiSceneGraphComponent" Name="Scene Graph" MasterLinkID="44" />
        <COMPONENT LinkID="48" Class="NiGeneralComponent" Name="Hide Object" TemplateID="f6,46,16,db,61,92,23,47,b5,4a,da,2d,42,d7,85,b9" MasterLinkID="45" />
        <ENTITY LinkID="49" Class="NiGeneralEntity" Name="Nature_Grass5001_01 78" Type="Object" UsePhysX="FALSE" PostfixTexture="" Optimization="0" AlphaGroup="1" RandomAni="FALSE" TemplateID="be,53,83,d6,d5,58,84,4b,be,b2,75,81,18,f1,43,2e" MasterLinkID="19">
            <COMPONENT RefLinkID="50" />
            <COMPONENT RefLinkID="51" />
            <COMPONENT RefLinkID="52" />
        </ENTITY>
        <COMPONENT LinkID="50" Class="NiTransformationComponent" Name="Transformation">
            <PROPERTY Class="Point3" Name="Translation">-1882.6854248046875000, 419.0227661132812500, -1365.5083007812500000</PROPERTY>
            <PROPERTY Class="Matrix3" Name="Rotation">
                <ROW>0.9862081408500671, 0.1535452306270599, -0.0617836602032185</ROW>
                <ROW>-0.1592668592929840, 0.9819652438163757, -0.1018736436963081</ROW>
                <ROW>0.0450271666049957, 0.1103087365627289, 0.9928768873214722</ROW>
            </PROPERTY>
            <PROPERTY Class="Float" Name="Scale">1.0787369012832642</PROPERTY>
        </COMPONENT>
        <COMPONENT LinkID="51" Class="NiSceneGraphComponent" Name="Scene Graph" MasterLinkID="21" />
        <COMPONENT LinkID="52" Class="NiGeneralComponent" Name="GlowMap" TemplateID="c,37,ef,c9,e6,13,8,4b,86,49,c3,29,48,1b,b2,c8" MasterLinkID="22" />
        <ENTITY LinkID="53" Class="NiGeneralEntity" Name="Nature_Tree1002_01 10" Type="Object" UsePhysX="FALSE" PostfixTexture="_T05" Optimization="0" AlphaGroup="1" RandomAni="FALSE" TemplateID="3f,97,c0,dd,de,f6,bb,4a,8c,a3,26,a8,77,1e,b4,e3" MasterLinkID="1">
            <COMPONENT RefLinkID="54" />
            <COMPONENT RefLinkID="55" />
            <COMPONENT RefLinkID="56" />
            <COMPONENT RefLinkID="57" />
        </ENTITY>
        <COMPONENT LinkID="54" Class="NiTransformationComponent" Name="Transformation">
            <PROPERTY Class="Point3" Name="Translation">-617.0628662109375000, 31.0701351165771480, -1398.8090820312500000</PROPERTY>
            <PROPERTY Class="Matrix3" Name="Rotation">
                <ROW>0.9676485061645508, 0.1634382456541061, -0.1922089606523514</ROW>
                <ROW>-0.1511749476194382, 0.9855093955993652, 0.0769253894686699</ROW>
                <ROW>0.2019962668418884, -0.0453795678913593, 0.9783344268798828</ROW>
            </PROPERTY>
            <PROPERTY Class="Float" Name="Scale">0.4261106252670288</PROPERTY>
        </COMPONENT>
        <COMPONENT LinkID="55" Class="NiSceneGraphComponent" Name="Scene Graph" MasterLinkID="3" />
        <COMPONENT LinkID="56" Class="NiGeneralComponent" Name="Animation Object" TemplateID="c5,83,7b,6f,ea,53,7d,45,95,5a,2e,ab,38,28,a5,76" MasterLinkID="4" />
        <COMPONENT LinkID="57" Class="NiGeneralComponent" Name="Hide Object" TemplateID="f6,46,16,db,61,92,23,47,b5,4a,da,2d,42,d7,85,b9" MasterLinkID="5" />
        <ENTITY LinkID="58" Class="NiGeneralEntity" Name="Nature_Grass5001_01 80" Type="Object" UsePhysX="FALSE" PostfixTexture="" Optimization="0" AlphaGroup="1" RandomAni="FALSE" TemplateID="be,53,83,d6,d5,58,84,4b,be,b2,75,81,18,f1,43,2e" MasterLinkID="19">
            <COMPONENT RefLinkID="59" />
            <COMPONENT RefLinkID="60" />
            <COMPONENT RefLinkID="61" />
        </ENTITY>
        <COMPONENT LinkID="59" Class="NiTransformationComponent" Name="Transformation">
            <PROPERTY Class="Point3" Name="Translation">-1309.9025878906250000, 121.1956100463867200, -1372.7319335937500000</PROPERTY>
            <PROPERTY Class="Matrix3" Name="Rotation">
                <ROW>0.9451742768287659, -0.3264997303485870, -0.0065897181630135</ROW>
                <ROW>0.3234471082687378, 0.9387383460998535, -0.1189623251557350</ROW>
                <ROW>0.0450271666049957, 0.1103087365627289, 0.9928768873214722</ROW>
            </PROPERTY>
            <PROPERTY Class="Float" Name="Scale">1.0787369012832642</PROPERTY>
        </COMPONENT>
        <COMPONENT LinkID="60" Class="NiSceneGraphComponent" Name="Scene Graph" MasterLinkID="21" />
        <COMPONENT LinkID="61" Class="NiGeneralComponent" Name="GlowMap" TemplateID="c,37,ef,c9,e6,13,8,4b,86,49,c3,29,48,1b,b2,c8" MasterLinkID="22" />
        <ENTITY LinkID="62" Class="NiGeneralEntity" Name="Nature_Grass5001_01 54" Type="Object" UsePhysX="FALSE" PostfixTexture="" Optimization="0" AlphaGroup="1" RandomAni="FALSE" TemplateID="be,53,83,d6,d5,58,84,4b,be,b2,75,81,18,f1,43,2e" MasterLinkID="19">
            <COMPONENT RefLinkID="63" />
            <COMPONENT RefLinkID="64" />
            <COMPONENT RefLinkID="65" />
        </ENTITY>
        <COMPONENT LinkID="63" Class="NiTransformationComponent" Name="Transformation">
            <PROPERTY Class="Point3" Name="Translation">-2168.0480957031250000, 129.4960632324218700, -1383.3579101562500000</PROPERTY>
            <PROPERTY Class="Matrix3" Name="Rotation">
                <ROW>0.9890655279159546, -0.1446397900581360, -0.0287848599255085</ROW>
                <ROW>0.1404342353343964, 0.9833164215087891, -0.1156152784824371</ROW>
                <ROW>0.0450271666049957, 0.1103087365627289, 0.9928768873214722</ROW>
            </PROPERTY>
            <PROPERTY Class="Float" Name="Scale">1.0787369012832642</PROPERTY>
        </COMPONENT>
        <COMPONENT LinkID="64" Class="NiSceneGraphComponent" Name="Scene Graph" MasterLinkID="21" />
        <COMPONENT LinkID="65" Class="NiGeneralComponent" Name="GlowMap" TemplateID="c,37,ef,c9,e6,13,8,4b,86,49,c3,29,48,1b,b2,c8" MasterLinkID="22" />
        <ENTITY LinkID="66" Class="NiGeneralEntity" Name="Art_BridgeWood1002_01 09_i" Type="Object" UsePhysX="FALSE" PostfixTexture="" Optimization="0" AlphaGroup="1" RandomAni="FALSE" TemplateID="de,2a,e,94,e5,a9,f4,43,93,c9,d1,e5,ff,cb,a8,81" MasterLinkID="67">
            <COMPONENT RefLinkID="70" />
            <COMPONENT RefLinkID="71" />
        </ENTITY>
        <ENTITY LinkID="67" Class="NiGeneralEntity" Name="[Object]Bridge.Art_BridgeWood1002_01" TemplateID="de,2a,e,94,e5,a9,f4,43,93,c9,d1,e5,ff,cb,a8,81">
            <COMPONENT RefLinkID="68" />
            <COMPONENT RefLinkID="69" />
        </ENTITY>
        <COMPONENT LinkID="68" Class="NiTransformationComponent" Name="Transformation">
            <PROPERTY Class="Point3" Name="Translation">0.0000000000000000, 0.0000000000000000, 0.0000000000000000</PROPERTY>
            <PROPERTY Class="Matrix3" Name="Rotation">
                <ROW>1.0000000000000000, 0.0000000000000000, 0.0000000000000000</ROW>
                <ROW>0.0000000000000000, 1.0000000000000000, 0.0000000000000000</ROW>
                <ROW>0.0000000000000000, 0.0000000000000000, 1.0000000000000000</ROW>
            </PROPERTY>
            <PROPERTY Class="Float" Name="Scale">1.0000000000000000</PROPERTY>
        </COMPONENT>
        <COMPONENT LinkID="69" Class="NiSceneGraphComponent" Name="Scene Graph">
            <PROPERTY Class="String" Name="NIF File Path" Asset="TRUE">.\..\..\00_Object\Bridge\Art_BridgeWood1002_01.nif</PROPERTY>
        </COMPONENT>
        <COMPONENT LinkID="70" Class="NiTransformationComponent" Name="Transformation">
            <PROPERTY Class="Point3" Name="Translation">-1120.3071289062500000, 1909.5800781250000000, -1048.8818359375000000</PROPERTY>
            <PROPERTY Class="Matrix3" Name="Rotation">
                <ROW>0.7703974246978760, 0.6375639438629150, 0.0000000000000000</ROW>
                <ROW>-0.6375639438629150, 0.7703974246978760, 0.0000000000000000</ROW>
                <ROW>0.0000000000000000, 0.0000000000000000, 1.0000000000000000</ROW>
            </PROPERTY>
            <PROPERTY Class="Float" Name="Scale">0.3725416362285614</PROPERTY>
        </COMPONENT>
        <COMPONENT LinkID="71" Class="NiSceneGraphComponent" Name="Scene Graph" MasterLinkID="69" />
        <ENTITY LinkID="72" Class="NiGeneralEntity" Name="Art_BridgeWood1002_01 10_i" Type="Object" UsePhysX="FALSE" PostfixTexture="" Optimization="0" AlphaGroup="1" RandomAni="FALSE" TemplateID="de,2a,e,94,e5,a9,f4,43,93,c9,d1,e5,ff,cb,a8,81" MasterLinkID="67">
            <COMPONENT RefLinkID="73" />
            <COMPONENT RefLinkID="74" />
        </ENTITY>
        <COMPONENT LinkID="73" Class="NiTransformationComponent" Name="Transformation">
            <PROPERTY Class="Point3" Name="Translation">-1102.2553710937500000, 1931.3923339843750000, -1048.8818359375000000</PROPERTY>
            <PROPERTY Class="Matrix3" Name="Rotation">
                <ROW>0.7703974246978760, 0.6375639438629150, 0.0000000000000000</ROW>
                <ROW>-0.6375639438629150, 0.7703974246978760, 0.0000000000000000</ROW>
                <ROW>0.0000000000000000, 0.0000000000000000, 1.0000000000000000</ROW>
            </PROPERTY>
            <PROPERTY Class="Float" Name="Scale">0.3725416362285614</PROPERTY>
        </COMPONENT>
        <COMPONENT LinkID="74" Class="NiSceneGraphComponent" Name="Scene Graph" MasterLinkID="69" />
        <ENTITY LinkID="75" Class="NiGeneralEntity" Name="Art_BridgeWood1002_01 11_i" Type="Object" UsePhysX="FALSE" PostfixTexture="" Optimization="0" AlphaGroup="1" RandomAni="FALSE" TemplateID="de,2a,e,94,e5,a9,f4,43,93,c9,d1,e5,ff,cb,a8,81" MasterLinkID="67">
            <COMPONENT RefLinkID="76" />
            <COMPONENT RefLinkID="77" />
        </ENTITY>
        <COMPONENT LinkID="76" Class="NiTransformationComponent" Name="Transformation">
            <PROPERTY Class="Point3" Name="Translation">-1138.3588867187500000, 1887.7672119140625000, -1048.8818359375000000</PROPERTY>
            <PROPERTY Class="Matrix3" Name="Rotation">
                <ROW>0.7703974246978760, 0.6375639438629150, 0.0000000000000000</ROW>
                <ROW>-0.6375639438629150, 0.7703974246978760, 0.0000000000000000</ROW>
                <ROW>0.0000000000000000, 0.0000000000000000, 1.0000000000000000</ROW>
            </PROPERTY>
            <PROPERTY Class="Float" Name="Scale">0.3725416362285614</PROPERTY>
        </COMPONENT>
        <COMPONENT LinkID="77" Class="NiSceneGraphComponent" Name="Scene Graph" MasterLinkID="69" />
        <ENTITY LinkID="78" Class="NiGeneralEntity" Name="Art_BridgeWood1002_01 12_i" Type="Object" UsePhysX="FALSE" PostfixTexture="" Optimization="0" AlphaGroup="1" RandomAni="FALSE" TemplateID="de,2a,e,94,e5,a9,f4,43,93,c9,d1,e5,ff,cb,a8,81" MasterLinkID="67">
            <COMPONENT RefLinkID="79" />
            <COMPONENT RefLinkID="80" />
        </ENTITY>
        <COMPONENT LinkID="79" Class="NiTransformationComponent" Name="Transformation">
            <PROPERTY Class="Point3" Name="Translation">-1160.7778320312500000, 1860.6074218750000000, -1072.8940429687500000</PROPERTY>
            <PROPERTY Class="Matrix3" Name="Rotation">
                <ROW>0.7703974246978760, 0.6375639438629150, 0.0000000000000000</ROW>
                <ROW>-0.6375639438629150, 0.7703974246978760, 0.0000000000000000</ROW>
                <ROW>0.0000000000000000, 0.0000000000000000, 1.0000000000000000</ROW>
            </PROPERTY>
            <PROPERTY Class="Float" Name="Scale">0.3725416362285614</PROPERTY>
        </COMPONENT>
        <COMPONENT LinkID="80" Class="NiSceneGraphComponent" Name="Scene Graph" MasterLinkID="69" />
        <ENTITY LinkID="81" Class="NiGeneralEntity" Name="Art_BridgeWood1002_01 13_i" Type="Object" UsePhysX="FALSE" PostfixTexture="" Optimization="0" AlphaGroup="1" RandomAni="FALSE" TemplateID="de,2a,e,94,e5,a9,f4,43,93,c9,d1,e5,ff,cb,a8,81" MasterLinkID="67">
            <COMPONENT RefLinkID="82" />
            <COMPONENT RefLinkID="83" />
        </ENTITY>
        <COMPONENT LinkID="82" Class="NiTransformationComponent" Name="Transformation">
            <PROPERTY Class="Point3" Name="Translation">-1068.1401367187500000, 1487.5567626953125000, -1167.8686523437500000</PROPERTY>
            <PROPERTY Class="Matrix3" Name="Rotation">
                <ROW>0.5691133737564087, -0.8222590684890747, 0.0000000000000000</ROW>
                <ROW>0.8222590684890747, 0.5691133737564087, 0.0000000000000000</ROW>
                <ROW>0.0000000000000000, 0.0000000000000000, 1.0000000000000000</ROW>
            </PROPERTY>
            <PROPERTY Class="Float" Name="Scale">0.4357658922672272</PROPERTY>
        </COMPONENT>
        <COMPONENT LinkID="83" Class="NiSceneGraphComponent" Name="Scene Graph" MasterLinkID="69" />
        <ENTITY LinkID="84" Class="NiGeneralEntity" Name="Art_BridgeWood1002_01 15_i" Type="Object" UsePhysX="FALSE" PostfixTexture="" Optimization="0" AlphaGroup="1" RandomAni="FALSE" TemplateID="de,2a,e,94,e5,a9,f4,43,93,c9,d1,e5,ff,cb,a8,81" MasterLinkID="67">
            <COMPONENT RefLinkID="85" />
            <COMPONENT RefLinkID="86" />
        </ENTITY>
        <COMPONENT LinkID="85" Class="NiTransformationComponent" Name="Transformation">
            <PROPERTY Class="Point3" Name="Translation">-1119.6909179687500000, 1514.4792480468750000, -1176.8500976562500000</PROPERTY>
            <PROPERTY Class="Matrix3" Name="Rotation">
                <ROW>0.5691133737564087, -0.8222590684890747, 0.0000000000000000</ROW>
                <ROW>0.8222590684890747, 0.5691133737564087, 0.0000000000000000</ROW>
                <ROW>0.0000000000000000, 0.0000000000000000, 1.0000000000000000</ROW>
            </PROPERTY>
            <PROPERTY Class="Float" Name="Scale">0.5000000000000000</PROPERTY>
        </COMPONENT>
        <COMPONENT LinkID="86" Class="NiSceneGraphComponent" Name="Scene Graph" MasterLinkID="69" />
        <ENTITY LinkID="87" Class="NiGeneralEntity" Name="Art_BridgeWood1002_01 17_i" Type="Object" UsePhysX="FALSE" PostfixTexture="" Optimization="0" AlphaGroup="1" RandomAni="FALSE" TemplateID="de,2a,e,94,e5,a9,f4,43,93,c9,d1,e5,ff,cb,a8,81" MasterLinkID="67">
            <COMPONENT RefLinkID="88" />
            <COMPONENT RefLinkID="89" />
        </ENTITY>
        <COMPONENT LinkID="88" Class="NiTransformationComponent" Name="Transformation">
            <PROPERTY Class="Point3" Name="Translation">-1095.3725585937500000, 1506.4047851562500000, -1167.8686523437500000</PROPERTY>
            <PROPERTY Class="Matrix3" Name="Rotation">
                <ROW>0.5691133737564087, -0.8222590684890747, 0.0000000000000000</ROW>
                <ROW>0.8222590684890747, 0.5691133737564087, 0.0000000000000000</ROW>
                <ROW>0.0000000000000000, 0.0000000000000000, 1.0000000000000000</ROW>
            </PROPERTY>
            <PROPERTY Class="Float" Name="Scale">0.4357658922672272</PROPERTY>
        </COMPONENT>
        <COMPONENT LinkID="89" Class="NiSceneGraphComponent" Name="Scene Graph" MasterLinkID="69" />
        <ENTITY LinkID="90" Class="NiGeneralEntity" Name="Art_BridgeWood1002_01 18_i" Type="Object" UsePhysX="FALSE" PostfixTexture="" Optimization="0" AlphaGroup="1" RandomAni="FALSE" TemplateID="de,2a,e,94,e5,a9,f4,43,93,c9,d1,e5,ff,cb,a8,81" MasterLinkID="67">
            <COMPONENT RefLinkID="91" />
            <COMPONENT RefLinkID="92" />
        </ENTITY>
        <COMPONENT LinkID="91" Class="NiTransformationComponent" Name="Transformation">
            <PROPERTY Class="Point3" Name="Translation">-1034.2387695312500000, 1464.1564941406250000, -1195.9565429687500000</PROPERTY>
            <PROPERTY Class="Matrix3" Name="Rotation">
                <ROW>0.5691133737564087, -0.8222590684890747, 0.0000000000000000</ROW>
                <ROW>0.8222590684890747, 0.5691133737564087, 0.0000000000000000</ROW>
                <ROW>0.0000000000000000, 0.0000000000000000, 1.0000000000000000</ROW>
            </PROPERTY>
            <PROPERTY Class="Float" Name="Scale">0.4357658922672272</PROPERTY>
        </COMPONENT>
        <COMPONENT LinkID="92" Class="NiSceneGraphComponent" Name="Scene Graph" MasterLinkID="69" />
        <ENTITY LinkID="93" Class="NiGeneralEntity" Name="Art_BridgeWood1002_01 19_i" Type="Object" UsePhysX="FALSE" PostfixTexture="" Optimization="0" AlphaGroup="1" RandomAni="FALSE" TemplateID="de,2a,e,94,e5,a9,f4,43,93,c9,d1,e5,ff,cb,a8,81" MasterLinkID="67">
            <COMPONENT RefLinkID="94" />
            <COMPONENT RefLinkID="95" />
        </ENTITY>
        <COMPONENT LinkID="94" Class="NiTransformationComponent" Name="Transformation">
            <PROPERTY Class="Point3" Name="Translation">-1061.4711914062500000, 1483.0046386718750000, -1195.9565429687500000</PROPERTY>
            <PROPERTY Class="Matrix3" Name="Rotation">
                <ROW>0.5691133737564087, -0.8222590684890747, 0.0000000000000000</ROW>
                <ROW>0.8222590684890747, 0.5691133737564087, 0.0000000000000000</ROW>
                <ROW>0.0000000000000000, 0.0000000000000000, 1.0000000000000000</ROW>
            </PROPERTY>
            <PROPERTY Class="Float" Name="Scale">0.4357658922672272</PROPERTY>
        </COMPONENT>
        <COMPONENT LinkID="95" Class="NiSceneGraphComponent" Name="Scene Graph" MasterLinkID="69" />
        <ENTITY LinkID="96" Class="NiGeneralEntity" Name="Art_BridgeWood1002_01 20_i" Type="Object" UsePhysX="FALSE" PostfixTexture="" Optimization="0" AlphaGroup="1" RandomAni="FALSE" TemplateID="de,2a,e,94,e5,a9,f4,43,93,c9,d1,e5,ff,cb,a8,81" MasterLinkID="67">
            <COMPONENT RefLinkID="97" />
            <COMPONENT RefLinkID="98" />
        </ENTITY>
        <COMPONENT LinkID="97" Class="NiTransformationComponent" Name="Transformation">
            <PROPERTY Class="Point3" Name="Translation">-948.2758789062500000, 1216.7998046875000000, -1275.8081054687500000</PROPERTY>
            <PROPERTY Class="Matrix3" Name="Rotation">
                <ROW>0.7703974246978760, 0.6375639438629150, 0.0000000000000000</ROW>
                <ROW>-0.6375639438629150, 0.7703974246978760, 0.0000000000000000</ROW>
                <ROW>0.0000000000000000, 0.0000000000000000, 1.0000000000000000</ROW>
            </PROPERTY>
            <PROPERTY Class="Float" Name="Scale">0.3725416362285614</PROPERTY>
        </COMPONENT>
        <COMPONENT LinkID="98" Class="NiSceneGraphComponent" Name="Scene Graph" MasterLinkID="69" />
        <ENTITY LinkID="99" Class="NiGeneralEntity" Name="Art_BridgeWood1002_01 23_i" Type="Object" UsePhysX="FALSE" PostfixTexture="" Optimization="0" AlphaGroup="1" RandomAni="FALSE" TemplateID="de,2a,e,94,e5,a9,f4,43,93,c9,d1,e5,ff,cb,a8,81" MasterLinkID="67">
            <COMPONENT RefLinkID="100" />
            <COMPONENT RefLinkID="101" />
        </ENTITY>
        <COMPONENT LinkID="100" Class="NiTransformationComponent" Name="Transformation">
            <PROPERTY Class="Point3" Name="Translation">-930.2231445312500000, 1238.6120605468750000, -1275.8081054687500000</PROPERTY>
            <PROPERTY Class="Matrix3" Name="Rotation">
                <ROW>0.7703974246978760, 0.6375639438629150, 0.0000000000000000</ROW>
                <ROW>-0.6375639438629150, 0.7703974246978760, 0.0000000000000000</ROW>
                <ROW>0.0000000000000000, 0.0000000000000000, 1.0000000000000000</ROW>
            </PROPERTY>
            <PROPERTY Class="Float" Name="Scale">0.3725416362285614</PROPERTY>
        </COMPONENT>
        <COMPONENT LinkID="101" Class="NiSceneGraphComponent" Name="Scene Graph" MasterLinkID="69" />
        <ENTITY LinkID="102" Class="NiGeneralEntity" Name="Art_BridgeWood1002_01 24_i" Type="Object" UsePhysX="FALSE" PostfixTexture="" Optimization="0" AlphaGroup="1" RandomAni="FALSE" TemplateID="de,2a,e,94,e5,a9,f4,43,93,c9,d1,e5,ff,cb,a8,81" MasterLinkID="67">
            <COMPONENT RefLinkID="103" />
            <COMPONENT RefLinkID="104" />
        </ENTITY>
        <COMPONENT LinkID="103" Class="NiTransformationComponent" Name="Transformation">
            <PROPERTY Class="Point3" Name="Translation">-966.3266601562500000, 1194.9869384765625000, -1275.8081054687500000</PROPERTY>
            <PROPERTY Class="Matrix3" Name="Rotation">
                <ROW>0.7703974246978760, 0.6375639438629150, 0.0000000000000000</ROW>
                <ROW>-0.6375639438629150, 0.7703974246978760, 0.0000000000000000</ROW>
                <ROW>0.0000000000000000, 0.0000000000000000, 1.0000000000000000</ROW>
            </PROPERTY>
            <PROPERTY Class="Float" Name="Scale">0.3725416362285614</PROPERTY>
        </COMPONENT>
        <COMPONENT LinkID="104" Class="NiSceneGraphComponent" Name="Scene Graph" MasterLinkID="69" />
        <ENTITY LinkID="105" Class="NiGeneralEntity" Name="Art_BridgeWood1002_01 26_i" Type="Object" UsePhysX="FALSE" PostfixTexture="" Optimization="0" AlphaGroup="1" RandomAni="FALSE" TemplateID="de,2a,e,94,e5,a9,f4,43,93,c9,d1,e5,ff,cb,a8,81" MasterLinkID="67">
            <COMPONENT RefLinkID="106" />
            <COMPONENT RefLinkID="107" />
        </ENTITY>
        <COMPONENT LinkID="106" Class="NiTransformationComponent" Name="Transformation">
            <PROPERTY Class="Point3" Name="Translation">-970.6938476562500000, 1189.6402587890625000, -1299.8208007812500000</PROPERTY>
            <PROPERTY Class="Matrix3" Name="Rotation">
                <ROW>0.7703974246978760, 0.6375639438629150, 0.0000000000000000</ROW>
                <ROW>-0.6375639438629150, 0.7703974246978760, 0.0000000000000000</ROW>
                <ROW>0.0000000000000000, 0.0000000000000000, 1.0000000000000000</ROW>
            </PROPERTY>
            <PROPERTY Class="Float" Name="Scale">0.3725416362285614</PROPERTY>
        </COMPONENT>
        <COMPONENT LinkID="107" Class="NiSceneGraphComponent" Name="Scene Graph" MasterLinkID="69" />
        <ENTITY LinkID="108" Class="NiGeneralEntity" Name="Art_BridgeWood1002_01 27_i" Type="Object" UsePhysX="FALSE" PostfixTexture="" Optimization="0" AlphaGroup="1" RandomAni="FALSE" TemplateID="de,2a,e,94,e5,a9,f4,43,93,c9,d1,e5,ff,cb,a8,81" MasterLinkID="67">
            <COMPONENT RefLinkID="109" />
            <COMPONENT RefLinkID="110" />
        </ENTITY>
        <COMPONENT LinkID="109" Class="NiTransformationComponent" Name="Transformation">
