<?xml version="1.0" ?>
<GSA Major="1" Minor="0" Patch="0">
    <PALETTES_DIRECTORY>
        <PALETTE_DIR IDX="0" DIRECTORY=".\..\..\..\..\..\ToolBin\SceneDesigner\Release\Data\" />
        <PALETTE_DIR IDX="1" DIRECTORY=".\..\..\Palettes\" />
    </PALETTES_DIRECTORY>
    <PALETTES>
        <PALETTE NAME="Default" DIR_IDX="0" />
        <PALETTE NAME="General" DIR_IDX="1" />
        <PALETTE NAME="Block" DIR_IDX="1" />
        <PALETTE NAME="Object" DIR_IDX="1" />
        <PALETTE NAME="Effect" DIR_IDX="1" />
    </PALETTES>
    <OBJECTS>
        <ENTITY LinkID="0" Class="NiGeneralEntity" Name="Nature_Bgrass2001_01 02" Type="Object" UsePhysX="FALSE" PostfixTexture="" Optimization="1" AlphaGroup="1" RandomAni="TRUE" TemplateID="cc,1d,f3,e5,41,8d,20,40,ad,9a,93,3b,c2,a9,52,e0" MasterLinkID="1">
            <COMPONENT RefLinkID="5" />
            <COMPONENT RefLinkID="6" />
            <COMPONENT RefLinkID="7" />
        </ENTITY>
        <ENTITY LinkID="1" Class="NiGeneralEntity" Name="[Object]Tree.Nature_Bgrass2001_01" TemplateID="cc,1d,f3,e5,41,8d,20,40,ad,9a,93,3b,c2,a9,52,e0">
            <COMPONENT RefLinkID="2" />
            <COMPONENT RefLinkID="3" />
            <COMPONENT RefLinkID="4" />
        </ENTITY>
        <COMPONENT LinkID="2" Class="NiTransformationComponent" Name="Transformation">
            <PROPERTY Class="Point3" Name="Translation">0.0000000000000000, 0.0000000000000000, 0.0000000000000000</PROPERTY>
            <PROPERTY Class="Matrix3" Name="Rotation">
                <ROW>1.0000000000000000, 0.0000000000000000, 0.0000000000000000</ROW>
                <ROW>0.0000000000000000, 1.0000000000000000, 0.0000000000000000</ROW>
                <ROW>0.0000000000000000, 0.0000000000000000, 1.0000000000000000</ROW>
            </PROPERTY>
            <PROPERTY Class="Float" Name="Scale">1.0000000000000000</PROPERTY>
        </COMPONENT>
        <COMPONENT LinkID="3" Class="NiSceneGraphComponent" Name="Scene Graph">
            <PROPERTY Class="String" Name="NIF File Path" Asset="TRUE">.\..\..\00_Object\Tree\Nature_Bgrass2001_01.nif</PROPERTY>
        </COMPONENT>
        <COMPONENT LinkID="4" Class="NiGeneralComponent" Name="Hide Object" TemplateID="f6,46,16,db,61,92,23,47,b5,4a,da,2d,42,d7,85,b9">
            <PROPERTY Class="Float" Name="Alpha Value" SemanticType="Float" DisplayName="Alpha Value" Description="">0.4000000059604645</PROPERTY>
            <PROPERTY Class="Boolean" Name="Alpha Enable" SemanticType="Boolean" DisplayName="Alpha Enable" Description="">FALSE</PROPERTY>
            <PROPERTY Class="Boolean" Name="Hide Object" SemanticType="Boolean" DisplayName="Hide Object" Description="">FALSE</PROPERTY>
        </COMPONENT>
        <COMPONENT LinkID="5" Class="NiTransformationComponent" Name="Transformation">
            <PROPERTY Class="Point3" Name="Translation">-1720.2374267578125000, 1067.2440185546875000, 292.9393310546875000</PROPERTY>
            <PROPERTY Class="Matrix3" Name="Rotation">
                <ROW>0.9414959549903870, 0.3370246291160584, 0.0000000000000000</ROW>
                <ROW>-0.3370246291160584, 0.9414959549903870, 0.0000000000000000</ROW>
                <ROW>0.0000000000000000, 0.0000000000000000, 1.0000000000000000</ROW>
            </PROPERTY>
            <PROPERTY Class="Float" Name="Scale">1.3885105848312378</PROPERTY>
        </COMPONENT>
        <COMPONENT LinkID="6" Class="NiSceneGraphComponent" Name="Scene Graph" MasterLinkID="3" />
        <COMPONENT LinkID="7" Class="NiGeneralComponent" Name="Hide Object" TemplateID="f6,46,16,db,61,92,23,47,b5,4a,da,2d,42,d7,85,b9" MasterLinkID="4">
            <PROPERTY Class="Boolean" Name="Alpha Enable" SemanticType="Boolean" DisplayName="Alpha Enable" Description="">TRUE</PROPERTY>
        </COMPONENT>
        <ENTITY LinkID="8" Class="NiGeneralEntity" Name="Art_Fance10002_01 07" Type="Object" UsePhysX="FALSE" PostfixTexture="" Optimization="Low" AlphaGroup="1" RandomAni="TRUE" TemplateID="4,ca,28,66,56,49,9f,45,b6,20,f9,b4,6,be,c0,d7" MasterLinkID="9">
            <COMPONENT RefLinkID="13" />
            <COMPONENT RefLinkID="14" />
            <COMPONENT RefLinkID="15" />
        </ENTITY>
        <ENTITY LinkID="9" Class="NiGeneralEntity" Name="[Object]Fance.Art_Fance10002_01" TemplateID="9f,21,86,db,5c,87,45,43,8b,87,12,67,ea,ef,2,ee">
            <COMPONENT RefLinkID="10" />
            <COMPONENT RefLinkID="11" />
            <COMPONENT RefLinkID="12" />
        </ENTITY>
        <COMPONENT LinkID="10" Class="NiTransformationComponent" Name="Transformation">
            <PROPERTY Class="Point3" Name="Translation">0.0000000000000000, 0.0000000000000000, 0.0000000000000000</PROPERTY>
            <PROPERTY Class="Matrix3" Name="Rotation">
                <ROW>1.0000000000000000, 0.0000000000000000, 0.0000000000000000</ROW>
                <ROW>0.0000000000000000, 1.0000000000000000, 0.0000000000000000</ROW>
                <ROW>0.0000000000000000, 0.0000000000000000, 1.0000000000000000</ROW>
            </PROPERTY>
            <PROPERTY Class="Float" Name="Scale">1.0000000000000000</PROPERTY>
        </COMPONENT>
        <COMPONENT LinkID="11" Class="NiSceneGraphComponent" Name="Scene Graph">
            <PROPERTY Class="String" Name="NIF File Path" Asset="TRUE">.\..\..\00_Object\Fance\Art_Fance10002_01.nif</PROPERTY>
        </COMPONENT>
        <COMPONENT LinkID="12" Class="NiGeneralComponent" Name="Hide Object" TemplateID="f6,46,16,db,61,92,23,47,b5,4a,da,2d,42,d7,85,b9">
            <PROPERTY Class="Float" Name="Alpha Value" SemanticType="Float" DisplayName="Alpha Value" Description="">0.4000000059604645</PROPERTY>
            <PROPERTY Class="Boolean" Name="Alpha Enable" SemanticType="Boolean" DisplayName="Alpha Enable" Description="">FALSE</PROPERTY>
            <PROPERTY Class="Boolean" Name="Hide Object" SemanticType="Boolean" DisplayName="Hide Object" Description="">FALSE</PROPERTY>
        </COMPONENT>
        <COMPONENT LinkID="13" Class="NiTransformationComponent" Name="Transformation">
            <PROPERTY Class="Point3" Name="Translation">-1459.7097167968750000, 1074.7731933593750000, 291.9057617187500000</PROPERTY>
            <PROPERTY Class="Matrix3" Name="Rotation">
                <ROW>-0.0852339118719101, -0.9963316321372986, 0.0076404330320656</ROW>
                <ROW>0.9963601827621460, -0.0852406471967697, -0.0005461665568873</ROW>
                <ROW>0.0011954447254539, 0.0075660869479179, 0.9999707341194153</ROW>
            </PROPERTY>
            <PROPERTY Class="Float" Name="Scale">1.0000000000000000</PROPERTY>
        </COMPONENT>
        <COMPONENT LinkID="14" Class="NiSceneGraphComponent" Name="Scene Graph" MasterLinkID="11" />
        <COMPONENT LinkID="15" Class="NiGeneralComponent" Name="Hide Object" TemplateID="f6,46,16,db,61,92,23,47,b5,4a,da,2d,42,d7,85,b9" MasterLinkID="12" />
        <ENTITY LinkID="16" Class="NiGeneralEntity" Name="Nature_Flower3001_02 16" Type="Object" UsePhysX="FALSE" PostfixTexture="" Optimization="2" AlphaGroup="1" RandomAni="TRUE" TemplateID="58,65,21,7e,f6,28,4b,4c,98,69,51,cf,59,12,5a,af" MasterLinkID="17">
            <COMPONENT RefLinkID="21" />
            <COMPONENT RefLinkID="22" />
            <COMPONENT RefLinkID="23" />
        </ENTITY>
        <ENTITY LinkID="17" Class="NiGeneralEntity" Name="[Object]Flower.Nature_Flower3001_02" TemplateID="58,65,21,7e,f6,28,4b,4c,98,69,51,cf,59,12,5a,af">
            <COMPONENT RefLinkID="18" />
            <COMPONENT RefLinkID="19" />
            <COMPONENT RefLinkID="20" />
        </ENTITY>
        <COMPONENT LinkID="18" Class="NiTransformationComponent" Name="Transformation">
            <PROPERTY Class="Point3" Name="Translation">0.0000000000000000, 0.0000000000000000, 0.0000000000000000</PROPERTY>
            <PROPERTY Class="Matrix3" Name="Rotation">
                <ROW>1.0000000000000000, 0.0000000000000000, 0.0000000000000000</ROW>
                <ROW>0.0000000000000000, 1.0000000000000000, 0.0000000000000000</ROW>
                <ROW>0.0000000000000000, 0.0000000000000000, 1.0000000000000000</ROW>
            </PROPERTY>
            <PROPERTY Class="Float" Name="Scale">1.0000000000000000</PROPERTY>
        </COMPONENT>
        <COMPONENT LinkID="19" Class="NiSceneGraphComponent" Name="Scene Graph">
            <PROPERTY Class="String" Name="NIF File Path" Asset="TRUE">.\..\..\00_Object\Flower\Nature_Flower3001_02.nif</PROPERTY>
        </COMPONENT>
        <COMPONENT LinkID="20" Class="NiGeneralComponent" Name="Hide Object" TemplateID="f6,46,16,db,61,92,23,47,b5,4a,da,2d,42,d7,85,b9">
            <PROPERTY Class="Float" Name="Alpha Value" SemanticType="Float" DisplayName="Alpha Value" Description="">0.4000000059604645</PROPERTY>
            <PROPERTY Class="Boolean" Name="Alpha Enable" SemanticType="Boolean" DisplayName="Alpha Enable" Description="">FALSE</PROPERTY>
            <PROPERTY Class="Boolean" Name="Hide Object" SemanticType="Boolean" DisplayName="Hide Object" Description="">FALSE</PROPERTY>
        </COMPONENT>
        <COMPONENT LinkID="21" Class="NiTransformationComponent" Name="Transformation">
            <PROPERTY Class="Point3" Name="Translation">-1551.2866210937500000, 929.5328979492187500, 289.3333740234375000</PROPERTY>
            <PROPERTY Class="Matrix3" Name="Rotation">
                <ROW>0.9830479025840759, -0.1833488941192627, 0.0000000000000000</ROW>
                <ROW>0.1833488941192627, 0.9830479025840759, 0.0000000000000000</ROW>
                <ROW>0.0000000000000000, 0.0000000000000000, 1.0000000000000000</ROW>
            </PROPERTY>
            <PROPERTY Class="Float" Name="Scale">0.8290543556213379</PROPERTY>
        </COMPONENT>
        <COMPONENT LinkID="22" Class="NiSceneGraphComponent" Name="Scene Graph" MasterLinkID="19" />
        <COMPONENT LinkID="23" Class="NiGeneralComponent" Name="Hide Object" TemplateID="f6,46,16,db,61,92,23,47,b5,4a,da,2d,42,d7,85,b9" MasterLinkID="20" />
        <ENTITY LinkID="24" Class="NiGeneralEntity" Name="Nature_Sharptree1001_01 06" Type="Object" UsePhysX="FALSE" PostfixTexture="" Optimization="1" AlphaGroup="1" RandomAni="TRUE" TemplateID="84,b0,6,27,ad,f8,85,4b,b8,c3,8f,18,93,2a,c5,a5" MasterLinkID="25">
            <COMPONENT RefLinkID="29" />
            <COMPONENT RefLinkID="30" />
            <COMPONENT RefLinkID="31" />
        </ENTITY>
        <ENTITY LinkID="25" Class="NiGeneralEntity" Name="[Object]Tree.Nature_Sharptree1001_01" TemplateID="d1,6d,1f,a4,4f,b1,8f,45,b1,4d,f3,b5,4c,bb,a4,c">
            <COMPONENT RefLinkID="26" />
            <COMPONENT RefLinkID="27" />
            <COMPONENT RefLinkID="28" />
        </ENTITY>
        <COMPONENT LinkID="26" Class="NiTransformationComponent" Name="Transformation">
            <PROPERTY Class="Point3" Name="Translation">0.0000000000000000, 0.0000000000000000, 0.0000000000000000</PROPERTY>
            <PROPERTY Class="Matrix3" Name="Rotation">
                <ROW>1.0000000000000000, 0.0000000000000000, 0.0000000000000000</ROW>
                <ROW>0.0000000000000000, 1.0000000000000000, 0.0000000000000000</ROW>
                <ROW>0.0000000000000000, 0.0000000000000000, 1.0000000000000000</ROW>
            </PROPERTY>
            <PROPERTY Class="Float" Name="Scale">1.0000000000000000</PROPERTY>
        </COMPONENT>
        <COMPONENT LinkID="27" Class="NiSceneGraphComponent" Name="Scene Graph">
            <PROPERTY Class="String" Name="NIF File Path" Asset="TRUE">.\..\..\00_Object\Tree\Nature_Sharptree1001_01.nif</PROPERTY>
        </COMPONENT>
        <COMPONENT LinkID="28" Class="NiGeneralComponent" Name="Hide Object" TemplateID="f6,46,16,db,61,92,23,47,b5,4a,da,2d,42,d7,85,b9">
            <PROPERTY Class="Float" Name="Alpha Value" SemanticType="Float" DisplayName="Alpha Value" Description="">0.4000000059604645</PROPERTY>
            <PROPERTY Class="Boolean" Name="Alpha Enable" SemanticType="Boolean" DisplayName="Alpha Enable" Description="">FALSE</PROPERTY>
            <PROPERTY Class="Boolean" Name="Hide Object" SemanticType="Boolean" DisplayName="Hide Object" Description="">FALSE</PROPERTY>
        </COMPONENT>
        <COMPONENT LinkID="29" Class="NiTransformationComponent" Name="Transformation">
            <PROPERTY Class="Point3" Name="Translation">-1879.9918212890625000, 883.6840820312500000, 277.2686767578125000</PROPERTY>
            <PROPERTY Class="Matrix3" Name="Rotation">
                <ROW>0.9139499664306641, -0.4058268964290619, 0.0000000000000000</ROW>
                <ROW>0.4058268964290619, 0.9139499664306641, 0.0000000000000000</ROW>
                <ROW>0.0000000000000000, 0.0000000000000000, 1.0000000000000000</ROW>
            </PROPERTY>
            <PROPERTY Class="Float" Name="Scale">1.4487804174423218</PROPERTY>
        </COMPONENT>
        <COMPONENT LinkID="30" Class="NiSceneGraphComponent" Name="Scene Graph" MasterLinkID="27" />
        <COMPONENT LinkID="31" Class="NiGeneralComponent" Name="Hide Object" TemplateID="f6,46,16,db,61,92,23,47,b5,4a,da,2d,42,d7,85,b9" MasterLinkID="28">
            <PROPERTY Class="Boolean" Name="Alpha Enable" SemanticType="Boolean" DisplayName="Alpha Enable" Description="">TRUE</PROPERTY>
        </COMPONENT>
        <ENTITY LinkID="32" Class="NiGeneralEntity" Name="Art_BariGate1001_01 04" Type="Object" UsePhysX="FALSE" PostfixTexture="" Optimization="Low" AlphaGroup="1" RandomAni="TRUE" TemplateID="30,fd,b,27,42,a6,b5,46,81,89,ec,f2,c8,48,9d,f" MasterLinkID="33">
            <COMPONENT RefLinkID="37" />
            <COMPONENT RefLinkID="38" />
            <COMPONENT RefLinkID="39" />
        </ENTITY>
        <ENTITY LinkID="33" Class="NiGeneralEntity" Name="[Object]Fance.Art_BariGate1001_01" TemplateID="62,38,cd,34,eb,c1,a1,47,87,e1,3b,87,2d,f8,d2,cb">
            <COMPONENT RefLinkID="34" />
            <COMPONENT RefLinkID="35" />
            <COMPONENT RefLinkID="36" />
        </ENTITY>
        <COMPONENT LinkID="34" Class="NiTransformationComponent" Name="Transformation">
            <PROPERTY Class="Point3" Name="Translation">0.0000000000000000, 0.0000000000000000, 0.0000000000000000</PROPERTY>
            <PROPERTY Class="Matrix3" Name="Rotation">
                <ROW>1.0000000000000000, 0.0000000000000000, 0.0000000000000000</ROW>
                <ROW>0.0000000000000000, 1.0000000000000000, 0.0000000000000000</ROW>
                <ROW>0.0000000000000000, 0.0000000000000000, 1.0000000000000000</ROW>
            </PROPERTY>
            <PROPERTY Class="Float" Name="Scale">1.0000000000000000</PROPERTY>
        </COMPONENT>
        <COMPONENT LinkID="35" Class="NiSceneGraphComponent" Name="Scene Graph">
            <PROPERTY Class="String" Name="NIF File Path" Asset="TRUE">.\..\..\00_Object\Fance\Art_BariGate1001_01.nif</PROPERTY>
        </COMPONENT>
        <COMPONENT LinkID="36" Class="NiGeneralComponent" Name="Hide Object" TemplateID="f6,46,16,db,61,92,23,47,b5,4a,da,2d,42,d7,85,b9">
            <PROPERTY Class="Float" Name="Alpha Value" SemanticType="Float" DisplayName="Alpha Value" Description="">0.3000000119209290</PROPERTY>
            <PROPERTY Class="Boolean" Name="Alpha Enable" SemanticType="Boolean" DisplayName="Alpha Enable" Description="">FALSE</PROPERTY>
            <PROPERTY Class="Boolean" Name="Hide Object" SemanticType="Boolean" DisplayName="Hide Object" Description="">FALSE</PROPERTY>
        </COMPONENT>
        <COMPONENT LinkID="37" Class="NiTransformationComponent" Name="Transformation">
            <PROPERTY Class="Point3" Name="Translation">-1713.7878417968750000, 833.7086181640625000, 291.5031738281250000</PROPERTY>
            <PROPERTY Class="Matrix3" Name="Rotation">
                <ROW>0.9928842782974243, -0.1190829277038574, 0.0000000000000000</ROW>
                <ROW>0.1190829277038574, 0.9928842782974243, 0.0000000000000000</ROW>
                <ROW>0.0000000000000000, 0.0000000000000000, 1.0000000000000000</ROW>
            </PROPERTY>
            <PROPERTY Class="Float" Name="Scale">1.0000000000000000</PROPERTY>
        </COMPONENT>
        <COMPONENT LinkID="38" Class="NiSceneGraphComponent" Name="Scene Graph" MasterLinkID="35" />
        <COMPONENT LinkID="39" Class="NiGeneralComponent" Name="Hide Object" TemplateID="f6,46,16,db,61,92,23,47,b5,4a,da,2d,42,d7,85,b9" MasterLinkID="36" />
        <ENTITY LinkID="40" Class="NiGeneralEntity" Name="Art_Camp2001_02 03" Type="Object" UsePhysX="FALSE" PostfixTexture="" Optimization="Low" AlphaGroup="1" RandomAni="TRUE" TemplateID="39,33,dc,d8,dd,8e,61,49,85,a2,f,4b,ec,46,88,c0" MasterLinkID="41">
            <COMPONENT RefLinkID="45" />
            <COMPONENT RefLinkID="46" />
            <COMPONENT RefLinkID="47" />
        </ENTITY>
        <ENTITY LinkID="41" Class="NiGeneralEntity" Name="[Object]House.Art_Camp2001_02" TemplateID="b2,85,23,5,b,14,c1,47,a6,63,36,26,1f,95,18,5f">
            <COMPONENT RefLinkID="42" />
            <COMPONENT RefLinkID="43" />
            <COMPONENT RefLinkID="44" />
        </ENTITY>
        <COMPONENT LinkID="42" Class="NiTransformationComponent" Name="Transformation">
            <PROPERTY Class="Point3" Name="Translation">0.0000000000000000, 0.0000000000000000, 0.0000000000000000</PROPERTY>
            <PROPERTY Class="Matrix3" Name="Rotation">
                <ROW>1.0000000000000000, 0.0000000000000000, 0.0000000000000000</ROW>
                <ROW>0.0000000000000000, 1.0000000000000000, 0.0000000000000000</ROW>
                <ROW>0.0000000000000000, 0.0000000000000000, 1.0000000000000000</ROW>
            </PROPERTY>
            <PROPERTY Class="Float" Name="Scale">1.0000000000000000</PROPERTY>
        </COMPONENT>
        <COMPONENT LinkID="43" Class="NiSceneGraphComponent" Name="Scene Graph">
            <PROPERTY Class="String" Name="NIF File Path" Asset="TRUE">.\..\..\00_Object\House\Art_Camp2001_02.nif</PROPERTY>
        </COMPONENT>
        <COMPONENT LinkID="44" Class="NiGeneralComponent" Name="Hide Object" TemplateID="f6,46,16,db,61,92,23,47,b5,4a,da,2d,42,d7,85,b9">
            <PROPERTY Class="Float" Name="Alpha Value" SemanticType="Float" DisplayName="Alpha Value" Description="">0.4000000059604645</PROPERTY>
            <PROPERTY Class="Boolean" Name="Alpha Enable" SemanticType="Boolean" DisplayName="Alpha Enable" Description="">FALSE</PROPERTY>
            <PROPERTY Class="Boolean" Name="Hide Object" SemanticType="Boolean" DisplayName="Hide Object" Description="">FALSE</PROPERTY>
        </COMPONENT>
        <COMPONENT LinkID="45" Class="NiTransformationComponent" Name="Transformation">
            <PROPERTY Class="Point3" Name="Translation">-1628.1503906250000000, 1012.1010742187500000, 292.9063720703125000</PROPERTY>
            <PROPERTY Class="Matrix3" Name="Rotation">
                <ROW>0.9993965029716492, 0.0347358137369156, 0.0000000000000000</ROW>
                <ROW>-0.0347358137369156, 0.9993965029716492, 0.0000000000000000</ROW>
                <ROW>0.0000000000000000, 0.0000000000000000, 1.0000000000000000</ROW>
            </PROPERTY>
            <PROPERTY Class="Float" Name="Scale">1.0000000000000000</PROPERTY>
        </COMPONENT>
        <COMPONENT LinkID="46" Class="NiSceneGraphComponent" Name="Scene Graph" MasterLinkID="43" />
        <COMPONENT LinkID="47" Class="NiGeneralComponent" Name="Hide Object" TemplateID="f6,46,16,db,61,92,23,47,b5,4a,da,2d,42,d7,85,b9" MasterLinkID="44" />
        <ENTITY LinkID="48" Class="NiGeneralEntity" Name="Art_BariGate1001_01 05" Type="Object" UsePhysX="FALSE" PostfixTexture="" Optimization="Low" AlphaGroup="1" RandomAni="TRUE" TemplateID="30,fd,b,27,42,a6,b5,46,81,89,ec,f2,c8,48,9d,f" MasterLinkID="33">
            <COMPONENT RefLinkID="49" />
            <COMPONENT RefLinkID="50" />
            <COMPONENT RefLinkID="51" />
        </ENTITY>
        <COMPONENT LinkID="49" Class="NiTransformationComponent" Name="Transformation">
            <PROPERTY Class="Point3" Name="Translation">-1562.0738525390625000, 896.8544311523437500, 291.5948486328125000</PROPERTY>
            <PROPERTY Class="Matrix3" Name="Rotation">
                <ROW>0.9993965029716492, 0.0347358137369156, 0.0000000000000000</ROW>
                <ROW>-0.0347358137369156, 0.9993965029716492, 0.0000000000000000</ROW>
                <ROW>0.0000000000000000, 0.0000000000000000, 1.0000000000000000</ROW>
            </PROPERTY>
            <PROPERTY Class="Float" Name="Scale">1.0000000000000000</PROPERTY>
        </COMPONENT>
        <COMPONENT LinkID="50" Class="NiSceneGraphComponent" Name="Scene Graph" MasterLinkID="35" />
        <COMPONENT LinkID="51" Class="NiGeneralComponent" Name="Hide Object" TemplateID="f6,46,16,db,61,92,23,47,b5,4a,da,2d,42,d7,85,b9" MasterLinkID="36" />
        <ENTITY LinkID="52" Class="NiGeneralEntity" Name="Art_Fance10002_01 08" Type="Object" UsePhysX="FALSE" PostfixTexture="" Optimization="Low" AlphaGroup="1" RandomAni="TRUE" TemplateID="4,ca,28,66,56,49,9f,45,b6,20,f9,b4,6,be,c0,d7" MasterLinkID="9">
            <COMPONENT RefLinkID="53" />
            <COMPONENT RefLinkID="54" />
            <COMPONENT RefLinkID="55" />
        </ENTITY>
        <COMPONENT LinkID="53" Class="NiTransformationComponent" Name="Transformation">
            <PROPERTY Class="Point3" Name="Translation">-1490.7478027343750000, 941.4750366210937500, 291.9053955078125000</PROPERTY>
            <PROPERTY Class="Matrix3" Name="Rotation">
                <ROW>0.5141336321830750, -0.8575122356414795, 0.0184221900999546</ROW>
                <ROW>0.8577078580856323, 0.5140617489814758, -0.0088095758110285</ROW>
                <ROW>-0.0019158273935318, 0.0203301720321178, 0.9997915029525757</ROW>
            </PROPERTY>
            <PROPERTY Class="Float" Name="Scale">1.0000000000000000</PROPERTY>
        </COMPONENT>
        <COMPONENT LinkID="54" Class="NiSceneGraphComponent" Name="Scene Graph" MasterLinkID="11" />
        <COMPONENT LinkID="55" Class="NiGeneralComponent" Name="Hide Object" TemplateID="f6,46,16,db,61,92,23,47,b5,4a,da,2d,42,d7,85,b9" MasterLinkID="12" />
        <ENTITY LinkID="56" Class="NiGeneralEntity" Name="Nature_Bgrass2001_01 12" Type="Object" UsePhysX="FALSE" PostfixTexture="" Optimization="1" AlphaGroup="1" RandomAni="TRUE" TemplateID="cc,1d,f3,e5,41,8d,20,40,ad,9a,93,3b,c2,a9,52,e0" MasterLinkID="1">
            <COMPONENT RefLinkID="57" />
            <COMPONENT RefLinkID="58" />
            <COMPONENT RefLinkID="59" />
        </ENTITY>
        <COMPONENT LinkID="57" Class="NiTransformationComponent" Name="Transformation">
            <PROPERTY Class="Point3" Name="Translation">-1568.7346191406250000, 928.0195312500000000, 289.3333740234375000</PROPERTY>
            <PROPERTY Class="Matrix3" Name="Rotation">
                <ROW>0.9993965029716492, 0.0347358137369156, 0.0000000000000000</ROW>
                <ROW>-0.0347358137369156, 0.9993965029716492, 0.0000000000000000</ROW>
                <ROW>0.0000000000000000, 0.0000000000000000, 1.0000000000000000</ROW>
            </PROPERTY>
            <PROPERTY Class="Float" Name="Scale">0.6748013496398926</PROPERTY>
        </COMPONENT>
        <COMPONENT LinkID="58" Class="NiSceneGraphComponent" Name="Scene Graph" MasterLinkID="3" />
        <COMPONENT LinkID="59" Class="NiGeneralComponent" Name="Hide Object" TemplateID="f6,46,16,db,61,92,23,47,b5,4a,da,2d,42,d7,85,b9" MasterLinkID="4">
            <PROPERTY Class="Boolean" Name="Alpha Enable" SemanticType="Boolean" DisplayName="Alpha Enable" Description="">TRUE</PROPERTY>
        </COMPONENT>
        <ENTITY LinkID="60" Class="NiGeneralEntity" Name="Art_BoxWood1001_01 21" Type="Object" UsePhysX="FALSE" PostfixTexture="" Optimization="Low" AlphaGroup="1" RandomAni="TRUE" TemplateID="cf,3f,cd,52,f2,77,fa,40,be,d5,c,7e,dd,99,cf,57" MasterLinkID="61">
            <COMPONENT RefLinkID="65" />
            <COMPONENT RefLinkID="66" />
            <COMPONENT RefLinkID="67" />
        </ENTITY>
        <ENTITY LinkID="61" Class="NiGeneralEntity" Name="[Object]Box.Art_BoxWood1001_01" TemplateID="f1,ad,a0,98,6c,62,33,4a,af,d2,76,eb,76,4f,f1,59">
            <COMPONENT RefLinkID="62" />
            <COMPONENT RefLinkID="63" />
            <COMPONENT RefLinkID="64" />
        </ENTITY>
        <COMPONENT LinkID="62" Class="NiTransformationComponent" Name="Transformation">
            <PROPERTY Class="Point3" Name="Translation">0.0000000000000000, 0.0000000000000000, 0.0000000000000000</PROPERTY>
            <PROPERTY Class="Matrix3" Name="Rotation">
                <ROW>1.0000000000000000, 0.0000000000000000, 0.0000000000000000</ROW>
                <ROW>0.0000000000000000, 1.0000000000000000, 0.0000000000000000</ROW>
                <ROW>0.0000000000000000, 0.0000000000000000, 1.0000000000000000</ROW>
            </PROPERTY>
            <PROPERTY Class="Float" Name="Scale">1.0000000000000000</PROPERTY>
        </COMPONENT>
        <COMPONENT LinkID="63" Class="NiSceneGraphComponent" Name="Scene Graph">
            <PROPERTY Class="String" Name="NIF File Path" Asset="TRUE">.\..\..\00_Object\Box\Art_BoxWood1001_01.nif</PROPERTY>
        </COMPONENT>
        <COMPONENT LinkID="64" Class="NiGeneralComponent" Name="Hide Object" TemplateID="f6,46,16,db,61,92,23,47,b5,4a,da,2d,42,d7,85,b9">
            <PROPERTY Class="Float" Name="Alpha Value" SemanticType="Float" DisplayName="Alpha Value" Description="">0.4000000059604645</PROPERTY>
            <PROPERTY Class="Boolean" Name="Alpha Enable" SemanticType="Boolean" DisplayName="Alpha Enable" Description="">FALSE</PROPERTY>
            <PROPERTY Class="Boolean" Name="Hide Object" SemanticType="Boolean" DisplayName="Hide Object" Description="">FALSE</PROPERTY>
        </COMPONENT>
        <COMPONENT LinkID="65" Class="NiTransformationComponent" Name="Transformation">
            <PROPERTY Class="Point3" Name="Translation">-1829.5036621093750000, 966.2189331054687500, 335.0925292968750000</PROPERTY>
            <PROPERTY Class="Matrix3" Name="Rotation">
                <ROW>0.4798033833503723, 0.8773757815361023, 0.0004755955305882</ROW>
                <ROW>-0.8773758411407471, 0.4798035025596619, -0.0001884176890599</ROW>
                <ROW>-0.0003935055865441, -0.0003268726868555, 0.9999998807907105</ROW>
            </PROPERTY>
            <PROPERTY Class="Float" Name="Scale">1.3941146135330200</PROPERTY>
        </COMPONENT>
        <COMPONENT LinkID="66" Class="NiSceneGraphComponent" Name="Scene Graph" MasterLinkID="63" />
        <COMPONENT LinkID="67" Class="NiGeneralComponent" Name="Hide Object" TemplateID="f6,46,16,db,61,92,23,47,b5,4a,da,2d,42,d7,85,b9" MasterLinkID="64" />
        <ENTITY LinkID="68" Class="NiGeneralEntity" Name="Art_BoxWood1001_01 31" Type="Object" UsePhysX="FALSE" PostfixTexture="" Optimization="Low" AlphaGroup="1" RandomAni="TRUE" TemplateID="cf,3f,cd,52,f2,77,fa,40,be,d5,c,7e,dd,99,cf,57" MasterLinkID="61">
            <COMPONENT RefLinkID="69" />
            <COMPONENT RefLinkID="70" />
            <COMPONENT RefLinkID="71" />
        </ENTITY>
        <COMPONENT LinkID="69" Class="NiTransformationComponent" Name="Transformation">
            <PROPERTY Class="Point3" Name="Translation">-1847.4299316406250000, 761.2906494140625000, 333.1740112304687500</PROPERTY>
            <PROPERTY Class="Matrix3" Name="Rotation">
                <ROW>0.4833328127861023, 0.8754364848136902, 0.0004710205248557</ROW>
                <ROW>-0.8754366636276245, 0.4833327531814575, 0.0001995794445975</ROW>
                <ROW>-0.0000529405442649, -0.0005088119651191, 0.9999999403953552</ROW>
            </PROPERTY>
            <PROPERTY Class="Float" Name="Scale">1.3941146135330200</PROPERTY>
        </COMPONENT>
        <COMPONENT LinkID="70" Class="NiSceneGraphComponent" Name="Scene Graph" MasterLinkID="63" />
        <COMPONENT LinkID="71" Class="NiGeneralComponent" Name="Hide Object" TemplateID="f6,46,16,db,61,92,23,47,b5,4a,da,2d,42,d7,85,b9" MasterLinkID="64" />
        <ENTITY LinkID="72" Class="NiGeneralEntity" Name="Art_BoxWood1001_01 33" Type="Object" UsePhysX="FALSE" PostfixTexture="" Optimization="Low" AlphaGroup="1" RandomAni="TRUE" TemplateID="cf,3f,cd,52,f2,77,fa,40,be,d5,c,7e,dd,99,cf,57" MasterLinkID="61">
            <COMPONENT RefLinkID="73" />
            <COMPONENT RefLinkID="74" />
            <COMPONENT RefLinkID="75" />
        </ENTITY>
        <COMPONENT LinkID="73" Class="NiTransformationComponent" Name="Transformation">
            <PROPERTY Class="Point3" Name="Translation">-1865.8126220703125000, 743.5706176757812500, 291.5484008789062500</PROPERTY>
            <PROPERTY Class="Matrix3" Name="Rotation">
                <ROW>0.9611757397651672, 0.2759367823600769, 0.0000000000000000</ROW>
                <ROW>-0.2759367823600769, 0.9611757397651672, 0.0000000000000000</ROW>
                <ROW>0.0000000000000000, 0.0000000000000000, 1.0000000000000000</ROW>
            </PROPERTY>
            <PROPERTY Class="Float" Name="Scale">1.3941146135330200</PROPERTY>
        </COMPONENT>
        <COMPONENT LinkID="74" Class="NiSceneGraphComponent" Name="Scene Graph" MasterLinkID="63" />
        <COMPONENT LinkID="75" Class="NiGeneralComponent" Name="Hide Object" TemplateID="f6,46,16,db,61,92,23,47,b5,4a,da,2d,42,d7,85,b9" MasterLinkID="64" />
        <ENTITY LinkID="76" Class="NiGeneralEntity" Name="Art_BoxWood1001_01 25" Type="Object" UsePhysX="FALSE" PostfixTexture="" Optimization="Low" AlphaGroup="1" RandomAni="TRUE" TemplateID="cf,3f,cd,52,f2,77,fa,40,be,d5,c,7e,dd,99,cf,57" MasterLinkID="61">
            <COMPONENT RefLinkID="77" />
            <COMPONENT RefLinkID="78" />
            <COMPONENT RefLinkID="79" />
        </ENTITY>
        <COMPONENT LinkID="77" Class="NiTransformationComponent" Name="Transformation">
            <PROPERTY Class="Point3" Name="Translation">-1541.2934570312500000, 1112.8776855468750000, 287.9628601074218700</PROPERTY>
            <PROPERTY Class="Matrix3" Name="Rotation">
                <ROW>0.9575604200363159, 0.2882319390773773, 0.0004710206121672</ROW>
                <ROW>-0.2882320284843445, 0.9575604796409607, 0.0001995794591494</ROW>
                <ROW>-0.0003935055865441, -0.0003268726868555, 0.9999998807907105</ROW>
            </PROPERTY>
            <PROPERTY Class="Float" Name="Scale">1.3941146135330200</PROPERTY>
        </COMPONENT>
        <COMPONENT LinkID="78" Class="NiSceneGraphComponent" Name="Scene Graph" MasterLinkID="63" />
        <COMPONENT LinkID="79" Class="NiGeneralComponent" Name="Hide Object" TemplateID="f6,46,16,db,61,92,23,47,b5,4a,da,2d,42,d7,85,b9" MasterLinkID="64" />
        <ENTITY LinkID="80" Class="NiGeneralEntity" Name="Art_BoxWood1001_01 28" Type="Object" UsePhysX="FALSE" PostfixTexture="" Optimization="Low" AlphaGroup="1" RandomAni="TRUE" TemplateID="cf,3f,cd,52,f2,77,fa,40,be,d5,c,7e,dd,99,cf,57" MasterLinkID="61">
            <COMPONENT RefLinkID="81" />
            <COMPONENT RefLinkID="82" />
            <COMPONENT RefLinkID="83" />
        </ENTITY>
        <COMPONENT LinkID="81" Class="NiTransformationComponent" Name="Transformation">
            <PROPERTY Class="Point3" Name="Translation">-1812.2266845703125000, 926.3973999023437500, 295.5642700195312500</PROPERTY>
            <PROPERTY Class="Matrix3" Name="Rotation">
                <ROW>0.4672598242759705, 0.8841199874877930, 0.0000000000000000</ROW>
                <ROW>-0.8841199874877930, 0.4672598242759705, 0.0000000000000000</ROW>
                <ROW>0.0000000000000000, 0.0000000000000000, 1.0000000000000000</ROW>
            </PROPERTY>
            <PROPERTY Class="Float" Name="Scale">1.3941146135330200</PROPERTY>
        </COMPONENT>
        <COMPONENT LinkID="82" Class="NiSceneGraphComponent" Name="Scene Graph" MasterLinkID="63" />
        <COMPONENT LinkID="83" Class="NiGeneralComponent" Name="Hide Object" TemplateID="f6,46,16,db,61,92,23,47,b5,4a,da,2d,42,d7,85,b9" MasterLinkID="64" />
        <ENTITY LinkID="84" Class="NiGeneralEntity" Name="Art_BoxWood1001_01 36" Type="Object" UsePhysX="FALSE" PostfixTexture="" Optimization="Low" AlphaGroup="1" RandomAni="TRUE" TemplateID="cf,3f,cd,52,f2,77,fa,40,be,d5,c,7e,dd,99,cf,57" MasterLinkID="61">
            <COMPONENT RefLinkID="85" />
            <COMPONENT RefLinkID="86" />
            <COMPONENT RefLinkID="87" />
        </ENTITY>
        <COMPONENT LinkID="85" Class="NiTransformationComponent" Name="Transformation">
            <PROPERTY Class="Point3" Name="Translation">-1829.8765869140625000, 965.2991943359375000, 294.7789916992187500</PROPERTY>
            <PROPERTY Class="Matrix3" Name="Rotation">
                <ROW>0.4917879104614258, 0.8692643046379089, -0.0502402707934380</ROW>
                <ROW>-0.8701632022857666, 0.4886037111282349, -0.0638919323682785</ROW>
                <ROW>-0.0309913940727711, 0.0751385241746902, 0.9966914057731628</ROW>
            </PROPERTY>
            <PROPERTY Class="Float" Name="Scale">1.3941146135330200</PROPERTY>
        </COMPONENT>
        <COMPONENT LinkID="86" Class="NiSceneGraphComponent" Name="Scene Graph" MasterLinkID="63" />
        <COMPONENT LinkID="87" Class="NiGeneralComponent" Name="Hide Object" TemplateID="f6,46,16,db,61,92,23,47,b5,4a,da,2d,42,d7,85,b9" MasterLinkID="64" />
        <ENTITY LinkID="88" Class="NiGeneralEntity" Name="Art_BoxWood1001_01 27" Type="Object" UsePhysX="FALSE" PostfixTexture="" Optimization="Low" AlphaGroup="1" RandomAni="TRUE" TemplateID="cf,3f,cd,52,f2,77,fa,40,be,d5,c,7e,dd,99,cf,57" MasterLinkID="61">
            <COMPONENT RefLinkID="89" />
            <COMPONENT RefLinkID="90" />
            <COMPONENT RefLinkID="91" />
        </ENTITY>
        <COMPONENT LinkID="89" Class="NiTransformationComponent" Name="Transformation">
            <PROPERTY Class="Point3" Name="Translation">-1800.6527099609375000, 941.1279296875000000, 337.7969360351562500</PROPERTY>
            <PROPERTY Class="Matrix3" Name="Rotation">
                <ROW>0.4672598242759705, 0.8841199874877930, 0.0000000000000000</ROW>
                <ROW>-0.8841199874877930, 0.4672598242759705, 0.0000000000000000</ROW>
                <ROW>0.0000000000000000, 0.0000000000000000, 1.0000000000000000</ROW>
            </PROPERTY>
            <PROPERTY Class="Float" Name="Scale">1.3941146135330200</PROPERTY>
        </COMPONENT>
        <COMPONENT LinkID="90" Class="NiSceneGraphComponent" Name="Scene Graph" MasterLinkID="63" />
        <COMPONENT LinkID="91" Class="NiGeneralComponent" Name="Hide Object" TemplateID="f6,46,16,db,61,92,23,47,b5,4a,da,2d,42,d7,85,b9" MasterLinkID="64" />
        <ENTITY LinkID="92" Class="NiGeneralEntity" Name="Art_BoxWood1001_01 34" Type="Object" UsePhysX="FALSE" PostfixTexture="" Optimization="Low" AlphaGroup="1" RandomAni="TRUE" TemplateID="cf,3f,cd,52,f2,77,fa,40,be,d5,c,7e,dd,99,cf,57" MasterLinkID="61">
            <COMPONENT RefLinkID="93" />
            <COMPONENT RefLinkID="94" />
            <COMPONENT RefLinkID="95" />
        </ENTITY>
        <COMPONENT LinkID="93" Class="NiTransformationComponent" Name="Transformation">
            <PROPERTY Class="Point3" Name="Translation">-1780.0122070312500000, 916.4278564453125000, 379.6204223632812500</PROPERTY>
            <PROPERTY Class="Matrix3" Name="Rotation">
                <ROW>-0.6168438196182251, 0.7870854139328003, 0.0000000000000000</ROW>
                <ROW>-0.7870854139328003, -0.6168438196182251, 0.0000000000000000</ROW>
                <ROW>0.0000000000000000, 0.0000000000000000, 1.0000000000000000</ROW>
            </PROPERTY>
            <PROPERTY Class="Float" Name="Scale">1.3941146135330200</PROPERTY>
        </COMPONENT>
        <COMPONENT LinkID="94" Class="NiSceneGraphComponent" Name="Scene Graph" MasterLinkID="63" />
        <COMPONENT LinkID="95" Class="NiGeneralComponent" Name="Hide Object" TemplateID="f6,46,16,db,61,92,23,47,b5,4a,da,2d,42,d7,85,b9" MasterLinkID="64" />
        <ENTITY LinkID="96" Class="NiGeneralEntity" Name="Art_BoxWood1001_01 32" Type="Object" UsePhysX="FALSE" PostfixTexture="" Optimization="Low" AlphaGroup="1" RandomAni="TRUE" TemplateID="cf,3f,cd,52,f2,77,fa,40,be,d5,c,7e,dd,99,cf,57" MasterLinkID="61">
            <COMPONENT RefLinkID="97" />
            <COMPONENT RefLinkID="98" />
            <COMPONENT RefLinkID="99" />
        </ENTITY>
        <COMPONENT LinkID="97" Class="NiTransformationComponent" Name="Transformation">
            <PROPERTY Class="Point3" Name="Translation">-1780.8857421875000000, 904.9183959960937500, 337.7969360351562500</PROPERTY>
            <PROPERTY Class="Matrix3" Name="Rotation">
                <ROW>0.4910080432891846, 0.8711549639701843, 0.0000000000000000</ROW>
                <ROW>-0.8711549639701843, 0.4910080432891846, 0.0000000000000000</ROW>
                <ROW>0.0000000000000000, 0.0000000000000000, 1.0000000000000000</ROW>
            </PROPERTY>
            <PROPERTY Class="Float" Name="Scale">1.3941146135330200</PROPERTY>
        </COMPONENT>
        <COMPONENT LinkID="98" Class="NiSceneGraphComponent" Name="Scene Graph" MasterLinkID="63" />
        <COMPONENT LinkID="99" Class="NiGeneralComponent" Name="Hide Object" TemplateID="f6,46,16,db,61,92,23,47,b5,4a,da,2d,42,d7,85,b9" MasterLinkID="64" />
        <ENTITY LinkID="100" Class="NiGeneralEntity" Name="Art_BoxWood1001_01 22" Type="Object" UsePhysX="FALSE" PostfixTexture="" Optimization="Low" AlphaGroup="1" RandomAni="TRUE" TemplateID="cf,3f,cd,52,f2,77,fa,40,be,d5,c,7e,dd,99,cf,57" MasterLinkID="61">
            <COMPONENT RefLinkID="101" />
            <COMPONENT RefLinkID="102" />
            <COMPONENT RefLinkID="103" />
        </ENTITY>
        <COMPONENT LinkID="101" Class="NiTransformationComponent" Name="Transformation">
            <PROPERTY Class="Point3" Name="Translation">-1780.8887939453125000, 900.4389648437500000, 295.5327758789062500</PROPERTY>
            <PROPERTY Class="Matrix3" Name="Rotation">
                <ROW>0.4798033833503723, 0.8773757815361023, 0.0004755955305882</ROW>
                <ROW>-0.8773758411407471, 0.4798035025596619, -0.0001884176890599</ROW>
                <ROW>-0.0003935055865441, -0.0003268726868555, 0.9999998807907105</ROW>
            </PROPERTY>
            <PROPERTY Class="Float" Name="Scale">1.3941146135330200</PROPERTY>
        </COMPONENT>
        <COMPONENT LinkID="102" Class="NiSceneGraphComponent" Name="Scene Graph" MasterLinkID="63" />
        <COMPONENT LinkID="103" Class="NiGeneralComponent" Name="Hide Object" TemplateID="f6,46,16,db,61,92,23,47,b5,4a,da,2d,42,d7,85,b9" MasterLinkID="64" />
        <ENTITY LinkID="104" Class="NiGeneralEntity" Name="Art_BoxWood1001_01 26" Type="Object" UsePhysX="FALSE" PostfixTexture="" Optimization="Low" AlphaGroup="1" RandomAni="TRUE" TemplateID="cf,3f,cd,52,f2,77,fa,40,be,d5,c,7e,dd,99,cf,57" MasterLinkID="61">
            <COMPONENT RefLinkID="105" />
            <COMPONENT RefLinkID="106" />
            <COMPONENT RefLinkID="107" />
        </ENTITY>
        <COMPONENT LinkID="105" Class="NiTransformationComponent" Name="Transformation">
            <PROPERTY Class="Point3" Name="Translation">-1813.1831054687500000, 875.7433471679687500, 291.7512817382812500</PROPERTY>
            <PROPERTY Class="Matrix3" Name="Rotation">
                <ROW>-0.2183552384376526, 0.9758692383766174, 0.0000000000000000</ROW>
                <ROW>-0.9758692383766174, -0.2183552384376526, 0.0000000000000000</ROW>
                <ROW>0.0000000000000000, 0.0000000000000000, 1.0000000000000000</ROW>
            </PROPERTY>
            <PROPERTY Class="Float" Name="Scale">1.3941146135330200</PROPERTY>
        </COMPONENT>
        <COMPONENT LinkID="106" Class="NiSceneGraphComponent" Name="Scene Graph" MasterLinkID="63" />
        <COMPONENT LinkID="107" Class="NiGeneralComponent" Name="Hide Object" TemplateID="f6,46,16,db,61,92,23,47,b5,4a,da,2d,42,d7,85,b9" MasterLinkID="64" />
