<?xml version="1.0" ?>
<GSA Major="1" Minor="0" Patch="0">
    <PALETTES_DIRECTORY>
        <PALETTE_DIR IDX="0" DIRECTORY=".\..\..\..\..\..\ToolBin\SceneDesigner\Release\Data\" />
        <PALETTE_DIR IDX="1" DIRECTORY=".\..\200_Hidden\..\..\Palettes\" />
    </PALETTES_DIRECTORY>
    <PALETTES>
        <PALETTE NAME="Default" DIR_IDX="0" />
        <PALETTE NAME="Block" DIR_IDX="1" />
        <PALETTE NAME="object" DIR_IDX="1" />
        <PALETTE NAME="General" DIR_IDX="1" />
        <PALETTE NAME="Effect" DIR_IDX="1" />
    </PALETTES>
    <OBJECTS>
        <ENTITY LinkID="0" Class="NiGeneralEntity" Name="Art_SmallShip1001_04_Ani 02" Type="Object" UsePhysX="FALSE" PostfixTexture="" Optimization="0" AlphaGroup="1" RandomAni="TRUE" TemplateID="a7,c5,f3,7c,9a,49,28,48,94,3c,28,85,5e,ee,f0,8b" MasterLinkID="1">
            <COMPONENT RefLinkID="6" />
            <COMPONENT RefLinkID="7" />
            <COMPONENT RefLinkID="8" />
            <COMPONENT RefLinkID="9" />
        </ENTITY>
        <ENTITY LinkID="1" Class="NiGeneralEntity" Name="[object]Ship.Art_SmallShip1001_04_Ani" TemplateID="a7,c5,f3,7c,9a,49,28,48,94,3c,28,85,5e,ee,f0,8b">
            <COMPONENT RefLinkID="2" />
            <COMPONENT RefLinkID="3" />
            <COMPONENT RefLinkID="4" />
            <COMPONENT RefLinkID="5" />
        </ENTITY>
        <COMPONENT LinkID="2" Class="NiTransformationComponent" Name="Transformation">
            <PROPERTY Class="Point3" Name="Translation">0.0000000000000000, 0.0000000000000000, 0.0000000000000000</PROPERTY>
            <PROPERTY Class="Matrix3" Name="Rotation">
                <ROW>1.0000000000000000, 0.0000000000000000, 0.0000000000000000</ROW>
                <ROW>0.0000000000000000, 1.0000000000000000, 0.0000000000000000</ROW>
                <ROW>0.0000000000000000, 0.0000000000000000, 1.0000000000000000</ROW>
            </PROPERTY>
            <PROPERTY Class="Float" Name="Scale">1.0000000000000000</PROPERTY>
        </COMPONENT>
        <COMPONENT LinkID="3" Class="NiSceneGraphComponent" Name="Scene Graph">
            <PROPERTY Class="String" Name="NIF File Path" Asset="TRUE">.\..\..\00_Object\Ship\Art_SmallShip1001_04_Ani.nif</PROPERTY>
        </COMPONENT>
        <COMPONENT LinkID="4" Class="NiGeneralComponent" Name="Animation Object" TemplateID="c5,83,7b,6f,ea,53,7d,45,95,5a,2e,ab,38,28,a5,76">
            <PROPERTY Class="Float" Name="Phase" SemanticType="Float" DisplayName="Phase" Description="">-1000.0000000000000000</PROPERTY>
        </COMPONENT>
        <COMPONENT LinkID="5" Class="NiGeneralComponent" Name="Hide Object" TemplateID="f6,46,16,db,61,92,23,47,b5,4a,da,2d,42,d7,85,b9">
            <PROPERTY Class="Float" Name="Alpha Value" SemanticType="Float" DisplayName="Alpha Value" Description="">0.4000000059604645</PROPERTY>
            <PROPERTY Class="Boolean" Name="Alpha Enable" SemanticType="Boolean" DisplayName="Alpha Enable" Description="">FALSE</PROPERTY>
        </COMPONENT>
        <COMPONENT LinkID="6" Class="NiTransformationComponent" Name="Transformation">
            <PROPERTY Class="Point3" Name="Translation">-6893.8481445312500000, 1434.6713867187500000, -148.4785766601562500</PROPERTY>
            <PROPERTY Class="Matrix3" Name="Rotation">
                <ROW>-0.2588191032409668, 0.9659258723258972, -0.0000021393248062</ROW>
                <ROW>-0.9659258723258972, -0.2588191032409668, 0.0000005751081176</ROW>
                <ROW>0.0000000018136027, 0.0000022152778456, 1.0000000000000000</ROW>
            </PROPERTY>
            <PROPERTY Class="Float" Name="Scale">1.5000000000000000</PROPERTY>
        </COMPONENT>
        <COMPONENT LinkID="7" Class="NiSceneGraphComponent" Name="Scene Graph" MasterLinkID="3" />
        <COMPONENT LinkID="8" Class="NiGeneralComponent" Name="Animation Object" TemplateID="c5,83,7b,6f,ea,53,7d,45,95,5a,2e,ab,38,28,a5,76" MasterLinkID="4" />
        <COMPONENT LinkID="9" Class="NiGeneralComponent" Name="Hide Object" TemplateID="f6,46,16,db,61,92,23,47,b5,4a,da,2d,42,d7,85,b9" MasterLinkID="5" />
        <ENTITY LinkID="10" Class="NiGeneralEntity" Name="Nature_Flower3001_03 93" Type="Object" UsePhysX="FALSE" PostfixTexture="" Optimization="1" AlphaGroup="0" RandomAni="TRUE" TemplateID="8e,50,47,60,12,a0,f5,45,88,cb,6b,c4,cd,b3,9d,b2" MasterLinkID="11">
            <COMPONENT RefLinkID="14" />
            <COMPONENT RefLinkID="15" />
        </ENTITY>
        <ENTITY LinkID="11" Class="NiGeneralEntity" Name="[object]Flower.Nature_Flower3001_03" TemplateID="8e,50,47,60,12,a0,f5,45,88,cb,6b,c4,cd,b3,9d,b2">
            <COMPONENT RefLinkID="12" />
            <COMPONENT RefLinkID="13" />
        </ENTITY>
        <COMPONENT LinkID="12" Class="NiTransformationComponent" Name="Transformation">
            <PROPERTY Class="Point3" Name="Translation">0.0000000000000000, 0.0000000000000000, 0.0000000000000000</PROPERTY>
            <PROPERTY Class="Matrix3" Name="Rotation">
                <ROW>1.0000000000000000, 0.0000000000000000, 0.0000000000000000</ROW>
                <ROW>0.0000000000000000, 1.0000000000000000, 0.0000000000000000</ROW>
                <ROW>0.0000000000000000, 0.0000000000000000, 1.0000000000000000</ROW>
            </PROPERTY>
            <PROPERTY Class="Float" Name="Scale">1.0000000000000000</PROPERTY>
        </COMPONENT>
        <COMPONENT LinkID="13" Class="NiSceneGraphComponent" Name="Scene Graph">
            <PROPERTY Class="String" Name="NIF File Path" Asset="TRUE">.\..\..\00_Object\Flower\Nature_Flower3001_03.nif</PROPERTY>
        </COMPONENT>
        <COMPONENT LinkID="14" Class="NiTransformationComponent" Name="Transformation">
            <PROPERTY Class="Point3" Name="Translation">-269.6140747070312500, -860.0423583984375000, 4.1514358520507812</PROPERTY>
            <PROPERTY Class="Matrix3" Name="Rotation">
                <ROW>0.9687349796295166, -0.2480979561805725, 0.0000000000000000</ROW>
                <ROW>0.2480979561805725, 0.9687349796295166, 0.0000000000000000</ROW>
                <ROW>0.0000000000000000, 0.0000000000000000, 1.0000000000000000</ROW>
            </PROPERTY>
            <PROPERTY Class="Float" Name="Scale">1.0000000000000000</PROPERTY>
        </COMPONENT>
        <COMPONENT LinkID="15" Class="NiSceneGraphComponent" Name="Scene Graph" MasterLinkID="13" />
        <ENTITY LinkID="16" Class="NiGeneralEntity" Name="mini cam" Type="MinimapCamera" UsePhysX="FALSE" PostfixTexture="" Optimization="Low" AlphaGroup="1" RandomAni="FALSE" TemplateID="31,e4,f1,ae,7f,4f,58,4e,87,63,e3,36,31,5c,49,3a" Hidden="TRUE" MasterLinkID="17">
            <COMPONENT RefLinkID="20" />
            <COMPONENT RefLinkID="21" />
        </ENTITY>
        <ENTITY LinkID="17" Class="NiGeneralEntity" Name="[General]Cameras.Camera" TemplateID="31,e4,f1,ae,7f,4f,58,4e,87,63,e3,36,31,5c,49,3a">
            <COMPONENT RefLinkID="18" />
            <COMPONENT RefLinkID="19" />
        </ENTITY>
        <COMPONENT LinkID="18" Class="NiTransformationComponent" Name="Transformation">
            <PROPERTY Class="Point3" Name="Translation">0.0000000000000000, 0.0000000000000000, 0.0000000000000000</PROPERTY>
            <PROPERTY Class="Matrix3" Name="Rotation">
                <ROW>1.0000000000000000, 0.0000000000000000, 0.0000000000000000</ROW>
                <ROW>0.0000000000000000, 1.0000000000000000, 0.0000000000000000</ROW>
                <ROW>0.0000000000000000, 0.0000000000000000, 1.0000000000000000</ROW>
            </PROPERTY>
            <PROPERTY Class="Float" Name="Scale">1.0000000000000000</PROPERTY>
        </COMPONENT>
        <COMPONENT LinkID="19" Class="NiCameraComponent" Name="Camera">
            <PROPERTY Class="Float" Name="Field of View">90.0000000000000000</PROPERTY>
            <PROPERTY Class="Float" Name="Aspect Ratio">1.3333300352096558</PROPERTY>
            <PROPERTY Class="Float" Name="Near Clipping Plane">1.0000000000000000</PROPERTY>
            <PROPERTY Class="Float" Name="Far Clipping Plane">10000.0000000000000000</PROPERTY>
            <PROPERTY Class="Boolean" Name="Orthographic">FALSE</PROPERTY>
        </COMPONENT>
        <COMPONENT LinkID="20" Class="NiTransformationComponent" Name="Transformation">
            <PROPERTY Class="Point3" Name="Translation">2038.7122802734375000, -5641.6743164062500000, 3166.4184570312500000</PROPERTY>
            <PROPERTY Class="Matrix3" Name="Rotation">
                <ROW>-0.0219685845077038, -0.0161698479205370, 0.9996278882026672</ROW>
                <ROW>0.8050629496574402, 0.5925618410110474, 0.0272778794169426</ROW>
                <ROW>-0.5927824378013611, 0.8053626418113709, -0.0000000000000000</ROW>
            </PROPERTY>
            <PROPERTY Class="Float" Name="Scale">1.0000000000000000</PROPERTY>
        </COMPONENT>
        <COMPONENT LinkID="21" Class="NiCameraComponent" Name="Camera">
            <PROPERTY Class="Float" Name="Field of View">89.9999923706054690</PROPERTY>
            <PROPERTY Class="Float" Name="Aspect Ratio">1.3333333730697632</PROPERTY>
            <PROPERTY Class="Float" Name="Near Clipping Plane">10.0000000000000000</PROPERTY>
            <PROPERTY Class="Float" Name="Far Clipping Plane">100000.0000000000000000</PROPERTY>
            <PROPERTY Class="Boolean" Name="Orthographic">FALSE</PROPERTY>
        </COMPONENT>
        <ENTITY LinkID="22" Class="NiGeneralEntity" Name="Neture_Cliff_1008_01 22" Type="Object" UsePhysX="FALSE" PostfixTexture="" Optimization="0" AlphaGroup="3" RandomAni="FALSE" TemplateID="ea,c6,34,2,16,94,9b,47,b7,ff,77,26,be,84,87,63" MasterLinkID="23">
            <COMPONENT RefLinkID="26" />
            <COMPONENT RefLinkID="27" />
        </ENTITY>
        <ENTITY LinkID="23" Class="NiGeneralEntity" Name="[object]Ground.Neture_Cliff_1008_01" TemplateID="ea,c6,34,2,16,94,9b,47,b7,ff,77,26,be,84,87,63">
            <COMPONENT RefLinkID="24" />
            <COMPONENT RefLinkID="25" />
        </ENTITY>
        <COMPONENT LinkID="24" Class="NiTransformationComponent" Name="Transformation">
            <PROPERTY Class="Point3" Name="Translation">0.0000000000000000, 0.0000000000000000, 0.0000000000000000</PROPERTY>
            <PROPERTY Class="Matrix3" Name="Rotation">
                <ROW>1.0000000000000000, 0.0000000000000000, 0.0000000000000000</ROW>
                <ROW>0.0000000000000000, 1.0000000000000000, 0.0000000000000000</ROW>
                <ROW>0.0000000000000000, 0.0000000000000000, 1.0000000000000000</ROW>
            </PROPERTY>
            <PROPERTY Class="Float" Name="Scale">1.0000000000000000</PROPERTY>
        </COMPONENT>
        <COMPONENT LinkID="25" Class="NiSceneGraphComponent" Name="Scene Graph">
            <PROPERTY Class="String" Name="NIF File Path" Asset="TRUE">.\..\..\00_Object\Ground\Neture_Cliff_1008_01.nif</PROPERTY>
        </COMPONENT>
        <COMPONENT LinkID="26" Class="NiTransformationComponent" Name="Transformation">
            <PROPERTY Class="Point3" Name="Translation">-2056.5224609375000000, -324.5414428710937500, 526.4403686523437500</PROPERTY>
            <PROPERTY Class="Matrix3" Name="Rotation">
                <ROW>0.7788065075874329, -0.6272637844085693, 0.0000000000000000</ROW>
                <ROW>0.6272637844085693, 0.7788065075874329, 0.0000000000000000</ROW>
                <ROW>0.0000000000000000, 0.0000000000000000, 1.0000000000000000</ROW>
            </PROPERTY>
            <PROPERTY Class="Float" Name="Scale">1.5041059255599976</PROPERTY>
        </COMPONENT>
        <COMPONENT LinkID="27" Class="NiSceneGraphComponent" Name="Scene Graph" MasterLinkID="25" />
        <ENTITY LinkID="28" Class="NiGeneralEntity" Name="Nature_Tree1002_01 39" Type="Object" UsePhysX="FALSE" PostfixTexture="_T06" Optimization="0" AlphaGroup="1" RandomAni="FALSE" TemplateID="3f,97,c0,dd,de,f6,bb,4a,8c,a3,26,a8,77,1e,b4,e3" MasterLinkID="29">
            <COMPONENT RefLinkID="34" />
            <COMPONENT RefLinkID="35" />
            <COMPONENT RefLinkID="36" />
            <COMPONENT RefLinkID="37" />
        </ENTITY>
        <ENTITY LinkID="29" Class="NiGeneralEntity" Name="[object]Tree.Nature_Tree1002_01" TemplateID="3f,97,c0,dd,de,f6,bb,4a,8c,a3,26,a8,77,1e,b4,e3">
            <COMPONENT RefLinkID="30" />
            <COMPONENT RefLinkID="31" />
            <COMPONENT RefLinkID="32" />
            <COMPONENT RefLinkID="33" />
        </ENTITY>
        <COMPONENT LinkID="30" Class="NiTransformationComponent" Name="Transformation">
            <PROPERTY Class="Point3" Name="Translation">0.0000000000000000, 0.0000000000000000, 0.0000000000000000</PROPERTY>
            <PROPERTY Class="Matrix3" Name="Rotation">
                <ROW>1.0000000000000000, 0.0000000000000000, 0.0000000000000000</ROW>
                <ROW>0.0000000000000000, 1.0000000000000000, 0.0000000000000000</ROW>
                <ROW>0.0000000000000000, 0.0000000000000000, 1.0000000000000000</ROW>
            </PROPERTY>
            <PROPERTY Class="Float" Name="Scale">1.0000000000000000</PROPERTY>
        </COMPONENT>
        <COMPONENT LinkID="31" Class="NiSceneGraphComponent" Name="Scene Graph">
            <PROPERTY Class="String" Name="NIF File Path" Asset="TRUE">.\..\..\00_Object\Tree\Nature_Tree1002_01.nif</PROPERTY>
        </COMPONENT>
        <COMPONENT LinkID="32" Class="NiGeneralComponent" Name="Animation Object" TemplateID="c5,83,7b,6f,ea,53,7d,45,95,5a,2e,ab,38,28,a5,76">
            <PROPERTY Class="Float" Name="Phase" SemanticType="Float" DisplayName="Phase" Description="">-1000.0000000000000000</PROPERTY>
        </COMPONENT>
        <COMPONENT LinkID="33" Class="NiGeneralComponent" Name="Hide Object" TemplateID="f6,46,16,db,61,92,23,47,b5,4a,da,2d,42,d7,85,b9">
            <PROPERTY Class="Float" Name="Alpha Value" SemanticType="Float" DisplayName="Alpha Value" Description="">0.4000000059604645</PROPERTY>
            <PROPERTY Class="Boolean" Name="Alpha Enable" SemanticType="Boolean" DisplayName="Alpha Enable" Description="">FALSE</PROPERTY>
            <PROPERTY Class="Boolean" Name="Hide Object" SemanticType="Boolean" DisplayName="Hide Object" Description="">FALSE</PROPERTY>
        </COMPONENT>
        <COMPONENT LinkID="34" Class="NiTransformationComponent" Name="Transformation">
            <PROPERTY Class="Point3" Name="Translation">-1026.3342285156250000, -2170.2753906250000000, 542.1954345703125000</PROPERTY>
            <PROPERTY Class="Matrix3" Name="Rotation">
                <ROW>-0.1821103096008301, -0.9157375097274780, -0.3581349849700928</ROW>
                <ROW>0.9787364006042481, -0.2037850320339203, 0.0233867801725864</ROW>
                <ROW>-0.0943987071514130, -0.3462609052658081, 0.9333768486976624</ROW>
            </PROPERTY>
            <PROPERTY Class="Float" Name="Scale">0.7835594415664673</PROPERTY>
        </COMPONENT>
        <COMPONENT LinkID="35" Class="NiSceneGraphComponent" Name="Scene Graph" MasterLinkID="31" />
        <COMPONENT LinkID="36" Class="NiGeneralComponent" Name="Animation Object" TemplateID="c5,83,7b,6f,ea,53,7d,45,95,5a,2e,ab,38,28,a5,76" MasterLinkID="32" />
        <COMPONENT LinkID="37" Class="NiGeneralComponent" Name="Hide Object" TemplateID="f6,46,16,db,61,92,23,47,b5,4a,da,2d,42,d7,85,b9" MasterLinkID="33" />
        <ENTITY LinkID="38" Class="NiGeneralEntity" Name="Nature_Tree1002_01 41" Type="Object" UsePhysX="FALSE" PostfixTexture="_T05" Optimization="0" AlphaGroup="1" RandomAni="FALSE" TemplateID="3f,97,c0,dd,de,f6,bb,4a,8c,a3,26,a8,77,1e,b4,e3" MasterLinkID="29">
            <COMPONENT RefLinkID="39" />
            <COMPONENT RefLinkID="40" />
            <COMPONENT RefLinkID="41" />
            <COMPONENT RefLinkID="42" />
        </ENTITY>
        <COMPONENT LinkID="39" Class="NiTransformationComponent" Name="Transformation">
            <PROPERTY Class="Point3" Name="Translation">-1609.8541259765625000, -1616.4493408203125000, 495.4703369140625000</PROPERTY>
            <PROPERTY Class="Matrix3" Name="Rotation">
                <ROW>0.8034390211105347, 0.5309702157974243, 0.2693626880645752</ROW>
                <ROW>-0.5513487458229065, 0.8342748284339905, 0.0000000000000000</ROW>
                <ROW>-0.2247225046157837, -0.1485127806663513, 0.9630388021469116</ROW>
            </PROPERTY>
            <PROPERTY Class="Float" Name="Scale">1.8933677673339844</PROPERTY>
        </COMPONENT>
        <COMPONENT LinkID="40" Class="NiSceneGraphComponent" Name="Scene Graph" MasterLinkID="31" />
        <COMPONENT LinkID="41" Class="NiGeneralComponent" Name="Animation Object" TemplateID="c5,83,7b,6f,ea,53,7d,45,95,5a,2e,ab,38,28,a5,76" MasterLinkID="32" />
        <COMPONENT LinkID="42" Class="NiGeneralComponent" Name="Hide Object" TemplateID="f6,46,16,db,61,92,23,47,b5,4a,da,2d,42,d7,85,b9" MasterLinkID="33" />
        <ENTITY LinkID="43" Class="NiGeneralEntity" Name="Neture_Cliff_1012_01 53" Type="Object" UsePhysX="FALSE" PostfixTexture="" Optimization="0" AlphaGroup="3" RandomAni="FALSE" TemplateID="25,ed,a4,14,55,a1,8b,41,b6,63,b7,3c,92,fe,a8,1a" MasterLinkID="44">
            <COMPONENT RefLinkID="47" />
            <COMPONENT RefLinkID="48" />
        </ENTITY>
        <ENTITY LinkID="44" Class="NiGeneralEntity" Name="[object]Ground.Neture_Cliff_1012_01" TemplateID="25,ed,a4,14,55,a1,8b,41,b6,63,b7,3c,92,fe,a8,1a">
            <COMPONENT RefLinkID="45" />
            <COMPONENT RefLinkID="46" />
        </ENTITY>
        <COMPONENT LinkID="45" Class="NiTransformationComponent" Name="Transformation">
            <PROPERTY Class="Point3" Name="Translation">0.0000000000000000, 0.0000000000000000, 0.0000000000000000</PROPERTY>
            <PROPERTY Class="Matrix3" Name="Rotation">
                <ROW>1.0000000000000000, 0.0000000000000000, 0.0000000000000000</ROW>
                <ROW>0.0000000000000000, 1.0000000000000000, 0.0000000000000000</ROW>
                <ROW>0.0000000000000000, 0.0000000000000000, 1.0000000000000000</ROW>
            </PROPERTY>
            <PROPERTY Class="Float" Name="Scale">1.0000000000000000</PROPERTY>
        </COMPONENT>
        <COMPONENT LinkID="46" Class="NiSceneGraphComponent" Name="Scene Graph">
            <PROPERTY Class="String" Name="NIF File Path" Asset="TRUE">.\..\..\00_Object\Ground\Neture_Cliff_1012_01.nif</PROPERTY>
        </COMPONENT>
        <COMPONENT LinkID="47" Class="NiTransformationComponent" Name="Transformation">
            <PROPERTY Class="Point3" Name="Translation">-2683.3896484375000000, -1510.9649658203125000, -655.9266967773437500</PROPERTY>
            <PROPERTY Class="Matrix3" Name="Rotation">
                <ROW>0.9713366031646729, -0.2377078831195831, 0.0000000000000000</ROW>
                <ROW>0.2377078831195831, 0.9713366031646729, 0.0000000000000000</ROW>
                <ROW>0.0000000000000000, 0.0000000000000000, 1.0000000000000000</ROW>
            </PROPERTY>
            <PROPERTY Class="Float" Name="Scale">2.5000000000000000</PROPERTY>
        </COMPONENT>
        <COMPONENT LinkID="48" Class="NiSceneGraphComponent" Name="Scene Graph" MasterLinkID="46" />
        <ENTITY LinkID="49" Class="NiGeneralEntity" Name="Neture_Cliff_1012_01 54" Type="Object" UsePhysX="FALSE" PostfixTexture="" Optimization="0" AlphaGroup="3" RandomAni="FALSE" TemplateID="25,ed,a4,14,55,a1,8b,41,b6,63,b7,3c,92,fe,a8,1a" MasterLinkID="44">
            <COMPONENT RefLinkID="50" />
            <COMPONENT RefLinkID="51" />
        </ENTITY>
        <COMPONENT LinkID="50" Class="NiTransformationComponent" Name="Transformation">
            <PROPERTY Class="Point3" Name="Translation">-2763.2416992187500000, -391.3962402343750000, 449.8061218261718700</PROPERTY>
            <PROPERTY Class="Matrix3" Name="Rotation">
                <ROW>0.9992907643318176, 0.0230056270956993, 0.0298090204596519</ROW>
                <ROW>-0.0204966887831688, 0.9964296817779541, -0.0818996056914330</ROW>
                <ROW>-0.0315867438912392, 0.0812305361032486, 0.9961947202682495</ROW>
            </PROPERTY>
            <PROPERTY Class="Float" Name="Scale">2.0346534252166748</PROPERTY>
        </COMPONENT>
        <COMPONENT LinkID="51" Class="NiSceneGraphComponent" Name="Scene Graph" MasterLinkID="46" />
        <ENTITY LinkID="52" Class="NiGeneralEntity" Name="Nature_Grass5001_01 96" Type="Object" UsePhysX="FALSE" PostfixTexture="" Optimization="0" AlphaGroup="1" RandomAni="FALSE" TemplateID="be,53,83,d6,d5,58,84,4b,be,b2,75,81,18,f1,43,2e" MasterLinkID="53">
            <COMPONENT RefLinkID="56" />
            <COMPONENT RefLinkID="57" />
        </ENTITY>
        <ENTITY LinkID="53" Class="NiGeneralEntity" Name="[object]Grass.Nature_Grass5001_01" TemplateID="be,53,83,d6,d5,58,84,4b,be,b2,75,81,18,f1,43,2e">
            <COMPONENT RefLinkID="54" />
            <COMPONENT RefLinkID="55" />
        </ENTITY>
        <COMPONENT LinkID="54" Class="NiTransformationComponent" Name="Transformation">
            <PROPERTY Class="Point3" Name="Translation">0.0000000000000000, 0.0000000000000000, 0.0000000000000000</PROPERTY>
            <PROPERTY Class="Matrix3" Name="Rotation">
                <ROW>1.0000000000000000, 0.0000000000000000, 0.0000000000000000</ROW>
                <ROW>0.0000000000000000, 1.0000000000000000, 0.0000000000000000</ROW>
                <ROW>0.0000000000000000, 0.0000000000000000, 1.0000000000000000</ROW>
            </PROPERTY>
            <PROPERTY Class="Float" Name="Scale">1.0000000000000000</PROPERTY>
        </COMPONENT>
        <COMPONENT LinkID="55" Class="NiSceneGraphComponent" Name="Scene Graph">
            <PROPERTY Class="String" Name="NIF File Path" Asset="TRUE">.\..\..\00_Object\Grass\Nature_Grass5001_01.nif</PROPERTY>
        </COMPONENT>
        <COMPONENT LinkID="56" Class="NiTransformationComponent" Name="Transformation">
            <PROPERTY Class="Point3" Name="Translation">2683.9343261718750000, -2569.1699218750000000, -153.6309051513671900</PROPERTY>
            <PROPERTY Class="Matrix3" Name="Rotation">
                <ROW>0.9659258127212524, -0.2588190436363220, 0.0000000000000000</ROW>
                <ROW>0.2588190436363220, 0.9659258127212524, 0.0000000000000000</ROW>
                <ROW>0.0000000000000000, 0.0000000000000000, 1.0000000000000000</ROW>
            </PROPERTY>
            <PROPERTY Class="Float" Name="Scale">1.0000000000000000</PROPERTY>
        </COMPONENT>
        <COMPONENT LinkID="57" Class="NiSceneGraphComponent" Name="Scene Graph" MasterLinkID="55" />
        <ENTITY LinkID="58" Class="NiGeneralEntity" Name="Nature_Tree1004_01 07" Type="Object" UsePhysX="TRUE" PostfixTexture="_T03" Optimization="0" AlphaGroup="1" RandomAni="FALSE" TemplateID="cb,20,e5,7e,ff,a9,92,4c,95,62,dd,f,2d,7,e6,c4" MasterLinkID="59">
            <COMPONENT RefLinkID="63" />
            <COMPONENT RefLinkID="64" />
            <COMPONENT RefLinkID="65" />
            <COMPONENT RefLinkID="66" />
        </ENTITY>
        <ENTITY LinkID="59" Class="NiGeneralEntity" Name="[object]Tree.Nature_Tree1004_01" TemplateID="cb,20,e5,7e,ff,a9,92,4c,95,62,dd,f,2d,7,e6,c4">
            <COMPONENT RefLinkID="60" />
            <COMPONENT RefLinkID="61" />
            <COMPONENT RefLinkID="32" />
            <COMPONENT RefLinkID="62" />
        </ENTITY>
        <COMPONENT LinkID="60" Class="NiTransformationComponent" Name="Transformation">
            <PROPERTY Class="Point3" Name="Translation">0.0000000000000000, 0.0000000000000000, 0.0000000000000000</PROPERTY>
            <PROPERTY Class="Matrix3" Name="Rotation">
                <ROW>1.0000000000000000, 0.0000000000000000, 0.0000000000000000</ROW>
                <ROW>0.0000000000000000, 1.0000000000000000, 0.0000000000000000</ROW>
                <ROW>0.0000000000000000, 0.0000000000000000, 1.0000000000000000</ROW>
            </PROPERTY>
            <PROPERTY Class="Float" Name="Scale">1.0000000000000000</PROPERTY>
        </COMPONENT>
        <COMPONENT LinkID="61" Class="NiSceneGraphComponent" Name="Scene Graph">
            <PROPERTY Class="String" Name="NIF File Path" Asset="TRUE">.\..\..\00_Object\Tree\Nature_Tree1004_01.nif</PROPERTY>
        </COMPONENT>
        <COMPONENT LinkID="62" Class="NiGeneralComponent" Name="Hide Object" TemplateID="f6,46,16,db,61,92,23,47,b5,4a,da,2d,42,d7,85,b9">
            <PROPERTY Class="Float" Name="Alpha Value" SemanticType="Float" DisplayName="Alpha Value" Description="">0.4000000059604645</PROPERTY>
            <PROPERTY Class="Boolean" Name="Alpha Enable" SemanticType="Boolean" DisplayName="Alpha Enable" Description="">FALSE</PROPERTY>
            <PROPERTY Class="Boolean" Name="Hide Object" SemanticType="Boolean" DisplayName="Hide Object" Description="">FALSE</PROPERTY>
        </COMPONENT>
        <COMPONENT LinkID="63" Class="NiTransformationComponent" Name="Transformation">
            <PROPERTY Class="Point3" Name="Translation">-1564.8037109375000000, -803.4799194335937500, 561.7457885742187500</PROPERTY>
            <PROPERTY Class="Matrix3" Name="Rotation">
                <ROW>0.9193128943443298, -0.3935274481773377, 0.0000000000000000</ROW>
                <ROW>0.3935274481773377, 0.9193128943443298, 0.0000000000000000</ROW>
                <ROW>0.0000000000000000, 0.0000000000000000, 1.0000000000000000</ROW>
            </PROPERTY>
            <PROPERTY Class="Float" Name="Scale">1.0000000000000000</PROPERTY>
        </COMPONENT>
        <COMPONENT LinkID="64" Class="NiSceneGraphComponent" Name="Scene Graph" MasterLinkID="61" />
        <COMPONENT LinkID="65" Class="NiGeneralComponent" Name="Animation Object" TemplateID="c5,83,7b,6f,ea,53,7d,45,95,5a,2e,ab,38,28,a5,76" MasterLinkID="32" />
        <COMPONENT LinkID="66" Class="NiGeneralComponent" Name="Hide Object" TemplateID="f6,46,16,db,61,92,23,47,b5,4a,da,2d,42,d7,85,b9" MasterLinkID="62">
            <PROPERTY Class="Boolean" Name="Alpha Enable" SemanticType="Boolean" DisplayName="Alpha Enable" Description="">TRUE</PROPERTY>
        </COMPONENT>
        <ENTITY LinkID="67" Class="NiGeneralEntity" Name="Nature_Grass5001_01 416" Type="Object" UsePhysX="FALSE" PostfixTexture="" Optimization="0" AlphaGroup="1" RandomAni="FALSE" TemplateID="be,53,83,d6,d5,58,84,4b,be,b2,75,81,18,f1,43,2e" MasterLinkID="53">
            <COMPONENT RefLinkID="68" />
            <COMPONENT RefLinkID="69" />
        </ENTITY>
        <COMPONENT LinkID="68" Class="NiTransformationComponent" Name="Transformation">
            <PROPERTY Class="Point3" Name="Translation">-240.7587738037109400, -779.0098876953125000, 17.7851676940917970</PROPERTY>
            <PROPERTY Class="Matrix3" Name="Rotation">
                <ROW>0.9659258127212524, -0.2588190436363220, 0.0000000000000000</ROW>
                <ROW>0.2588190436363220, 0.9659258127212524, 0.0000000000000000</ROW>
                <ROW>0.0000000000000000, 0.0000000000000000, 1.0000000000000000</ROW>
            </PROPERTY>
            <PROPERTY Class="Float" Name="Scale">1.0000000000000000</PROPERTY>
        </COMPONENT>
        <COMPONENT LinkID="69" Class="NiSceneGraphComponent" Name="Scene Graph" MasterLinkID="55" />
        <ENTITY LinkID="70" Class="NiGeneralEntity" Name="Nature_Grass5001_01 415" Type="Object" UsePhysX="FALSE" PostfixTexture="" Optimization="0" AlphaGroup="1" RandomAni="FALSE" TemplateID="be,53,83,d6,d5,58,84,4b,be,b2,75,81,18,f1,43,2e" MasterLinkID="53">
            <COMPONENT RefLinkID="71" />
            <COMPONENT RefLinkID="72" />
        </ENTITY>
        <COMPONENT LinkID="71" Class="NiTransformationComponent" Name="Transformation">
            <PROPERTY Class="Point3" Name="Translation">-222.8339691162109400, -827.2762451171875000, 15.7148551940917970</PROPERTY>
            <PROPERTY Class="Matrix3" Name="Rotation">
                <ROW>0.9659258127212524, -0.2588190436363220, 0.0000000000000000</ROW>
                <ROW>0.2588190436363220, 0.9659258127212524, 0.0000000000000000</ROW>
                <ROW>0.0000000000000000, 0.0000000000000000, 1.0000000000000000</ROW>
            </PROPERTY>
            <PROPERTY Class="Float" Name="Scale">1.0000000000000000</PROPERTY>
        </COMPONENT>
        <COMPONENT LinkID="72" Class="NiSceneGraphComponent" Name="Scene Graph" MasterLinkID="55" />
        <ENTITY LinkID="73" Class="NiGeneralEntity" Name="Nature_Flower3001_03 23" Type="Object" UsePhysX="FALSE" PostfixTexture="" Optimization="0" AlphaGroup="1" RandomAni="FALSE" TemplateID="8e,50,47,60,12,a0,f5,45,88,cb,6b,c4,cd,b3,9d,b2" MasterLinkID="74">
            <COMPONENT RefLinkID="78" />
            <COMPONENT RefLinkID="79" />
            <COMPONENT RefLinkID="80" />
        </ENTITY>
        <ENTITY LinkID="74" Class="NiGeneralEntity" Name="[object]Flower.Nature_Flower3001_03" TemplateID="8e,50,47,60,12,a0,f5,45,88,cb,6b,c4,cd,b3,9d,b2">
            <COMPONENT RefLinkID="75" />
            <COMPONENT RefLinkID="76" />
            <COMPONENT RefLinkID="77" />
        </ENTITY>
        <COMPONENT LinkID="75" Class="NiTransformationComponent" Name="Transformation">
            <PROPERTY Class="Point3" Name="Translation">0.0000000000000000, 0.0000000000000000, 0.0000000000000000</PROPERTY>
            <PROPERTY Class="Matrix3" Name="Rotation">
                <ROW>1.0000000000000000, 0.0000000000000000, 0.0000000000000000</ROW>
                <ROW>0.0000000000000000, 1.0000000000000000, 0.0000000000000000</ROW>
                <ROW>0.0000000000000000, 0.0000000000000000, 1.0000000000000000</ROW>
            </PROPERTY>
            <PROPERTY Class="Float" Name="Scale">1.0000000000000000</PROPERTY>
        </COMPONENT>
        <COMPONENT LinkID="76" Class="NiSceneGraphComponent" Name="Scene Graph">
            <PROPERTY Class="String" Name="NIF File Path" Asset="TRUE">.\..\..\00_Object\Flower\Nature_Flower3001_03.nif</PROPERTY>
        </COMPONENT>
        <COMPONENT LinkID="77" Class="NiGeneralComponent" Name="Hide Object" TemplateID="f6,46,16,db,61,92,23,47,b5,4a,da,2d,42,d7,85,b9">
            <PROPERTY Class="Float" Name="Alpha Value" SemanticType="Float" DisplayName="Alpha Value" Description="">0.4000000059604645</PROPERTY>
            <PROPERTY Class="Boolean" Name="Alpha Enable" SemanticType="Boolean" DisplayName="Alpha Enable" Description="">FALSE</PROPERTY>
            <PROPERTY Class="Boolean" Name="Hide Object" SemanticType="Boolean" DisplayName="Hide Object" Description="">FALSE</PROPERTY>
        </COMPONENT>
        <COMPONENT LinkID="78" Class="NiTransformationComponent" Name="Transformation">
            <PROPERTY Class="Point3" Name="Translation">2788.1259765625000000, -2550.2031250000000000, -149.1832733154296900</PROPERTY>
            <PROPERTY Class="Matrix3" Name="Rotation">
                <ROW>0.9659258127212524, -0.2588190436363220, 0.0000000000000000</ROW>
                <ROW>0.2588190436363220, 0.9659258127212524, 0.0000000000000000</ROW>
                <ROW>0.0000000000000000, 0.0000000000000000, 1.0000000000000000</ROW>
            </PROPERTY>
            <PROPERTY Class="Float" Name="Scale">1.0000000000000000</PROPERTY>
        </COMPONENT>
        <COMPONENT LinkID="79" Class="NiSceneGraphComponent" Name="Scene Graph" MasterLinkID="76" />
        <COMPONENT LinkID="80" Class="NiGeneralComponent" Name="Hide Object" TemplateID="f6,46,16,db,61,92,23,47,b5,4a,da,2d,42,d7,85,b9" MasterLinkID="77" />
        <ENTITY LinkID="81" Class="NiGeneralEntity" Name="Nature_Grass5001_01 97" Type="Object" UsePhysX="FALSE" PostfixTexture="" Optimization="0" AlphaGroup="1" RandomAni="FALSE" TemplateID="be,53,83,d6,d5,58,84,4b,be,b2,75,81,18,f1,43,2e" MasterLinkID="53">
            <COMPONENT RefLinkID="82" />
            <COMPONENT RefLinkID="83" />
        </ENTITY>
        <COMPONENT LinkID="82" Class="NiTransformationComponent" Name="Transformation">
            <PROPERTY Class="Point3" Name="Translation">2548.7255859375000000, -2535.5173339843750000, -133.1515960693359400</PROPERTY>
            <PROPERTY Class="Matrix3" Name="Rotation">
                <ROW>0.9848077297210693, -0.1736481934785843, 0.0000000000000000</ROW>
                <ROW>0.1736481934785843, 0.9848077297210693, 0.0000000000000000</ROW>
                <ROW>0.0000000000000000, 0.0000000000000000, 1.0000000000000000</ROW>
            </PROPERTY>
            <PROPERTY Class="Float" Name="Scale">1.0000000000000000</PROPERTY>
        </COMPONENT>
        <COMPONENT LinkID="83" Class="NiSceneGraphComponent" Name="Scene Graph" MasterLinkID="55" />
        <ENTITY LinkID="84" Class="NiGeneralEntity" Name="Nature_Flower3001_04 26" Type="Object" UsePhysX="FALSE" PostfixTexture="" Optimization="0" AlphaGroup="1" RandomAni="FALSE" TemplateID="a1,31,21,bf,7e,3,c8,4d,be,a1,84,3d,6c,67,d1,7d" MasterLinkID="85">
            <COMPONENT RefLinkID="89" />
            <COMPONENT RefLinkID="90" />
            <COMPONENT RefLinkID="91" />
        </ENTITY>
        <ENTITY LinkID="85" Class="NiGeneralEntity" Name="[object]Flower.Nature_Flower3001_04" TemplateID="a1,31,21,bf,7e,3,c8,4d,be,a1,84,3d,6c,67,d1,7d">
            <COMPONENT RefLinkID="86" />
            <COMPONENT RefLinkID="87" />
            <COMPONENT RefLinkID="88" />
        </ENTITY>
        <COMPONENT LinkID="86" Class="NiTransformationComponent" Name="Transformation">
            <PROPERTY Class="Point3" Name="Translation">0.0000000000000000, 0.0000000000000000, 0.0000000000000000</PROPERTY>
            <PROPERTY Class="Matrix3" Name="Rotation">
                <ROW>1.0000000000000000, 0.0000000000000000, 0.0000000000000000</ROW>
                <ROW>0.0000000000000000, 1.0000000000000000, 0.0000000000000000</ROW>
                <ROW>0.0000000000000000, 0.0000000000000000, 1.0000000000000000</ROW>
            </PROPERTY>
            <PROPERTY Class="Float" Name="Scale">1.0000000000000000</PROPERTY>
        </COMPONENT>
        <COMPONENT LinkID="87" Class="NiSceneGraphComponent" Name="Scene Graph">
            <PROPERTY Class="String" Name="NIF File Path" Asset="TRUE">.\..\..\00_Object\Flower\Nature_Flower3001_04.nif</PROPERTY>
        </COMPONENT>
        <COMPONENT LinkID="88" Class="NiGeneralComponent" Name="Hide Object" TemplateID="f6,46,16,db,61,92,23,47,b5,4a,da,2d,42,d7,85,b9">
            <PROPERTY Class="Float" Name="Alpha Value" SemanticType="Float" DisplayName="Alpha Value" Description="">0.4000000059604645</PROPERTY>
            <PROPERTY Class="Boolean" Name="Alpha Enable" SemanticType="Boolean" DisplayName="Alpha Enable" Description="">FALSE</PROPERTY>
            <PROPERTY Class="Boolean" Name="Hide Object" SemanticType="Boolean" DisplayName="Hide Object" Description="">FALSE</PROPERTY>
        </COMPONENT>
        <COMPONENT LinkID="89" Class="NiTransformationComponent" Name="Transformation">
            <PROPERTY Class="Point3" Name="Translation">-565.6126098632812500, 107.6115722656250000, 1214.5994873046875000</PROPERTY>
            <PROPERTY Class="Matrix3" Name="Rotation">
                <ROW>0.9659258127212524, -0.2588190436363220, 0.0000000000000000</ROW>
                <ROW>0.2588190436363220, 0.9659258127212524, 0.0000000000000000</ROW>
                <ROW>0.0000000000000000, 0.0000000000000000, 1.0000000000000000</ROW>
            </PROPERTY>
            <PROPERTY Class="Float" Name="Scale">1.0000000000000000</PROPERTY>
        </COMPONENT>
        <COMPONENT LinkID="90" Class="NiSceneGraphComponent" Name="Scene Graph" MasterLinkID="87" />
        <COMPONENT LinkID="91" Class="NiGeneralComponent" Name="Hide Object" TemplateID="f6,46,16,db,61,92,23,47,b5,4a,da,2d,42,d7,85,b9" MasterLinkID="88" />
        <ENTITY LinkID="92" Class="NiGeneralEntity" Name="Nature_Grass5001_01 98" Type="Object" UsePhysX="FALSE" PostfixTexture="" Optimization="0" AlphaGroup="1" RandomAni="FALSE" TemplateID="be,53,83,d6,d5,58,84,4b,be,b2,75,81,18,f1,43,2e" MasterLinkID="53">
            <COMPONENT RefLinkID="93" />
            <COMPONENT RefLinkID="94" />
        </ENTITY>
        <COMPONENT LinkID="93" Class="NiTransformationComponent" Name="Transformation">
            <PROPERTY Class="Point3" Name="Translation">2606.6789550781250000, -2554.8759765625000000, -140.3619842529296900</PROPERTY>
            <PROPERTY Class="Matrix3" Name="Rotation">
                <ROW>0.9659258127212524, -0.2588190436363220, 0.0000000000000000</ROW>
                <ROW>0.2588190436363220, 0.9659258127212524, 0.0000000000000000</ROW>
                <ROW>0.0000000000000000, 0.0000000000000000, 1.0000000000000000</ROW>
            </PROPERTY>
            <PROPERTY Class="Float" Name="Scale">1.0000000000000000</PROPERTY>
        </COMPONENT>
        <COMPONENT LinkID="94" Class="NiSceneGraphComponent" Name="Scene Graph" MasterLinkID="55" />
        <ENTITY LinkID="95" Class="NiGeneralEntity" Name="Nature_Grass5001_01 409" Type="Object" UsePhysX="FALSE" PostfixTexture="" Optimization="0" AlphaGroup="1" RandomAni="FALSE" TemplateID="be,53,83,d6,d5,58,84,4b,be,b2,75,81,18,f1,43,2e" MasterLinkID="53">
            <COMPONENT RefLinkID="96" />
            <COMPONENT RefLinkID="97" />
        </ENTITY>
        <COMPONENT LinkID="96" Class="NiTransformationComponent" Name="Transformation">
            <PROPERTY Class="Point3" Name="Translation">-48.5322265625000000, -2052.1162109375000000, 15.7148551940917970</PROPERTY>
            <PROPERTY Class="Matrix3" Name="Rotation">
                <ROW>0.9659258127212524, -0.2588190436363220, 0.0000000000000000</ROW>
                <ROW>0.2588190436363220, 0.9659258127212524, 0.0000000000000000</ROW>
                <ROW>0.0000000000000000, 0.0000000000000000, 1.0000000000000000</ROW>
            </PROPERTY>
            <PROPERTY Class="Float" Name="Scale">1.0000000000000000</PROPERTY>
        </COMPONENT>
        <COMPONENT LinkID="97" Class="NiSceneGraphComponent" Name="Scene Graph" MasterLinkID="55" />
        <ENTITY LinkID="98" Class="NiGeneralEntity" Name="Nature_Grass5001_01 111" Type="Object" UsePhysX="FALSE" PostfixTexture="" Optimization="0" AlphaGroup="1" RandomAni="FALSE" TemplateID="be,53,83,d6,d5,58,84,4b,be,b2,75,81,18,f1,43,2e" MasterLinkID="53">
            <COMPONENT RefLinkID="99" />
            <COMPONENT RefLinkID="100" />
        </ENTITY>
        <COMPONENT LinkID="99" Class="NiTransformationComponent" Name="Transformation">
            <PROPERTY Class="Point3" Name="Translation">2864.2312011718750000, -2528.2023925781250000, -133.3954467773437500</PROPERTY>
            <PROPERTY Class="Matrix3" Name="Rotation">
                <ROW>0.8639353513717651, -0.5036027431488037, 0.0000000000000000</ROW>
                <ROW>0.5036027431488037, 0.8639353513717651, 0.0000000000000000</ROW>
                <ROW>0.0000000000000000, 0.0000000000000000, 1.0000000000000000</ROW>
            </PROPERTY>
            <PROPERTY Class="Float" Name="Scale">1.0000000000000000</PROPERTY>
        </COMPONENT>
        <COMPONENT LinkID="100" Class="NiSceneGraphComponent" Name="Scene Graph" MasterLinkID="55" />
        <ENTITY LinkID="101" Class="NiGeneralEntity" Name="Nature_Grass5001_01 198" Type="Object" UsePhysX="FALSE" PostfixTexture="" Optimization="0" AlphaGroup="1" RandomAni="FALSE" TemplateID="be,53,83,d6,d5,58,84,4b,be,b2,75,81,18,f1,43,2e" MasterLinkID="53">
            <COMPONENT RefLinkID="102" />
            <COMPONENT RefLinkID="103" />
        </ENTITY>
        <COMPONENT LinkID="102" Class="NiTransformationComponent" Name="Transformation">
            <PROPERTY Class="Point3" Name="Translation">-547.4937133789062500, -379.3090209960937500, 860.5661621093750000</PROPERTY>
            <PROPERTY Class="Matrix3" Name="Rotation">
                <ROW>0.9659258127212524, -0.2588190436363220, 0.0000000000000000</ROW>
                <ROW>0.2588190436363220, 0.9659258127212524, 0.0000000000000000</ROW>
                <ROW>0.0000000000000000, 0.0000000000000000, 1.0000000000000000</ROW>
            </PROPERTY>
            <PROPERTY Class="Float" Name="Scale">1.0000000000000000</PROPERTY>
        </COMPONENT>
        <COMPONENT LinkID="103" Class="NiSceneGraphComponent" Name="Scene Graph" MasterLinkID="55" />
