<?xml version="1.0" ?>
<GSA Major="1" Minor="0" Patch="0">
    <PALETTES_DIRECTORY>
        <PALETTE_DIR IDX="0" DIRECTORY=".\..\..\..\..\..\ToolBin\SceneDesigner\Release\Data\" />
        <PALETTE_DIR IDX="1" DIRECTORY=".\..\..\Palettes\" />
    </PALETTES_DIRECTORY>
    <PALETTES>
        <PALETTE NAME="Default" DIR_IDX="0" />
        <PALETTE NAME="General" DIR_IDX="1" />
        <PALETTE NAME="Block" DIR_IDX="1" />
        <PALETTE NAME="Object" DIR_IDX="1" />
    </PALETTES>
    <OBJECTS>
        <ENTITY LinkID="0" Class="NiGeneralEntity" Name="Nature_Flower3001_04 04" Type="Object" UsePhysX="FALSE" PostfixTexture="" Optimization="2" AlphaGroup="1" RandomAni="TRUE" TemplateID="a1,31,21,bf,7e,3,c8,4d,be,a1,84,3d,6c,67,d1,7d" MasterLinkID="1">
            <COMPONENT RefLinkID="5" />
            <COMPONENT RefLinkID="6" />
            <COMPONENT RefLinkID="7" />
        </ENTITY>
        <ENTITY LinkID="1" Class="NiGeneralEntity" Name="[Object]Flower.Nature_Flower3001_04" TemplateID="a1,31,21,bf,7e,3,c8,4d,be,a1,84,3d,6c,67,d1,7d">
            <COMPONENT RefLinkID="2" />
            <COMPONENT RefLinkID="3" />
            <COMPONENT RefLinkID="4" />
        </ENTITY>
        <COMPONENT LinkID="2" Class="NiTransformationComponent" Name="Transformation">
            <PROPERTY Class="Point3" Name="Translation">0.0000000000000000, 0.0000000000000000, 0.0000000000000000</PROPERTY>
            <PROPERTY Class="Matrix3" Name="Rotation">
                <ROW>1.0000000000000000, 0.0000000000000000, 0.0000000000000000</ROW>
                <ROW>0.0000000000000000, 1.0000000000000000, 0.0000000000000000</ROW>
                <ROW>0.0000000000000000, 0.0000000000000000, 1.0000000000000000</ROW>
            </PROPERTY>
            <PROPERTY Class="Float" Name="Scale">1.0000000000000000</PROPERTY>
        </COMPONENT>
        <COMPONENT LinkID="3" Class="NiSceneGraphComponent" Name="Scene Graph">
            <PROPERTY Class="String" Name="NIF File Path" Asset="TRUE">.\..\..\00_Object\Flower\Nature_Flower3001_04.nif</PROPERTY>
        </COMPONENT>
        <COMPONENT LinkID="4" Class="NiGeneralComponent" Name="Hide Object" TemplateID="f6,46,16,db,61,92,23,47,b5,4a,da,2d,42,d7,85,b9">
            <PROPERTY Class="Float" Name="Alpha Value" SemanticType="Float" DisplayName="Alpha Value" Description="">0.4000000059604645</PROPERTY>
            <PROPERTY Class="Boolean" Name="Alpha Enable" SemanticType="Boolean" DisplayName="Alpha Enable" Description="">FALSE</PROPERTY>
            <PROPERTY Class="Boolean" Name="Hide Object" SemanticType="Boolean" DisplayName="Hide Object" Description="">FALSE</PROPERTY>
        </COMPONENT>
        <COMPONENT LinkID="5" Class="NiTransformationComponent" Name="Transformation">
            <PROPERTY Class="Point3" Name="Translation">1197.2580566406250000, -1209.5509033203125000, 203.3303527832031200</PROPERTY>
            <PROPERTY Class="Matrix3" Name="Rotation">
                <ROW>1.0000000000000000, 0.0000000000000000, 0.0000000000000000</ROW>
                <ROW>0.0000000000000000, 1.0000000000000000, 0.0000000000000000</ROW>
                <ROW>0.0000000000000000, 0.0000000000000000, 1.0000000000000000</ROW>
            </PROPERTY>
            <PROPERTY Class="Float" Name="Scale">1.0000000000000000</PROPERTY>
        </COMPONENT>
        <COMPONENT LinkID="6" Class="NiSceneGraphComponent" Name="Scene Graph" MasterLinkID="3" />
        <COMPONENT LinkID="7" Class="NiGeneralComponent" Name="Hide Object" TemplateID="f6,46,16,db,61,92,23,47,b5,4a,da,2d,42,d7,85,b9" MasterLinkID="4" />
        <ENTITY LinkID="8" Class="NiGeneralEntity" Name="Nature_Sharptree1001_01 28" Type="Object" UsePhysX="FALSE" PostfixTexture="" Optimization="2" AlphaGroup="1" RandomAni="TRUE" TemplateID="d1,6d,1f,a4,4f,b1,8f,45,b1,4d,f3,b5,4c,bb,a4,c" MasterLinkID="9">
            <COMPONENT RefLinkID="13" />
            <COMPONENT RefLinkID="14" />
            <COMPONENT RefLinkID="15" />
        </ENTITY>
        <ENTITY LinkID="9" Class="NiGeneralEntity" Name="[Object]Tree.Nature_Sharptree1001_01" TemplateID="d1,6d,1f,a4,4f,b1,8f,45,b1,4d,f3,b5,4c,bb,a4,c">
            <COMPONENT RefLinkID="10" />
            <COMPONENT RefLinkID="11" />
            <COMPONENT RefLinkID="12" />
        </ENTITY>
        <COMPONENT LinkID="10" Class="NiTransformationComponent" Name="Transformation">
            <PROPERTY Class="Point3" Name="Translation">0.0000000000000000, 0.0000000000000000, 0.0000000000000000</PROPERTY>
            <PROPERTY Class="Matrix3" Name="Rotation">
                <ROW>1.0000000000000000, 0.0000000000000000, 0.0000000000000000</ROW>
                <ROW>0.0000000000000000, 1.0000000000000000, 0.0000000000000000</ROW>
                <ROW>0.0000000000000000, 0.0000000000000000, 1.0000000000000000</ROW>
            </PROPERTY>
            <PROPERTY Class="Float" Name="Scale">1.0000000000000000</PROPERTY>
        </COMPONENT>
        <COMPONENT LinkID="11" Class="NiSceneGraphComponent" Name="Scene Graph">
            <PROPERTY Class="String" Name="NIF File Path" Asset="TRUE">.\..\..\00_Object\Tree\Nature_Sharptree1001_01.nif</PROPERTY>
        </COMPONENT>
        <COMPONENT LinkID="12" Class="NiGeneralComponent" Name="Hide Object" TemplateID="f6,46,16,db,61,92,23,47,b5,4a,da,2d,42,d7,85,b9">
            <PROPERTY Class="Float" Name="Alpha Value" SemanticType="Float" DisplayName="Alpha Value" Description="">0.4000000059604645</PROPERTY>
            <PROPERTY Class="Boolean" Name="Alpha Enable" SemanticType="Boolean" DisplayName="Alpha Enable" Description="">FALSE</PROPERTY>
            <PROPERTY Class="Boolean" Name="Hide Object" SemanticType="Boolean" DisplayName="Hide Object" Description="">FALSE</PROPERTY>
        </COMPONENT>
        <COMPONENT LinkID="13" Class="NiTransformationComponent" Name="Transformation">
            <PROPERTY Class="Point3" Name="Translation">1215.1596679687500000, -1155.1120605468750000, 198.6895294189453100</PROPERTY>
            <PROPERTY Class="Matrix3" Name="Rotation">
                <ROW>0.9994894266128540, 0.0000000000000000, -0.0319507569074631</ROW>
                <ROW>0.0000000000000000, 1.0000000000000000, 0.0000000000000000</ROW>
                <ROW>0.0319507569074631, 0.0000000000000000, 0.9994894266128540</ROW>
            </PROPERTY>
            <PROPERTY Class="Float" Name="Scale">0.9105046987533569</PROPERTY>
        </COMPONENT>
        <COMPONENT LinkID="14" Class="NiSceneGraphComponent" Name="Scene Graph" MasterLinkID="11" />
        <COMPONENT LinkID="15" Class="NiGeneralComponent" Name="Hide Object" TemplateID="f6,46,16,db,61,92,23,47,b5,4a,da,2d,42,d7,85,b9" MasterLinkID="12" />
        <ENTITY LinkID="16" Class="NiGeneralEntity" Name="Art_WoodPole1004_01 01" Type="Object" UsePhysX="TRUE" PostfixTexture="" Optimization="0" AlphaGroup="1" RandomAni="TRUE" TemplateID="97,dd,4f,b8,82,69,7,44,88,d8,3a,e9,41,48,2d,ea" MasterLinkID="17">
            <COMPONENT RefLinkID="21" />
            <COMPONENT RefLinkID="22" />
            <COMPONENT RefLinkID="23" />
        </ENTITY>
        <ENTITY LinkID="17" Class="NiGeneralEntity" Name="[Object]Fance.Art_WoodPole1004_01" TemplateID="9d,17,b7,2d,c5,4e,e,46,8a,6c,63,13,d6,b6,ad,eb">
            <COMPONENT RefLinkID="18" />
            <COMPONENT RefLinkID="19" />
            <COMPONENT RefLinkID="20" />
        </ENTITY>
        <COMPONENT LinkID="18" Class="NiTransformationComponent" Name="Transformation">
            <PROPERTY Class="Point3" Name="Translation">0.0000000000000000, 0.0000000000000000, 0.0000000000000000</PROPERTY>
            <PROPERTY Class="Matrix3" Name="Rotation">
                <ROW>1.0000000000000000, 0.0000000000000000, 0.0000000000000000</ROW>
                <ROW>0.0000000000000000, 1.0000000000000000, 0.0000000000000000</ROW>
                <ROW>0.0000000000000000, 0.0000000000000000, 1.0000000000000000</ROW>
            </PROPERTY>
            <PROPERTY Class="Float" Name="Scale">1.0000000000000000</PROPERTY>
        </COMPONENT>
        <COMPONENT LinkID="19" Class="NiSceneGraphComponent" Name="Scene Graph">
            <PROPERTY Class="String" Name="NIF File Path" Asset="TRUE">.\..\..\00_Object\Fance\Art_WoodPole1004_01.nif</PROPERTY>
        </COMPONENT>
        <COMPONENT LinkID="20" Class="NiGeneralComponent" Name="Hide Object" TemplateID="f6,46,16,db,61,92,23,47,b5,4a,da,2d,42,d7,85,b9">
            <PROPERTY Class="Float" Name="Alpha Value" SemanticType="Float" DisplayName="Alpha Value" Description="">0.4000000059604645</PROPERTY>
            <PROPERTY Class="Boolean" Name="Alpha Enable" SemanticType="Boolean" DisplayName="Alpha Enable" Description="">FALSE</PROPERTY>
            <PROPERTY Class="Boolean" Name="Hide Object" SemanticType="Boolean" DisplayName="Hide Object" Description="">FALSE</PROPERTY>
        </COMPONENT>
        <COMPONENT LinkID="21" Class="NiTransformationComponent" Name="Transformation">
            <PROPERTY Class="Point3" Name="Translation">324.1672363281250000, -1138.7896728515625000, 297.8246154785156200</PROPERTY>
            <PROPERTY Class="Matrix3" Name="Rotation">
                <ROW>0.9790286421775818, 0.1344899237155914, -0.1530211865901947</ROW>
                <ROW>-0.1876355558633804, 0.3027276992797852, -0.9344243407249451</ROW>
                <ROW>-0.0793469101190567, 0.9435403347015381, 0.3216141462326050</ROW>
            </PROPERTY>
            <PROPERTY Class="Float" Name="Scale">1.0000000000000000</PROPERTY>
        </COMPONENT>
        <COMPONENT LinkID="22" Class="NiSceneGraphComponent" Name="Scene Graph" MasterLinkID="19" />
        <COMPONENT LinkID="23" Class="NiGeneralComponent" Name="Hide Object" TemplateID="f6,46,16,db,61,92,23,47,b5,4a,da,2d,42,d7,85,b9" MasterLinkID="20" />
        <ENTITY LinkID="24" Class="NiGeneralEntity" Name="Art_WoodPole1004_01 02" Type="Object" UsePhysX="TRUE" PostfixTexture="" Optimization="0" AlphaGroup="1" RandomAni="TRUE" TemplateID="97,dd,4f,b8,82,69,7,44,88,d8,3a,e9,41,48,2d,ea" MasterLinkID="17">
            <COMPONENT RefLinkID="25" />
            <COMPONENT RefLinkID="26" />
            <COMPONENT RefLinkID="27" />
        </ENTITY>
        <COMPONENT LinkID="25" Class="NiTransformationComponent" Name="Transformation">
            <PROPERTY Class="Point3" Name="Translation">465.8165893554687500, -1180.6627197265625000, 281.0701904296875000</PROPERTY>
            <PROPERTY Class="Matrix3" Name="Rotation">
                <ROW>0.9713451862335205, 0.1706958115100861, -0.1653829813003540</ROW>
                <ROW>-0.1940932124853134, 0.1680953055620194, -0.9664738178253174</ROW>
                <ROW>-0.1371729522943497, 0.9708793759346008, 0.1964094787836075</ROW>
            </PROPERTY>
            <PROPERTY Class="Float" Name="Scale">1.0000000000000000</PROPERTY>
        </COMPONENT>
        <COMPONENT LinkID="26" Class="NiSceneGraphComponent" Name="Scene Graph" MasterLinkID="19" />
        <COMPONENT LinkID="27" Class="NiGeneralComponent" Name="Hide Object" TemplateID="f6,46,16,db,61,92,23,47,b5,4a,da,2d,42,d7,85,b9" MasterLinkID="20" />
        <ENTITY LinkID="28" Class="NiGeneralEntity" Name="Art_WoodPole1003_01 05" Type="Object" UsePhysX="TRUE" PostfixTexture="" Optimization="0" AlphaGroup="1" RandomAni="TRUE" TemplateID="99,82,d0,f2,52,a7,63,43,b0,56,f9,b5,5,9b,29,5c" MasterLinkID="29">
            <COMPONENT RefLinkID="33" />
            <COMPONENT RefLinkID="34" />
            <COMPONENT RefLinkID="35" />
        </ENTITY>
        <ENTITY LinkID="29" Class="NiGeneralEntity" Name="[Object]Fance.Art_WoodPole1003_01" TemplateID="9c,57,aa,ca,ab,70,3c,44,ba,d,1a,9,aa,92,5e,2d">
            <COMPONENT RefLinkID="30" />
            <COMPONENT RefLinkID="31" />
            <COMPONENT RefLinkID="32" />
        </ENTITY>
        <COMPONENT LinkID="30" Class="NiTransformationComponent" Name="Transformation">
            <PROPERTY Class="Point3" Name="Translation">0.0000000000000000, 0.0000000000000000, 0.0000000000000000</PROPERTY>
            <PROPERTY Class="Matrix3" Name="Rotation">
                <ROW>1.0000000000000000, 0.0000000000000000, 0.0000000000000000</ROW>
                <ROW>0.0000000000000000, 1.0000000000000000, 0.0000000000000000</ROW>
                <ROW>0.0000000000000000, 0.0000000000000000, 1.0000000000000000</ROW>
            </PROPERTY>
            <PROPERTY Class="Float" Name="Scale">1.0000000000000000</PROPERTY>
        </COMPONENT>
        <COMPONENT LinkID="31" Class="NiSceneGraphComponent" Name="Scene Graph">
            <PROPERTY Class="String" Name="NIF File Path" Asset="TRUE">.\..\..\00_Object\Fance\Art_WoodPole1003_01.nif</PROPERTY>
        </COMPONENT>
        <COMPONENT LinkID="32" Class="NiGeneralComponent" Name="Hide Object" TemplateID="f6,46,16,db,61,92,23,47,b5,4a,da,2d,42,d7,85,b9">
            <PROPERTY Class="Float" Name="Alpha Value" SemanticType="Float" DisplayName="Alpha Value" Description="">0.4000000059604645</PROPERTY>
            <PROPERTY Class="Boolean" Name="Alpha Enable" SemanticType="Boolean" DisplayName="Alpha Enable" Description="">FALSE</PROPERTY>
            <PROPERTY Class="Boolean" Name="Hide Object" SemanticType="Boolean" DisplayName="Hide Object" Description="">FALSE</PROPERTY>
        </COMPONENT>
        <COMPONENT LinkID="33" Class="NiTransformationComponent" Name="Transformation">
            <PROPERTY Class="Point3" Name="Translation">607.8911743164062500, -1206.0062255859375000, 252.7909545898437500</PROPERTY>
            <PROPERTY Class="Matrix3" Name="Rotation">
                <ROW>0.9910842776298523, 0.0938143134117126, 0.0946096181869507</ROW>
                <ROW>0.0571993291378021, 0.3417347669601440, -0.9380542039871216</ROW>
                <ROW>-0.1203342825174332, 0.9351022243499756, 0.3333218097686768</ROW>
            </PROPERTY>
            <PROPERTY Class="Float" Name="Scale">1.0000000000000000</PROPERTY>
        </COMPONENT>
        <COMPONENT LinkID="34" Class="NiSceneGraphComponent" Name="Scene Graph" MasterLinkID="31" />
        <COMPONENT LinkID="35" Class="NiGeneralComponent" Name="Hide Object" TemplateID="f6,46,16,db,61,92,23,47,b5,4a,da,2d,42,d7,85,b9" MasterLinkID="32" />
        <ENTITY LinkID="36" Class="NiGeneralEntity" Name="Nature_Grass2001_01 26" Type="Object" UsePhysX="FALSE" PostfixTexture="" Optimization="1" AlphaGroup="1" RandomAni="TRUE" TemplateID="6f,7b,d1,3b,42,c9,74,45,87,9e,b7,c0,d0,47,1c,93" MasterLinkID="37">
            <COMPONENT RefLinkID="41" />
            <COMPONENT RefLinkID="42" />
            <COMPONENT RefLinkID="43" />
        </ENTITY>
        <ENTITY LinkID="37" Class="NiGeneralEntity" Name="[Object]Flower.Nature_Grass2001_01" TemplateID="6f,7b,d1,3b,42,c9,74,45,87,9e,b7,c0,d0,47,1c,93">
            <COMPONENT RefLinkID="38" />
            <COMPONENT RefLinkID="39" />
            <COMPONENT RefLinkID="40" />
        </ENTITY>
        <COMPONENT LinkID="38" Class="NiTransformationComponent" Name="Transformation">
            <PROPERTY Class="Point3" Name="Translation">0.0000000000000000, 0.0000000000000000, 0.0000000000000000</PROPERTY>
            <PROPERTY Class="Matrix3" Name="Rotation">
                <ROW>1.0000000000000000, 0.0000000000000000, 0.0000000000000000</ROW>
                <ROW>0.0000000000000000, 1.0000000000000000, 0.0000000000000000</ROW>
                <ROW>0.0000000000000000, 0.0000000000000000, 1.0000000000000000</ROW>
            </PROPERTY>
            <PROPERTY Class="Float" Name="Scale">1.0000000000000000</PROPERTY>
        </COMPONENT>
        <COMPONENT LinkID="39" Class="NiSceneGraphComponent" Name="Scene Graph">
            <PROPERTY Class="String" Name="NIF File Path" Asset="TRUE">.\..\..\00_Object\Flower\Nature_Grass2001_01.nif</PROPERTY>
        </COMPONENT>
        <COMPONENT LinkID="40" Class="NiGeneralComponent" Name="Hide Object" TemplateID="f6,46,16,db,61,92,23,47,b5,4a,da,2d,42,d7,85,b9">
            <PROPERTY Class="Float" Name="Alpha Value" SemanticType="Float" DisplayName="Alpha Value" Description="">0.4000000059604645</PROPERTY>
            <PROPERTY Class="Boolean" Name="Alpha Enable" SemanticType="Boolean" DisplayName="Alpha Enable" Description="">FALSE</PROPERTY>
            <PROPERTY Class="Boolean" Name="Hide Object" SemanticType="Boolean" DisplayName="Hide Object" Description="">FALSE</PROPERTY>
        </COMPONENT>
        <COMPONENT LinkID="41" Class="NiTransformationComponent" Name="Transformation">
            <PROPERTY Class="Point3" Name="Translation">681.3842163085937500, -1228.3135986328125000, 208.6197357177734400</PROPERTY>
            <PROPERTY Class="Matrix3" Name="Rotation">
                <ROW>0.9690589308738709, 0.0000000000000000, 0.2468294054269791</ROW>
                <ROW>0.0000000000000000, 1.0000000000000000, 0.0000000000000000</ROW>
                <ROW>-0.2468294054269791, 0.0000000000000000, 0.9690589308738709</ROW>
            </PROPERTY>
            <PROPERTY Class="Float" Name="Scale">1.0000000000000000</PROPERTY>
        </COMPONENT>
        <COMPONENT LinkID="42" Class="NiSceneGraphComponent" Name="Scene Graph" MasterLinkID="39" />
        <COMPONENT LinkID="43" Class="NiGeneralComponent" Name="Hide Object" TemplateID="f6,46,16,db,61,92,23,47,b5,4a,da,2d,42,d7,85,b9" MasterLinkID="40" />
        <ENTITY LinkID="44" Class="NiGeneralEntity" Name="Nature_Grass2001_01 31" Type="Object" UsePhysX="FALSE" PostfixTexture="" Optimization="2" AlphaGroup="1" RandomAni="TRUE" TemplateID="6f,7b,d1,3b,42,c9,74,45,87,9e,b7,c0,d0,47,1c,93" MasterLinkID="37">
            <COMPONENT RefLinkID="45" />
            <COMPONENT RefLinkID="46" />
            <COMPONENT RefLinkID="47" />
        </ENTITY>
        <COMPONENT LinkID="45" Class="NiTransformationComponent" Name="Transformation">
            <PROPERTY Class="Point3" Name="Translation">1186.7780761718750000, -1159.5562744140625000, 207.2838287353515600</PROPERTY>
            <PROPERTY Class="Matrix3" Name="Rotation">
                <ROW>1.0000000000000000, 0.0000000000000000, 0.0000000000000000</ROW>
                <ROW>0.0000000000000000, 1.0000000000000000, 0.0000000000000000</ROW>
                <ROW>0.0000000000000000, 0.0000000000000000, 1.0000000000000000</ROW>
            </PROPERTY>
            <PROPERTY Class="Float" Name="Scale">1.0000000000000000</PROPERTY>
        </COMPONENT>
        <COMPONENT LinkID="46" Class="NiSceneGraphComponent" Name="Scene Graph" MasterLinkID="39" />
        <COMPONENT LinkID="47" Class="NiGeneralComponent" Name="Hide Object" TemplateID="f6,46,16,db,61,92,23,47,b5,4a,da,2d,42,d7,85,b9" MasterLinkID="40" />
        <ENTITY LinkID="48" Class="NiGeneralEntity" Name="Nature_Flower3001_03 04" Type="Object" UsePhysX="FALSE" PostfixTexture="" Optimization="0" AlphaGroup="1" RandomAni="TRUE" TemplateID="8e,50,47,60,12,a0,f5,45,88,cb,6b,c4,cd,b3,9d,b2" MasterLinkID="49">
            <COMPONENT RefLinkID="53" />
            <COMPONENT RefLinkID="54" />
            <COMPONENT RefLinkID="55" />
        </ENTITY>
        <ENTITY LinkID="49" Class="NiGeneralEntity" Name="[Object]Flower.Nature_Flower3001_03" TemplateID="8e,50,47,60,12,a0,f5,45,88,cb,6b,c4,cd,b3,9d,b2">
            <COMPONENT RefLinkID="50" />
            <COMPONENT RefLinkID="51" />
            <COMPONENT RefLinkID="52" />
        </ENTITY>
        <COMPONENT LinkID="50" Class="NiTransformationComponent" Name="Transformation">
            <PROPERTY Class="Point3" Name="Translation">0.0000000000000000, 0.0000000000000000, 0.0000000000000000</PROPERTY>
            <PROPERTY Class="Matrix3" Name="Rotation">
                <ROW>1.0000000000000000, 0.0000000000000000, 0.0000000000000000</ROW>
                <ROW>0.0000000000000000, 1.0000000000000000, 0.0000000000000000</ROW>
                <ROW>0.0000000000000000, 0.0000000000000000, 1.0000000000000000</ROW>
            </PROPERTY>
            <PROPERTY Class="Float" Name="Scale">1.0000000000000000</PROPERTY>
        </COMPONENT>
        <COMPONENT LinkID="51" Class="NiSceneGraphComponent" Name="Scene Graph">
            <PROPERTY Class="String" Name="NIF File Path" Asset="TRUE">.\..\..\00_Object\Flower\Nature_Flower3001_03.nif</PROPERTY>
        </COMPONENT>
        <COMPONENT LinkID="52" Class="NiGeneralComponent" Name="Hide Object" TemplateID="f6,46,16,db,61,92,23,47,b5,4a,da,2d,42,d7,85,b9">
            <PROPERTY Class="Float" Name="Alpha Value" SemanticType="Float" DisplayName="Alpha Value" Description="">0.4000000059604645</PROPERTY>
            <PROPERTY Class="Boolean" Name="Alpha Enable" SemanticType="Boolean" DisplayName="Alpha Enable" Description="">FALSE</PROPERTY>
            <PROPERTY Class="Boolean" Name="Hide Object" SemanticType="Boolean" DisplayName="Hide Object" Description="">FALSE</PROPERTY>
        </COMPONENT>
        <COMPONENT LinkID="53" Class="NiTransformationComponent" Name="Transformation">
            <PROPERTY Class="Point3" Name="Translation">680.1861572265625000, -1277.6176757812500000, 208.6826782226562500</PROPERTY>
            <PROPERTY Class="Matrix3" Name="Rotation">
                <ROW>0.9956222772598267, 0.0000000000000000, 0.0934684723615646</ROW>
                <ROW>0.0000000000000000, 1.0000000000000000, 0.0000000000000000</ROW>
                <ROW>-0.0934684723615646, 0.0000000000000000, 0.9956222772598267</ROW>
            </PROPERTY>
            <PROPERTY Class="Float" Name="Scale">1.0000000000000000</PROPERTY>
        </COMPONENT>
        <COMPONENT LinkID="54" Class="NiSceneGraphComponent" Name="Scene Graph" MasterLinkID="51" />
        <COMPONENT LinkID="55" Class="NiGeneralComponent" Name="Hide Object" TemplateID="f6,46,16,db,61,92,23,47,b5,4a,da,2d,42,d7,85,b9" MasterLinkID="52" />
        <ENTITY LinkID="56" Class="NiGeneralEntity" Name="Nature_Grass2001_01 23" Type="Object" UsePhysX="FALSE" PostfixTexture="" Optimization="1" AlphaGroup="1" RandomAni="TRUE" TemplateID="6f,7b,d1,3b,42,c9,74,45,87,9e,b7,c0,d0,47,1c,93" MasterLinkID="37">
            <COMPONENT RefLinkID="57" />
            <COMPONENT RefLinkID="58" />
            <COMPONENT RefLinkID="59" />
        </ENTITY>
        <COMPONENT LinkID="57" Class="NiTransformationComponent" Name="Transformation">
            <PROPERTY Class="Point3" Name="Translation">612.4119262695312500, -1269.0632324218750000, 221.5001831054687500</PROPERTY>
            <PROPERTY Class="Matrix3" Name="Rotation">
                <ROW>0.9877053499221802, 0.0000000000000000, 0.1563269048929215</ROW>
                <ROW>0.0000000000000000, 1.0000000000000000, 0.0000000000000000</ROW>
                <ROW>-0.1563269048929215, 0.0000000000000000, 0.9877053499221802</ROW>
            </PROPERTY>
            <PROPERTY Class="Float" Name="Scale">1.0000000000000000</PROPERTY>
        </COMPONENT>
        <COMPONENT LinkID="58" Class="NiSceneGraphComponent" Name="Scene Graph" MasterLinkID="39" />
        <COMPONENT LinkID="59" Class="NiGeneralComponent" Name="Hide Object" TemplateID="f6,46,16,db,61,92,23,47,b5,4a,da,2d,42,d7,85,b9" MasterLinkID="40" />
        <ENTITY LinkID="60" Class="NiGeneralEntity" Name="Nature_Sharptree1001_01 19" Type="Object" UsePhysX="FALSE" PostfixTexture="" Optimization="2" AlphaGroup="1" RandomAni="TRUE" TemplateID="d1,6d,1f,a4,4f,b1,8f,45,b1,4d,f3,b5,4c,bb,a4,c" MasterLinkID="9">
            <COMPONENT RefLinkID="61" />
            <COMPONENT RefLinkID="62" />
            <COMPONENT RefLinkID="63" />
        </ENTITY>
        <COMPONENT LinkID="61" Class="NiTransformationComponent" Name="Transformation">
            <PROPERTY Class="Point3" Name="Translation">289.8807983398437500, -1197.6894531250000000, 258.2691955566406200</PROPERTY>
            <PROPERTY Class="Matrix3" Name="Rotation">
                <ROW>0.9994894266128540, 0.0000000000000000, -0.0319507569074631</ROW>
                <ROW>0.0000000000000000, 1.0000000000000000, 0.0000000000000000</ROW>
                <ROW>0.0319507569074631, 0.0000000000000000, 0.9994894266128540</ROW>
            </PROPERTY>
            <PROPERTY Class="Float" Name="Scale">0.9130772352218628</PROPERTY>
        </COMPONENT>
        <COMPONENT LinkID="62" Class="NiSceneGraphComponent" Name="Scene Graph" MasterLinkID="11" />
        <COMPONENT LinkID="63" Class="NiGeneralComponent" Name="Hide Object" TemplateID="f6,46,16,db,61,92,23,47,b5,4a,da,2d,42,d7,85,b9" MasterLinkID="12" />
        <ENTITY LinkID="64" Class="NiGeneralEntity" Name="Nature_Sharptree1001_01 20" Type="Object" UsePhysX="FALSE" PostfixTexture="" Optimization="1" AlphaGroup="1" RandomAni="TRUE" TemplateID="d1,6d,1f,a4,4f,b1,8f,45,b1,4d,f3,b5,4c,bb,a4,c" MasterLinkID="9">
            <COMPONENT RefLinkID="65" />
            <COMPONENT RefLinkID="66" />
            <COMPONENT RefLinkID="67" />
        </ENTITY>
        <COMPONENT LinkID="65" Class="NiTransformationComponent" Name="Transformation">
            <PROPERTY Class="Point3" Name="Translation">732.1072998046875000, -1164.3149414062500000, 209.2347564697265600</PROPERTY>
            <PROPERTY Class="Matrix3" Name="Rotation">
                <ROW>0.9994894266128540, 0.0000000000000000, -0.0319507569074631</ROW>
                <ROW>0.0000000000000000, 1.0000000000000000, 0.0000000000000000</ROW>
                <ROW>0.0319507569074631, 0.0000000000000000, 0.9994894266128540</ROW>
            </PROPERTY>
            <PROPERTY Class="Float" Name="Scale">1.2715253829956055</PROPERTY>
        </COMPONENT>
        <COMPONENT LinkID="66" Class="NiSceneGraphComponent" Name="Scene Graph" MasterLinkID="11" />
        <COMPONENT LinkID="67" Class="NiGeneralComponent" Name="Hide Object" TemplateID="f6,46,16,db,61,92,23,47,b5,4a,da,2d,42,d7,85,b9" MasterLinkID="12" />
        <ENTITY LinkID="68" Class="NiGeneralEntity" Name="Nature_Bgrass2001_01 07" Type="Object" UsePhysX="FALSE" PostfixTexture="" Optimization="2" AlphaGroup="1" RandomAni="TRUE" TemplateID="cc,1d,f3,e5,41,8d,20,40,ad,9a,93,3b,c2,a9,52,e0" MasterLinkID="69">
            <COMPONENT RefLinkID="73" />
            <COMPONENT RefLinkID="74" />
            <COMPONENT RefLinkID="75" />
        </ENTITY>
        <ENTITY LinkID="69" Class="NiGeneralEntity" Name="[Object]Tree.Nature_Bgrass2001_01" TemplateID="cc,1d,f3,e5,41,8d,20,40,ad,9a,93,3b,c2,a9,52,e0">
            <COMPONENT RefLinkID="70" />
            <COMPONENT RefLinkID="71" />
            <COMPONENT RefLinkID="72" />
        </ENTITY>
        <COMPONENT LinkID="70" Class="NiTransformationComponent" Name="Transformation">
            <PROPERTY Class="Point3" Name="Translation">0.0000000000000000, 0.0000000000000000, 0.0000000000000000</PROPERTY>
            <PROPERTY Class="Matrix3" Name="Rotation">
                <ROW>1.0000000000000000, 0.0000000000000000, 0.0000000000000000</ROW>
                <ROW>0.0000000000000000, 1.0000000000000000, 0.0000000000000000</ROW>
                <ROW>0.0000000000000000, 0.0000000000000000, 1.0000000000000000</ROW>
            </PROPERTY>
            <PROPERTY Class="Float" Name="Scale">1.0000000000000000</PROPERTY>
        </COMPONENT>
        <COMPONENT LinkID="71" Class="NiSceneGraphComponent" Name="Scene Graph">
            <PROPERTY Class="String" Name="NIF File Path" Asset="TRUE">.\..\..\00_Object\Tree\Nature_Bgrass2001_01.nif</PROPERTY>
        </COMPONENT>
        <COMPONENT LinkID="72" Class="NiGeneralComponent" Name="Hide Object" TemplateID="f6,46,16,db,61,92,23,47,b5,4a,da,2d,42,d7,85,b9">
            <PROPERTY Class="Float" Name="Alpha Value" SemanticType="Float" DisplayName="Alpha Value" Description="">0.4000000059604645</PROPERTY>
            <PROPERTY Class="Boolean" Name="Alpha Enable" SemanticType="Boolean" DisplayName="Alpha Enable" Description="">FALSE</PROPERTY>
            <PROPERTY Class="Boolean" Name="Hide Object" SemanticType="Boolean" DisplayName="Hide Object" Description="">FALSE</PROPERTY>
        </COMPONENT>
        <COMPONENT LinkID="73" Class="NiTransformationComponent" Name="Transformation">
            <PROPERTY Class="Point3" Name="Translation">688.9094238281250000, -1232.8321533203125000, 208.7469329833984400</PROPERTY>
            <PROPERTY Class="Matrix3" Name="Rotation">
                <ROW>0.8849837183952332, 0.4656220078468323, 0.0000000000000000</ROW>
                <ROW>-0.4656220078468323, 0.8849837183952332, 0.0000000000000000</ROW>
                <ROW>0.0000000000000000, 0.0000000000000000, 1.0000000000000000</ROW>
            </PROPERTY>
            <PROPERTY Class="Float" Name="Scale">0.9140066504478455</PROPERTY>
        </COMPONENT>
        <COMPONENT LinkID="74" Class="NiSceneGraphComponent" Name="Scene Graph" MasterLinkID="71" />
        <COMPONENT LinkID="75" Class="NiGeneralComponent" Name="Hide Object" TemplateID="f6,46,16,db,61,92,23,47,b5,4a,da,2d,42,d7,85,b9" MasterLinkID="72" />
        <ENTITY LinkID="76" Class="NiGeneralEntity" Name="Nature_Bgrass2001_01 08" Type="Object" UsePhysX="FALSE" PostfixTexture="" Optimization="0" AlphaGroup="1" RandomAni="TRUE" TemplateID="cc,1d,f3,e5,41,8d,20,40,ad,9a,93,3b,c2,a9,52,e0" MasterLinkID="69">
            <COMPONENT RefLinkID="77" />
            <COMPONENT RefLinkID="78" />
            <COMPONENT RefLinkID="79" />
        </ENTITY>
        <COMPONENT LinkID="77" Class="NiTransformationComponent" Name="Transformation">
            <PROPERTY Class="Point3" Name="Translation">788.1154174804687500, -1187.3977050781250000, 207.3507232666015600</PROPERTY>
            <PROPERTY Class="Matrix3" Name="Rotation">
                <ROW>0.6191786527633667, 0.7852501869201660, 0.0000000000000000</ROW>
                <ROW>-0.7852501869201660, 0.6191786527633667, 0.0000000000000000</ROW>
                <ROW>0.0000000000000000, 0.0000000000000000, 1.0000000000000000</ROW>
            </PROPERTY>
            <PROPERTY Class="Float" Name="Scale">0.7590053081512451</PROPERTY>
        </COMPONENT>
        <COMPONENT LinkID="78" Class="NiSceneGraphComponent" Name="Scene Graph" MasterLinkID="71" />
        <COMPONENT LinkID="79" Class="NiGeneralComponent" Name="Hide Object" TemplateID="f6,46,16,db,61,92,23,47,b5,4a,da,2d,42,d7,85,b9" MasterLinkID="72" />
        <ENTITY LinkID="80" Class="NiGeneralEntity" Name="Nature_Grass2001_01 27" Type="Object" UsePhysX="FALSE" PostfixTexture="" Optimization="0" AlphaGroup="1" RandomAni="TRUE" TemplateID="6f,7b,d1,3b,42,c9,74,45,87,9e,b7,c0,d0,47,1c,93" MasterLinkID="37">
            <COMPONENT RefLinkID="81" />
            <COMPONENT RefLinkID="82" />
            <COMPONENT RefLinkID="83" />
        </ENTITY>
        <COMPONENT LinkID="81" Class="NiTransformationComponent" Name="Transformation">
            <PROPERTY Class="Point3" Name="Translation">755.5410766601562500, -1212.7799072265625000, 208.1156768798828100</PROPERTY>
            <PROPERTY Class="Matrix3" Name="Rotation">
                <ROW>0.9667779803276062, 0.0000000000000000, 0.2556174993515015</ROW>
                <ROW>0.0000000000000000, 1.0000000000000000, 0.0000000000000000</ROW>
                <ROW>-0.2556174993515015, 0.0000000000000000, 0.9667779803276062</ROW>
            </PROPERTY>
            <PROPERTY Class="Float" Name="Scale">1.0000000000000000</PROPERTY>
        </COMPONENT>
        <COMPONENT LinkID="82" Class="NiSceneGraphComponent" Name="Scene Graph" MasterLinkID="39" />
        <COMPONENT LinkID="83" Class="NiGeneralComponent" Name="Hide Object" TemplateID="f6,46,16,db,61,92,23,47,b5,4a,da,2d,42,d7,85,b9" MasterLinkID="40" />
        <ENTITY LinkID="84" Class="NiGeneralEntity" Name="Nature_Grass2001_01 28" Type="Object" UsePhysX="FALSE" PostfixTexture="" Optimization="2" AlphaGroup="1" RandomAni="TRUE" TemplateID="6f,7b,d1,3b,42,c9,74,45,87,9e,b7,c0,d0,47,1c,93" MasterLinkID="37">
            <COMPONENT RefLinkID="85" />
            <COMPONENT RefLinkID="86" />
            <COMPONENT RefLinkID="87" />
        </ENTITY>
        <COMPONENT LinkID="85" Class="NiTransformationComponent" Name="Transformation">
            <PROPERTY Class="Point3" Name="Translation">783.8233642578125000, -1193.7662353515625000, 206.7498321533203100</PROPERTY>
            <PROPERTY Class="Matrix3" Name="Rotation">
                <ROW>1.0000000000000000, 0.0000000000000000, 0.0000000000000000</ROW>
                <ROW>0.0000000000000000, 1.0000000000000000, 0.0000000000000000</ROW>
                <ROW>0.0000000000000000, 0.0000000000000000, 1.0000000000000000</ROW>
            </PROPERTY>
            <PROPERTY Class="Float" Name="Scale">1.0000000000000000</PROPERTY>
        </COMPONENT>
        <COMPONENT LinkID="86" Class="NiSceneGraphComponent" Name="Scene Graph" MasterLinkID="39" />
        <COMPONENT LinkID="87" Class="NiGeneralComponent" Name="Hide Object" TemplateID="f6,46,16,db,61,92,23,47,b5,4a,da,2d,42,d7,85,b9" MasterLinkID="40" />
        <ENTITY LinkID="88" Class="NiGeneralEntity" Name="Nature_Sharptree1001_01 18" Type="Object" UsePhysX="FALSE" PostfixTexture="" Optimization="0" AlphaGroup="1" RandomAni="TRUE" TemplateID="d1,6d,1f,a4,4f,b1,8f,45,b1,4d,f3,b5,4c,bb,a4,c" MasterLinkID="9">
            <COMPONENT RefLinkID="89" />
            <COMPONENT RefLinkID="90" />
            <COMPONENT RefLinkID="91" />
        </ENTITY>
        <COMPONENT LinkID="89" Class="NiTransformationComponent" Name="Transformation">
            <PROPERTY Class="Point3" Name="Translation">686.3088989257812500, -1177.4229736328125000, 215.6465301513671900</PROPERTY>
            <PROPERTY Class="Matrix3" Name="Rotation">
                <ROW>0.9994894266128540, 0.0000000000000000, -0.0319507569074631</ROW>
                <ROW>0.0000000000000000, 1.0000000000000000, 0.0000000000000000</ROW>
                <ROW>0.0319507569074631, 0.0000000000000000, 0.9994894266128540</ROW>
            </PROPERTY>
            <PROPERTY Class="Float" Name="Scale">0.9130772352218628</PROPERTY>
        </COMPONENT>
        <COMPONENT LinkID="90" Class="NiSceneGraphComponent" Name="Scene Graph" MasterLinkID="11" />
        <COMPONENT LinkID="91" Class="NiGeneralComponent" Name="Hide Object" TemplateID="f6,46,16,db,61,92,23,47,b5,4a,da,2d,42,d7,85,b9" MasterLinkID="12" />
        <ENTITY LinkID="92" Class="NiGeneralEntity" Name="Nature_Grass2001_01 22" Type="Object" UsePhysX="FALSE" PostfixTexture="" Optimization="2" AlphaGroup="1" RandomAni="TRUE" TemplateID="6f,7b,d1,3b,42,c9,74,45,87,9e,b7,c0,d0,47,1c,93" MasterLinkID="37">
            <COMPONENT RefLinkID="93" />
            <COMPONENT RefLinkID="94" />
            <COMPONENT RefLinkID="95" />
        </ENTITY>
        <COMPONENT LinkID="93" Class="NiTransformationComponent" Name="Transformation">
            <PROPERTY Class="Point3" Name="Translation">295.3287658691406200, -1309.2954101562500000, 262.3079223632812500</PROPERTY>
            <PROPERTY Class="Matrix3" Name="Rotation">
                <ROW>0.9678062200546265, 0.0000000000000000, 0.2516964375972748</ROW>
                <ROW>0.0000000000000000, 1.0000000000000000, 0.0000000000000000</ROW>
                <ROW>-0.2516964375972748, 0.0000000000000000, 0.9678062200546265</ROW>
            </PROPERTY>
            <PROPERTY Class="Float" Name="Scale">1.0000000000000000</PROPERTY>
        </COMPONENT>
        <COMPONENT LinkID="94" Class="NiSceneGraphComponent" Name="Scene Graph" MasterLinkID="39" />
        <COMPONENT LinkID="95" Class="NiGeneralComponent" Name="Hide Object" TemplateID="f6,46,16,db,61,92,23,47,b5,4a,da,2d,42,d7,85,b9" MasterLinkID="40" />
        <ENTITY LinkID="96" Class="NiGeneralEntity" Name="Nature_Sharptree1001_01 17" Type="Object" UsePhysX="FALSE" PostfixTexture="" Optimization="1" AlphaGroup="1" RandomAni="TRUE" TemplateID="d1,6d,1f,a4,4f,b1,8f,45,b1,4d,f3,b5,4c,bb,a4,c" MasterLinkID="9">
            <COMPONENT RefLinkID="97" />
            <COMPONENT RefLinkID="98" />
            <COMPONENT RefLinkID="99" />
        </ENTITY>
        <COMPONENT LinkID="97" Class="NiTransformationComponent" Name="Transformation">
            <PROPERTY Class="Point3" Name="Translation">396.6794433593750000, -1199.9199218750000000, 237.0599822998046900</PROPERTY>
            <PROPERTY Class="Matrix3" Name="Rotation">
                <ROW>0.9994894266128540, 0.0000000000000000, -0.0319507569074631</ROW>
                <ROW>0.0000000000000000, 1.0000000000000000, 0.0000000000000000</ROW>
                <ROW>0.0319507569074631, 0.0000000000000000, 0.9994894266128540</ROW>
            </PROPERTY>
            <PROPERTY Class="Float" Name="Scale">0.9130772352218628</PROPERTY>
        </COMPONENT>
        <COMPONENT LinkID="98" Class="NiSceneGraphComponent" Name="Scene Graph" MasterLinkID="11" />
        <COMPONENT LinkID="99" Class="NiGeneralComponent" Name="Hide Object" TemplateID="f6,46,16,db,61,92,23,47,b5,4a,da,2d,42,d7,85,b9" MasterLinkID="12" />
        <ENTITY LinkID="100" Class="NiGeneralEntity" Name="Art_Fance10001_01 03" Type="Object" UsePhysX="FALSE" PostfixTexture="" Optimization="0" AlphaGroup="1" RandomAni="TRUE" TemplateID="12,76,71,ad,98,bc,f6,4c,af,ba,a0,3,65,db,97,6e" MasterLinkID="101">
            <COMPONENT RefLinkID="105" />
            <COMPONENT RefLinkID="106" />
            <COMPONENT RefLinkID="107" />
        </ENTITY>
        <ENTITY LinkID="101" Class="NiGeneralEntity" Name="[Object]Fance.Art_Fance10001_01" TemplateID="a0,e6,55,d7,87,75,24,49,9e,5c,93,4,5,6e,5d,e9">
            <COMPONENT RefLinkID="102" />
            <COMPONENT RefLinkID="103" />
            <COMPONENT RefLinkID="104" />
        </ENTITY>
        <COMPONENT LinkID="102" Class="NiTransformationComponent" Name="Transformation">
            <PROPERTY Class="Point3" Name="Translation">0.0000000000000000, 0.0000000000000000, 0.0000000000000000</PROPERTY>
            <PROPERTY Class="Matrix3" Name="Rotation">
                <ROW>1.0000000000000000, 0.0000000000000000, 0.0000000000000000</ROW>
                <ROW>0.0000000000000000, 1.0000000000000000, 0.0000000000000000</ROW>
                <ROW>0.0000000000000000, 0.0000000000000000, 1.0000000000000000</ROW>
            </PROPERTY>
            <PROPERTY Class="Float" Name="Scale">1.0000000000000000</PROPERTY>
        </COMPONENT>
        <COMPONENT LinkID="103" Class="NiSceneGraphComponent" Name="Scene Graph">
            <PROPERTY Class="String" Name="NIF File Path" Asset="TRUE">.\..\..\00_Object\Fance\Art_Fance10001_01.nif</PROPERTY>
        </COMPONENT>
        <COMPONENT LinkID="104" Class="NiGeneralComponent" Name="Hide Object" TemplateID="f6,46,16,db,61,92,23,47,b5,4a,da,2d,42,d7,85,b9">
            <PROPERTY Class="Float" Name="Alpha Value" SemanticType="Float" DisplayName="Alpha Value" Description="">0.4000000059604645</PROPERTY>
            <PROPERTY Class="Boolean" Name="Alpha Enable" SemanticType="Boolean" DisplayName="Alpha Enable" Description="">FALSE</PROPERTY>
            <PROPERTY Class="Boolean" Name="Hide Object" SemanticType="Boolean" DisplayName="Hide Object" Description="">FALSE</PROPERTY>
        </COMPONENT>
        <COMPONENT LinkID="105" Class="NiTransformationComponent" Name="Transformation">
            <PROPERTY Class="Point3" Name="Translation">1126.5174560546875000, -1117.8363037109375000, 207.0185394287109400</PROPERTY>
            <PROPERTY Class="Matrix3" Name="Rotation">
                <ROW>0.9999994039535523, -0.0000000000396894, 0.0011696744477376</ROW>
                <ROW>0.0000000000000000, 1.0000000000000000, 0.0000000339321033</ROW>
                <ROW>-0.0011696744477376, -0.0000000339320785, 0.9999994039535523</ROW>
            </PROPERTY>
            <PROPERTY Class="Float" Name="Scale">1.0000000000000000</PROPERTY>
        </COMPONENT>
        <COMPONENT LinkID="106" Class="NiSceneGraphComponent" Name="Scene Graph" MasterLinkID="103" />
        <COMPONENT LinkID="107" Class="NiGeneralComponent" Name="Hide Object" TemplateID="f6,46,16,db,61,92,23,47,b5,4a,da,2d,42,d7,85,b9" MasterLinkID="104" />
        <ENTITY LinkID="108" Class="NiGeneralEntity" Name="Nature_Flower3001_02 05" Type="Object" UsePhysX="FALSE" PostfixTexture="" Optimization="2" AlphaGroup="1" RandomAni="TRUE" TemplateID="58,65,21,7e,f6,28,4b,4c,98,69,51,cf,59,12,5a,af" MasterLinkID="109">
