<?xml version="1.0" ?>
<GSA Major="1" Minor="0" Patch="0">
    <PALETTES_DIRECTORY>
        <PALETTE_DIR IDX="0" DIRECTORY=".\..\..\..\..\..\ToolBin\SceneDesigner\Release\Data\" />
        <PALETTE_DIR IDX="1" DIRECTORY=".\..\200_Hidden\..\..\Palettes\" />
    </PALETTES_DIRECTORY>
    <PALETTES>
        <PALETTE NAME="Default" DIR_IDX="0" />
        <PALETTE NAME="Block" DIR_IDX="1" />
        <PALETTE NAME="object" DIR_IDX="1" />
        <PALETTE NAME="General" DIR_IDX="1" />
        <PALETTE NAME="Effect" DIR_IDX="1" />
    </PALETTES>
    <OBJECTS>
        <ENTITY LinkID="0" Class="NiGeneralEntity" Name="Art_SmallShip1001_04_Ani 02" Type="Object" UsePhysX="FALSE" PostfixTexture="" Optimization="0" AlphaGroup="1" RandomAni="TRUE" TemplateID="a7,c5,f3,7c,9a,49,28,48,94,3c,28,85,5e,ee,f0,8b" MasterLinkID="1">
            <COMPONENT RefLinkID="6" />
            <COMPONENT RefLinkID="7" />
            <COMPONENT RefLinkID="8" />
            <COMPONENT RefLinkID="9" />
        </ENTITY>
        <ENTITY LinkID="1" Class="NiGeneralEntity" Name="[object]Ship.Art_SmallShip1001_04_Ani" TemplateID="a7,c5,f3,7c,9a,49,28,48,94,3c,28,85,5e,ee,f0,8b">
            <COMPONENT RefLinkID="2" />
            <COMPONENT RefLinkID="3" />
            <COMPONENT RefLinkID="4" />
            <COMPONENT RefLinkID="5" />
        </ENTITY>
        <COMPONENT LinkID="2" Class="NiTransformationComponent" Name="Transformation">
            <PROPERTY Class="Point3" Name="Translation">0.0000000000000000, 0.0000000000000000, 0.0000000000000000</PROPERTY>
            <PROPERTY Class="Matrix3" Name="Rotation">
                <ROW>1.0000000000000000, 0.0000000000000000, 0.0000000000000000</ROW>
                <ROW>0.0000000000000000, 1.0000000000000000, 0.0000000000000000</ROW>
                <ROW>0.0000000000000000, 0.0000000000000000, 1.0000000000000000</ROW>
            </PROPERTY>
            <PROPERTY Class="Float" Name="Scale">1.0000000000000000</PROPERTY>
        </COMPONENT>
        <COMPONENT LinkID="3" Class="NiSceneGraphComponent" Name="Scene Graph">
            <PROPERTY Class="String" Name="NIF File Path" Asset="TRUE">.\..\..\00_Object\Ship\Art_SmallShip1001_04_Ani.nif</PROPERTY>
        </COMPONENT>
        <COMPONENT LinkID="4" Class="NiGeneralComponent" Name="Animation Object" TemplateID="c5,83,7b,6f,ea,53,7d,45,95,5a,2e,ab,38,28,a5,76">
            <PROPERTY Class="Float" Name="Phase" SemanticType="Float" DisplayName="Phase" Description="">-1000.0000000000000000</PROPERTY>
        </COMPONENT>
        <COMPONENT LinkID="5" Class="NiGeneralComponent" Name="Hide Object" TemplateID="f6,46,16,db,61,92,23,47,b5,4a,da,2d,42,d7,85,b9">
            <PROPERTY Class="Float" Name="Alpha Value" SemanticType="Float" DisplayName="Alpha Value" Description="">0.4000000059604645</PROPERTY>
            <PROPERTY Class="Boolean" Name="Alpha Enable" SemanticType="Boolean" DisplayName="Alpha Enable" Description="">FALSE</PROPERTY>
        </COMPONENT>
        <COMPONENT LinkID="6" Class="NiTransformationComponent" Name="Transformation">
            <PROPERTY Class="Point3" Name="Translation">-6893.8481445312500000, 1434.6713867187500000, -148.4785766601562500</PROPERTY>
            <PROPERTY Class="Matrix3" Name="Rotation">
                <ROW>-0.2588191032409668, 0.9659258723258972, -0.0000021393248062</ROW>
                <ROW>-0.9659258723258972, -0.2588191032409668, 0.0000005751081176</ROW>
                <ROW>0.0000000018136027, 0.0000022152778456, 1.0000000000000000</ROW>
            </PROPERTY>
            <PROPERTY Class="Float" Name="Scale">1.5000000000000000</PROPERTY>
        </COMPONENT>
        <COMPONENT LinkID="7" Class="NiSceneGraphComponent" Name="Scene Graph" MasterLinkID="3" />
        <COMPONENT LinkID="8" Class="NiGeneralComponent" Name="Animation Object" TemplateID="c5,83,7b,6f,ea,53,7d,45,95,5a,2e,ab,38,28,a5,76" MasterLinkID="4" />
        <COMPONENT LinkID="9" Class="NiGeneralComponent" Name="Hide Object" TemplateID="f6,46,16,db,61,92,23,47,b5,4a,da,2d,42,d7,85,b9" MasterLinkID="5" />
        <ENTITY LinkID="10" Class="NiGeneralEntity" Name="Nature_Flower3001_03 93" Type="Object" UsePhysX="FALSE" PostfixTexture="" Optimization="1" AlphaGroup="0" RandomAni="TRUE" TemplateID="8e,50,47,60,12,a0,f5,45,88,cb,6b,c4,cd,b3,9d,b2" MasterLinkID="11">
            <COMPONENT RefLinkID="14" />
            <COMPONENT RefLinkID="15" />
        </ENTITY>
        <ENTITY LinkID="11" Class="NiGeneralEntity" Name="[object]Flower.Nature_Flower3001_03" TemplateID="8e,50,47,60,12,a0,f5,45,88,cb,6b,c4,cd,b3,9d,b2">
            <COMPONENT RefLinkID="12" />
            <COMPONENT RefLinkID="13" />
        </ENTITY>
        <COMPONENT LinkID="12" Class="NiTransformationComponent" Name="Transformation">
            <PROPERTY Class="Point3" Name="Translation">0.0000000000000000, 0.0000000000000000, 0.0000000000000000</PROPERTY>
            <PROPERTY Class="Matrix3" Name="Rotation">
                <ROW>1.0000000000000000, 0.0000000000000000, 0.0000000000000000</ROW>
                <ROW>0.0000000000000000, 1.0000000000000000, 0.0000000000000000</ROW>
                <ROW>0.0000000000000000, 0.0000000000000000, 1.0000000000000000</ROW>
            </PROPERTY>
            <PROPERTY Class="Float" Name="Scale">1.0000000000000000</PROPERTY>
        </COMPONENT>
        <COMPONENT LinkID="13" Class="NiSceneGraphComponent" Name="Scene Graph">
            <PROPERTY Class="String" Name="NIF File Path" Asset="TRUE">.\..\..\00_Object\Flower\Nature_Flower3001_03.nif</PROPERTY>
        </COMPONENT>
        <COMPONENT LinkID="14" Class="NiTransformationComponent" Name="Transformation">
            <PROPERTY Class="Point3" Name="Translation">-269.6140747070312500, -860.0423583984375000, 4.1514358520507812</PROPERTY>
            <PROPERTY Class="Matrix3" Name="Rotation">
                <ROW>0.9687349796295166, -0.2480979561805725, 0.0000000000000000</ROW>
                <ROW>0.2480979561805725, 0.9687349796295166, 0.0000000000000000</ROW>
                <ROW>0.0000000000000000, 0.0000000000000000, 1.0000000000000000</ROW>
            </PROPERTY>
            <PROPERTY Class="Float" Name="Scale">1.0000000000000000</PROPERTY>
        </COMPONENT>
        <COMPONENT LinkID="15" Class="NiSceneGraphComponent" Name="Scene Graph" MasterLinkID="13" />
        <ENTITY LinkID="16" Class="NiGeneralEntity" Name="mini cam" Type="MinimapCamera" UsePhysX="FALSE" PostfixTexture="" Optimization="Low" AlphaGroup="1" RandomAni="FALSE" TemplateID="31,e4,f1,ae,7f,4f,58,4e,87,63,e3,36,31,5c,49,3a" Hidden="TRUE" MasterLinkID="17">
            <COMPONENT RefLinkID="20" />
            <COMPONENT RefLinkID="21" />
        </ENTITY>
        <ENTITY LinkID="17" Class="NiGeneralEntity" Name="[General]Cameras.Camera" TemplateID="31,e4,f1,ae,7f,4f,58,4e,87,63,e3,36,31,5c,49,3a">
            <COMPONENT RefLinkID="18" />
            <COMPONENT RefLinkID="19" />
        </ENTITY>
        <COMPONENT LinkID="18" Class="NiTransformationComponent" Name="Transformation">
            <PROPERTY Class="Point3" Name="Translation">0.0000000000000000, 0.0000000000000000, 0.0000000000000000</PROPERTY>
            <PROPERTY Class="Matrix3" Name="Rotation">
                <ROW>1.0000000000000000, 0.0000000000000000, 0.0000000000000000</ROW>
                <ROW>0.0000000000000000, 1.0000000000000000, 0.0000000000000000</ROW>
                <ROW>0.0000000000000000, 0.0000000000000000, 1.0000000000000000</ROW>
            </PROPERTY>
            <PROPERTY Class="Float" Name="Scale">1.0000000000000000</PROPERTY>
        </COMPONENT>
        <COMPONENT LinkID="19" Class="NiCameraComponent" Name="Camera">
            <PROPERTY Class="Float" Name="Field of View">90.0000000000000000</PROPERTY>
            <PROPERTY Class="Float" Name="Aspect Ratio">1.3333300352096558</PROPERTY>
            <PROPERTY Class="Float" Name="Near Clipping Plane">1.0000000000000000</PROPERTY>
            <PROPERTY Class="Float" Name="Far Clipping Plane">10000.0000000000000000</PROPERTY>
            <PROPERTY Class="Boolean" Name="Orthographic">FALSE</PROPERTY>
        </COMPONENT>
        <COMPONENT LinkID="20" Class="NiTransformationComponent" Name="Transformation">
            <PROPERTY Class="Point3" Name="Translation">-3943.5952148437500000, -5778.9023437500000000, 3178.5739746093750000</PROPERTY>
            <PROPERTY Class="Matrix3" Name="Rotation">
                <ROW>-0.0000150611240315, -0.0000086348954937, 1.0000000000000000</ROW>
                <ROW>0.8675341010093689, 0.4973776042461395, 0.0000173608441401</ROW>
                <ROW>-0.4973776042461395, 0.8675341010093689, -0.0000000000000000</ROW>
            </PROPERTY>
            <PROPERTY Class="Float" Name="Scale">1.0000000000000000</PROPERTY>
        </COMPONENT>
        <COMPONENT LinkID="21" Class="NiCameraComponent" Name="Camera">
            <PROPERTY Class="Float" Name="Field of View">89.9999923706054690</PROPERTY>
            <PROPERTY Class="Float" Name="Aspect Ratio">1.3333333730697632</PROPERTY>
            <PROPERTY Class="Float" Name="Near Clipping Plane">100.0000000000000000</PROPERTY>
            <PROPERTY Class="Float" Name="Far Clipping Plane">1000000.0000000000000000</PROPERTY>
            <PROPERTY Class="Boolean" Name="Orthographic">FALSE</PROPERTY>
        </COMPONENT>
        <ENTITY LinkID="22" Class="NiGeneralEntity" Name="Nature_Grass5001_01 105" Type="Object" UsePhysX="FALSE" PostfixTexture="" Optimization="0" AlphaGroup="1" RandomAni="FALSE" TemplateID="be,53,83,d6,d5,58,84,4b,be,b2,75,81,18,f1,43,2e" MasterLinkID="23">
            <COMPONENT RefLinkID="26" />
            <COMPONENT RefLinkID="27" />
        </ENTITY>
        <ENTITY LinkID="23" Class="NiGeneralEntity" Name="[object]Grass.Nature_Grass5001_01" TemplateID="be,53,83,d6,d5,58,84,4b,be,b2,75,81,18,f1,43,2e">
            <COMPONENT RefLinkID="24" />
            <COMPONENT RefLinkID="25" />
        </ENTITY>
        <COMPONENT LinkID="24" Class="NiTransformationComponent" Name="Transformation">
            <PROPERTY Class="Point3" Name="Translation">0.0000000000000000, 0.0000000000000000, 0.0000000000000000</PROPERTY>
            <PROPERTY Class="Matrix3" Name="Rotation">
                <ROW>1.0000000000000000, 0.0000000000000000, 0.0000000000000000</ROW>
                <ROW>0.0000000000000000, 1.0000000000000000, 0.0000000000000000</ROW>
                <ROW>0.0000000000000000, 0.0000000000000000, 1.0000000000000000</ROW>
            </PROPERTY>
            <PROPERTY Class="Float" Name="Scale">1.0000000000000000</PROPERTY>
        </COMPONENT>
        <COMPONENT LinkID="25" Class="NiSceneGraphComponent" Name="Scene Graph">
            <PROPERTY Class="String" Name="NIF File Path" Asset="TRUE">.\..\..\00_Object\Grass\Nature_Grass5001_01.nif</PROPERTY>
        </COMPONENT>
        <COMPONENT LinkID="26" Class="NiTransformationComponent" Name="Transformation">
            <PROPERTY Class="Point3" Name="Translation">-3492.2172851562500000, -1328.4625244140625000, 1432.9705810546875000</PROPERTY>
            <PROPERTY Class="Matrix3" Name="Rotation">
                <ROW>0.9378640651702881, -0.3470028340816498, 0.0000000000000000</ROW>
                <ROW>0.3470028340816498, 0.9378640651702881, 0.0000000000000000</ROW>
                <ROW>0.0000000000000000, 0.0000000000000000, 1.0000000000000000</ROW>
            </PROPERTY>
            <PROPERTY Class="Float" Name="Scale">0.8014657497406006</PROPERTY>
        </COMPONENT>
        <COMPONENT LinkID="27" Class="NiSceneGraphComponent" Name="Scene Graph" MasterLinkID="25" />
        <ENTITY LinkID="28" Class="NiGeneralEntity" Name="gate_next_base" Type="Trigger" UsePhysX="TRUE" PostfixTexture="" Optimization="0" AlphaGroup="5" RandomAni="FALSE" TemplateID="cc,68,ab,3d,80,d7,42,46,b5,a4,97,4d,ef,3d,b0,f3" Hidden="TRUE" MasterLinkID="29">
            <COMPONENT RefLinkID="33" />
            <COMPONENT RefLinkID="34" />
            <COMPONENT RefLinkID="35" />
        </ENTITY>
        <ENTITY LinkID="29" Class="NiGeneralEntity" Name="[General]Object.Kinematic55_noc_CylinderUP" TemplateID="cc,68,ab,3d,80,d7,42,46,b5,a4,97,4d,ef,3d,b0,f3">
            <COMPONENT RefLinkID="30" />
            <COMPONENT RefLinkID="31" />
            <COMPONENT RefLinkID="32" />
        </ENTITY>
        <COMPONENT LinkID="30" Class="NiTransformationComponent" Name="Transformation">
            <PROPERTY Class="Point3" Name="Translation">0.0000000000000000, 0.0000000000000000, 0.0000000000000000</PROPERTY>
            <PROPERTY Class="Matrix3" Name="Rotation">
                <ROW>1.0000000000000000, 0.0000000000000000, 0.0000000000000000</ROW>
                <ROW>0.0000000000000000, 1.0000000000000000, 0.0000000000000000</ROW>
                <ROW>0.0000000000000000, 0.0000000000000000, 1.0000000000000000</ROW>
            </PROPERTY>
            <PROPERTY Class="Float" Name="Scale">1.0000000000000000</PROPERTY>
        </COMPONENT>
        <COMPONENT LinkID="31" Class="NiSceneGraphComponent" Name="Scene Graph">
            <PROPERTY Class="String" Name="NIF File Path" Asset="TRUE">.\..\..\Palettes\Kinematic55_noc_CylinderUP.nif</PROPERTY>
        </COMPONENT>
        <COMPONENT LinkID="32" Class="NiGeneralComponent" Name="Hide Object" TemplateID="f6,46,16,db,61,92,23,47,b5,4a,da,2d,42,d7,85,b9">
            <PROPERTY Class="Float" Name="Alpha Value" SemanticType="Float" DisplayName="Alpha Value" Description="">0.4000000059604645</PROPERTY>
            <PROPERTY Class="Boolean" Name="Alpha Enable" SemanticType="Boolean" DisplayName="Alpha Enable" Description="">FALSE</PROPERTY>
            <PROPERTY Class="Boolean" Name="Hide Object" SemanticType="Boolean" DisplayName="Hide Object" Description="">FALSE</PROPERTY>
        </COMPONENT>
        <COMPONENT LinkID="33" Class="NiTransformationComponent" Name="Transformation">
            <PROPERTY Class="Point3" Name="Translation">-3462.9838867187500000, -568.4138183593750000, 2448.7480468750000000</PROPERTY>
            <PROPERTY Class="Matrix3" Name="Rotation">
                <ROW>1.0000000000000000, 0.0000000000000000, 0.0000000000000000</ROW>
                <ROW>0.0000000000000000, 1.0000000000000000, 0.0000000000000000</ROW>
                <ROW>0.0000000000000000, 0.0000000000000000, 1.0000000000000000</ROW>
            </PROPERTY>
            <PROPERTY Class="Float" Name="Scale">1.0000000000000000</PROPERTY>
        </COMPONENT>
        <COMPONENT LinkID="34" Class="NiSceneGraphComponent" Name="Scene Graph" MasterLinkID="31" />
        <COMPONENT LinkID="35" Class="NiGeneralComponent" Name="Hide Object" TemplateID="f6,46,16,db,61,92,23,47,b5,4a,da,2d,42,d7,85,b9" MasterLinkID="32" />
        <ENTITY LinkID="36" Class="NiGeneralEntity" Name="Art_Fance10002_01 58" Type="Object" UsePhysX="FALSE" PostfixTexture="" Optimization="0" AlphaGroup="1" RandomAni="FALSE" TemplateID="9f,21,86,db,5c,87,45,43,8b,87,12,67,ea,ef,2,ee" MasterLinkID="37">
            <COMPONENT RefLinkID="41" />
            <COMPONENT RefLinkID="42" />
            <COMPONENT RefLinkID="43" />
        </ENTITY>
        <ENTITY LinkID="37" Class="NiGeneralEntity" Name="[object]Fance.Art_Fance10002_01" TemplateID="9f,21,86,db,5c,87,45,43,8b,87,12,67,ea,ef,2,ee">
            <COMPONENT RefLinkID="38" />
            <COMPONENT RefLinkID="39" />
            <COMPONENT RefLinkID="40" />
        </ENTITY>
        <COMPONENT LinkID="38" Class="NiTransformationComponent" Name="Transformation">
            <PROPERTY Class="Point3" Name="Translation">0.0000000000000000, 0.0000000000000000, 0.0000000000000000</PROPERTY>
            <PROPERTY Class="Matrix3" Name="Rotation">
                <ROW>1.0000000000000000, 0.0000000000000000, 0.0000000000000000</ROW>
                <ROW>0.0000000000000000, 1.0000000000000000, 0.0000000000000000</ROW>
                <ROW>0.0000000000000000, 0.0000000000000000, 1.0000000000000000</ROW>
            </PROPERTY>
            <PROPERTY Class="Float" Name="Scale">1.0000000000000000</PROPERTY>
        </COMPONENT>
        <COMPONENT LinkID="39" Class="NiSceneGraphComponent" Name="Scene Graph">
            <PROPERTY Class="String" Name="NIF File Path" Asset="TRUE">.\..\..\00_Object\Fance\Art_Fance10002_01.nif</PROPERTY>
        </COMPONENT>
        <COMPONENT LinkID="40" Class="NiGeneralComponent" Name="Hide Object" TemplateID="f6,46,16,db,61,92,23,47,b5,4a,da,2d,42,d7,85,b9">
            <PROPERTY Class="Float" Name="Alpha Value" SemanticType="Float" DisplayName="Alpha Value" Description="">0.4000000059604645</PROPERTY>
            <PROPERTY Class="Boolean" Name="Alpha Enable" SemanticType="Boolean" DisplayName="Alpha Enable" Description="">FALSE</PROPERTY>
            <PROPERTY Class="Boolean" Name="Hide Object" SemanticType="Boolean" DisplayName="Hide Object" Description="">FALSE</PROPERTY>
        </COMPONENT>
        <COMPONENT LinkID="41" Class="NiTransformationComponent" Name="Transformation">
            <PROPERTY Class="Point3" Name="Translation">-2815.4194335937500000, -929.7697143554687500, 1446.2069091796875000</PROPERTY>
            <PROPERTY Class="Matrix3" Name="Rotation">
                <ROW>0.4831333160400391, -0.8755394220352173, 0.0035692527890205</ROW>
                <ROW>0.8716533780097961, 0.4805968999862671, -0.0961594581604004</ROW>
                <ROW>0.0824760198593140, 0.0495689958333969, 0.9953595995903015</ROW>
            </PROPERTY>
            <PROPERTY Class="Float" Name="Scale">1.0000000000000000</PROPERTY>
        </COMPONENT>
        <COMPONENT LinkID="42" Class="NiSceneGraphComponent" Name="Scene Graph" MasterLinkID="39" />
        <COMPONENT LinkID="43" Class="NiGeneralComponent" Name="Hide Object" TemplateID="f6,46,16,db,61,92,23,47,b5,4a,da,2d,42,d7,85,b9" MasterLinkID="40">
            <PROPERTY Class="Boolean" Name="Alpha Enable" SemanticType="Boolean" DisplayName="Alpha Enable" Description="">TRUE</PROPERTY>
            <PROPERTY Class="Boolean" Name="Hide Object" SemanticType="Boolean" DisplayName="Hide Object" Description="">TRUE</PROPERTY>
        </COMPONENT>
        <ENTITY LinkID="44" Class="NiGeneralEntity" Name="Art_Fance10002_01 26" Type="Object" UsePhysX="FALSE" PostfixTexture="" Optimization="0" AlphaGroup="1" RandomAni="FALSE" TemplateID="9f,21,86,db,5c,87,45,43,8b,87,12,67,ea,ef,2,ee" MasterLinkID="37">
            <COMPONENT RefLinkID="45" />
            <COMPONENT RefLinkID="46" />
            <COMPONENT RefLinkID="47" />
        </ENTITY>
        <COMPONENT LinkID="45" Class="NiTransformationComponent" Name="Transformation">
            <PROPERTY Class="Point3" Name="Translation">-2911.0942382812500000, -1127.6594238281250000, 1136.7652587890625000</PROPERTY>
            <PROPERTY Class="Matrix3" Name="Rotation">
                <ROW>-0.6670607328414917, -0.7405771017074585, -0.0810883864760399</ROW>
                <ROW>0.7416380047798157, -0.6704360246658325, 0.0220972318202257</ROW>
                <ROW>-0.0707292854785919, -0.0453980565071106, 0.9964619278907776</ROW>
            </PROPERTY>
            <PROPERTY Class="Float" Name="Scale">1.0000000000000000</PROPERTY>
        </COMPONENT>
        <COMPONENT LinkID="46" Class="NiSceneGraphComponent" Name="Scene Graph" MasterLinkID="39" />
        <COMPONENT LinkID="47" Class="NiGeneralComponent" Name="Hide Object" TemplateID="f6,46,16,db,61,92,23,47,b5,4a,da,2d,42,d7,85,b9" MasterLinkID="40" />
        <ENTITY LinkID="48" Class="NiGeneralEntity" Name="Art_Fance10002_01 64" Type="Object" UsePhysX="FALSE" PostfixTexture="" Optimization="0" AlphaGroup="1" RandomAni="FALSE" TemplateID="9f,21,86,db,5c,87,45,43,8b,87,12,67,ea,ef,2,ee" MasterLinkID="37">
            <COMPONENT RefLinkID="49" />
            <COMPONENT RefLinkID="50" />
            <COMPONENT RefLinkID="51" />
        </ENTITY>
        <COMPONENT LinkID="49" Class="NiTransformationComponent" Name="Transformation">
            <PROPERTY Class="Point3" Name="Translation">-3351.6171875000000000, -1717.0920410156250000, 937.4082641601562500</PROPERTY>
            <PROPERTY Class="Matrix3" Name="Rotation">
                <ROW>0.9180762767791748, -0.3947259187698364, -0.0364283174276352</ROW>
                <ROW>0.3939130902290344, 0.8981642723083496, 0.1952776163816452</ROW>
                <ROW>-0.0443625375628471, -0.1936293691396713, 0.9800712466239929</ROW>
            </PROPERTY>
            <PROPERTY Class="Float" Name="Scale">1.0000000000000000</PROPERTY>
        </COMPONENT>
        <COMPONENT LinkID="50" Class="NiSceneGraphComponent" Name="Scene Graph" MasterLinkID="39" />
        <COMPONENT LinkID="51" Class="NiGeneralComponent" Name="Hide Object" TemplateID="f6,46,16,db,61,92,23,47,b5,4a,da,2d,42,d7,85,b9" MasterLinkID="40">
            <PROPERTY Class="Boolean" Name="Alpha Enable" SemanticType="Boolean" DisplayName="Alpha Enable" Description="">TRUE</PROPERTY>
            <PROPERTY Class="Boolean" Name="Hide Object" SemanticType="Boolean" DisplayName="Hide Object" Description="">TRUE</PROPERTY>
        </COMPONENT>
        <ENTITY LinkID="52" Class="NiGeneralEntity" Name="Aster_woodcar 01" Type="Object" UsePhysX="FALSE" PostfixTexture="" Optimization="0" AlphaGroup="1" RandomAni="FALSE" TemplateID="b,35,bd,56,a1,70,ad,48,bb,7d,c1,59,1d,18,bd,6" MasterLinkID="53">
            <COMPONENT RefLinkID="56" />
            <COMPONENT RefLinkID="57" />
        </ENTITY>
        <ENTITY LinkID="53" Class="NiGeneralEntity" Name="[object]props.Aster_woodcar" TemplateID="b,35,bd,56,a1,70,ad,48,bb,7d,c1,59,1d,18,bd,6">
            <COMPONENT RefLinkID="54" />
            <COMPONENT RefLinkID="55" />
        </ENTITY>
        <COMPONENT LinkID="54" Class="NiTransformationComponent" Name="Transformation">
            <PROPERTY Class="Point3" Name="Translation">0.0000000000000000, 0.0000000000000000, 0.0000000000000000</PROPERTY>
            <PROPERTY Class="Matrix3" Name="Rotation">
                <ROW>1.0000000000000000, 0.0000000000000000, 0.0000000000000000</ROW>
                <ROW>0.0000000000000000, 1.0000000000000000, 0.0000000000000000</ROW>
                <ROW>0.0000000000000000, 0.0000000000000000, 1.0000000000000000</ROW>
            </PROPERTY>
            <PROPERTY Class="Float" Name="Scale">1.0000000000000000</PROPERTY>
        </COMPONENT>
        <COMPONENT LinkID="55" Class="NiSceneGraphComponent" Name="Scene Graph">
            <PROPERTY Class="String" Name="NIF File Path" Asset="TRUE">.\..\..\00_Object\props\Aster_woodcar.nif</PROPERTY>
        </COMPONENT>
        <COMPONENT LinkID="56" Class="NiTransformationComponent" Name="Transformation">
            <PROPERTY Class="Point3" Name="Translation">-5805.5224609375000000, -1745.8953857421875000, 663.2965087890625000</PROPERTY>
            <PROPERTY Class="Matrix3" Name="Rotation">
                <ROW>0.3109511435031891, -0.9504259228706360, 0.0000000000000000</ROW>
                <ROW>0.9504259228706360, 0.3109511435031891, 0.0000000000000000</ROW>
                <ROW>0.0000000000000000, 0.0000000000000000, 1.0000000000000000</ROW>
            </PROPERTY>
            <PROPERTY Class="Float" Name="Scale">1.0000000000000000</PROPERTY>
        </COMPONENT>
        <COMPONENT LinkID="57" Class="NiSceneGraphComponent" Name="Scene Graph" MasterLinkID="55" />
        <ENTITY LinkID="58" Class="NiGeneralEntity" Name="Art_Fance10002_01 49" Type="Object" UsePhysX="FALSE" PostfixTexture="" Optimization="0" AlphaGroup="1" RandomAni="FALSE" TemplateID="9f,21,86,db,5c,87,45,43,8b,87,12,67,ea,ef,2,ee" MasterLinkID="37">
            <COMPONENT RefLinkID="59" />
            <COMPONENT RefLinkID="60" />
            <COMPONENT RefLinkID="61" />
        </ENTITY>
        <COMPONENT LinkID="59" Class="NiTransformationComponent" Name="Transformation">
            <PROPERTY Class="Point3" Name="Translation">-4145.2373046875000000, -1097.8609619140625000, 959.1605834960937500</PROPERTY>
            <PROPERTY Class="Matrix3" Name="Rotation">
                <ROW>-0.8476105332374573, 0.5212497115135193, 0.0992720276117325</ROW>
                <ROW>-0.5303897857666016, -0.8267918229103088, -0.1873544156551361</ROW>
                <ROW>-0.0155811104923487, -0.2114564478397369, 0.9772632122039795</ROW>
            </PROPERTY>
            <PROPERTY Class="Float" Name="Scale">1.0000000000000000</PROPERTY>
        </COMPONENT>
        <COMPONENT LinkID="60" Class="NiSceneGraphComponent" Name="Scene Graph" MasterLinkID="39" />
        <COMPONENT LinkID="61" Class="NiGeneralComponent" Name="Hide Object" TemplateID="f6,46,16,db,61,92,23,47,b5,4a,da,2d,42,d7,85,b9" MasterLinkID="40" />
        <ENTITY LinkID="62" Class="NiGeneralEntity" Name="Nature_Sharptree1001_01 77" Type="Object" UsePhysX="FALSE" PostfixTexture="" Optimization="0" AlphaGroup="1" RandomAni="FALSE" TemplateID="d1,6d,1f,a4,4f,b1,8f,45,b1,4d,f3,b5,4c,bb,a4,c" MasterLinkID="63">
            <COMPONENT RefLinkID="67" />
            <COMPONENT RefLinkID="68" />
            <COMPONENT RefLinkID="69" />
        </ENTITY>
        <ENTITY LinkID="63" Class="NiGeneralEntity" Name="[object]Tree.Nature_Sharptree1001_01" TemplateID="d1,6d,1f,a4,4f,b1,8f,45,b1,4d,f3,b5,4c,bb,a4,c">
            <COMPONENT RefLinkID="64" />
            <COMPONENT RefLinkID="65" />
            <COMPONENT RefLinkID="66" />
        </ENTITY>
        <COMPONENT LinkID="64" Class="NiTransformationComponent" Name="Transformation">
            <PROPERTY Class="Point3" Name="Translation">0.0000000000000000, 0.0000000000000000, 0.0000000000000000</PROPERTY>
            <PROPERTY Class="Matrix3" Name="Rotation">
                <ROW>1.0000000000000000, 0.0000000000000000, 0.0000000000000000</ROW>
                <ROW>0.0000000000000000, 1.0000000000000000, 0.0000000000000000</ROW>
                <ROW>0.0000000000000000, 0.0000000000000000, 1.0000000000000000</ROW>
            </PROPERTY>
            <PROPERTY Class="Float" Name="Scale">1.0000000000000000</PROPERTY>
        </COMPONENT>
        <COMPONENT LinkID="65" Class="NiSceneGraphComponent" Name="Scene Graph">
            <PROPERTY Class="String" Name="NIF File Path" Asset="TRUE">.\..\..\00_Object\Tree\Nature_Sharptree1001_01.nif</PROPERTY>
        </COMPONENT>
        <COMPONENT LinkID="66" Class="NiGeneralComponent" Name="Hide Object" TemplateID="f6,46,16,db,61,92,23,47,b5,4a,da,2d,42,d7,85,b9">
            <PROPERTY Class="Float" Name="Alpha Value" SemanticType="Float" DisplayName="Alpha Value" Description="">0.4000000059604645</PROPERTY>
            <PROPERTY Class="Boolean" Name="Alpha Enable" SemanticType="Boolean" DisplayName="Alpha Enable" Description="">FALSE</PROPERTY>
            <PROPERTY Class="Boolean" Name="Hide Object" SemanticType="Boolean" DisplayName="Hide Object" Description="">FALSE</PROPERTY>
        </COMPONENT>
        <COMPONENT LinkID="67" Class="NiTransformationComponent" Name="Transformation">
            <PROPERTY Class="Point3" Name="Translation">-3521.9853515625000000, -1379.1107177734375000, 1397.4331054687500000</PROPERTY>
            <PROPERTY Class="Matrix3" Name="Rotation">
                <ROW>0.5194455385208130, -0.7660930752754211, 0.3785204291343689</ROW>
                <ROW>0.8246095180511475, 0.5655525922775269, 0.0130143016576767</ROW>
                <ROW>-0.2240433990955353, 0.3053713440895081, 0.9255014061927795</ROW>
            </PROPERTY>
            <PROPERTY Class="Float" Name="Scale">1.0743491649627686</PROPERTY>
        </COMPONENT>
        <COMPONENT LinkID="68" Class="NiSceneGraphComponent" Name="Scene Graph" MasterLinkID="65" />
        <COMPONENT LinkID="69" Class="NiGeneralComponent" Name="Hide Object" TemplateID="f6,46,16,db,61,92,23,47,b5,4a,da,2d,42,d7,85,b9" MasterLinkID="66" />
        <ENTITY LinkID="70" Class="NiGeneralEntity" Name="Key Guide_Jump 04" Type="Object" UsePhysX="FALSE" PostfixTexture="" Optimization="0" AlphaGroup="5" RandomAni="FALSE" TemplateID="a5,24,54,11,bb,25,1e,47,81,4c,c3,2c,79,0,b6,d1" MasterLinkID="71">
            <COMPONENT RefLinkID="74" />
            <COMPONENT RefLinkID="75" />
        </ENTITY>
        <ENTITY LinkID="71" Class="NiGeneralEntity" Name="[object]ui.Key Guide_Jump" TemplateID="a5,24,54,11,bb,25,1e,47,81,4c,c3,2c,79,0,b6,d1">
            <COMPONENT RefLinkID="72" />
            <COMPONENT RefLinkID="73" />
        </ENTITY>
        <COMPONENT LinkID="72" Class="NiTransformationComponent" Name="Transformation">
            <PROPERTY Class="Point3" Name="Translation">0.0000000000000000, 0.0000000000000000, 0.0000000000000000</PROPERTY>
            <PROPERTY Class="Matrix3" Name="Rotation">
                <ROW>1.0000000000000000, 0.0000000000000000, 0.0000000000000000</ROW>
                <ROW>0.0000000000000000, 1.0000000000000000, 0.0000000000000000</ROW>
                <ROW>0.0000000000000000, 0.0000000000000000, 1.0000000000000000</ROW>
            </PROPERTY>
            <PROPERTY Class="Float" Name="Scale">1.0000000000000000</PROPERTY>
        </COMPONENT>
        <COMPONENT LinkID="73" Class="NiSceneGraphComponent" Name="Scene Graph">
            <PROPERTY Class="String" Name="NIF File Path" Asset="TRUE">.\..\..\00_Object\ui\Key Guide_Jump.nif</PROPERTY>
        </COMPONENT>
        <COMPONENT LinkID="74" Class="NiTransformationComponent" Name="Transformation">
            <PROPERTY Class="Point3" Name="Translation">-3236.7080078125000000, -842.4952392578125000, 1543.8968505859375000</PROPERTY>
            <PROPERTY Class="Matrix3" Name="Rotation">
                <ROW>1.0000000000000000, 0.0000000000000000, 0.0000000000000000</ROW>
                <ROW>0.0000000000000000, 1.0000000000000000, 0.0000000000000000</ROW>
                <ROW>0.0000000000000000, 0.0000000000000000, 1.0000000000000000</ROW>
            </PROPERTY>
            <PROPERTY Class="Float" Name="Scale">1.0000000000000000</PROPERTY>
        </COMPONENT>
        <COMPONENT LinkID="75" Class="NiSceneGraphComponent" Name="Scene Graph" MasterLinkID="73" />
        <ENTITY LinkID="76" Class="NiGeneralEntity" Name="Neture_Cliff_1007_01 03" Type="Object" UsePhysX="FALSE" PostfixTexture="" Optimization="0" AlphaGroup="3" RandomAni="FALSE" TemplateID="31,48,7a,bb,a1,bc,fc,45,96,58,f,31,58,76,17,4" MasterLinkID="77">
            <COMPONENT RefLinkID="80" />
            <COMPONENT RefLinkID="81" />
        </ENTITY>
        <ENTITY LinkID="77" Class="NiGeneralEntity" Name="[object]Ground.Neture_Cliff_1007_01" TemplateID="31,48,7a,bb,a1,bc,fc,45,96,58,f,31,58,76,17,4">
            <COMPONENT RefLinkID="78" />
            <COMPONENT RefLinkID="79" />
        </ENTITY>
        <COMPONENT LinkID="78" Class="NiTransformationComponent" Name="Transformation">
            <PROPERTY Class="Point3" Name="Translation">0.0000000000000000, 0.0000000000000000, 0.0000000000000000</PROPERTY>
            <PROPERTY Class="Matrix3" Name="Rotation">
                <ROW>1.0000000000000000, 0.0000000000000000, 0.0000000000000000</ROW>
                <ROW>0.0000000000000000, 1.0000000000000000, 0.0000000000000000</ROW>
                <ROW>0.0000000000000000, 0.0000000000000000, 1.0000000000000000</ROW>
            </PROPERTY>
            <PROPERTY Class="Float" Name="Scale">1.0000000000000000</PROPERTY>
        </COMPONENT>
        <COMPONENT LinkID="79" Class="NiSceneGraphComponent" Name="Scene Graph">
            <PROPERTY Class="String" Name="NIF File Path" Asset="TRUE">.\..\..\00_Object\Ground\Neture_Cliff_1007_01.nif</PROPERTY>
        </COMPONENT>
        <COMPONENT LinkID="80" Class="NiTransformationComponent" Name="Transformation">
            <PROPERTY Class="Point3" Name="Translation">-6621.5361328125000000, 2280.1743164062500000, -57.9681091308593750</PROPERTY>
            <PROPERTY Class="Matrix3" Name="Rotation">
                <ROW>0.8660253286361694, -0.5000000000000000, 0.0000000000000000</ROW>
                <ROW>0.5000000000000000, 0.8660253286361694, 0.0000000000000000</ROW>
                <ROW>0.0000000000000000, 0.0000000000000000, 1.0000000000000000</ROW>
            </PROPERTY>
            <PROPERTY Class="Float" Name="Scale">2.0000000000000000</PROPERTY>
        </COMPONENT>
        <COMPONENT LinkID="81" Class="NiSceneGraphComponent" Name="Scene Graph" MasterLinkID="79" />
        <ENTITY LinkID="82" Class="NiGeneralEntity" Name="Art_Fance10002_01 50" Type="Object" UsePhysX="FALSE" PostfixTexture="" Optimization="0" AlphaGroup="1" RandomAni="FALSE" TemplateID="9f,21,86,db,5c,87,45,43,8b,87,12,67,ea,ef,2,ee" MasterLinkID="37">
            <COMPONENT RefLinkID="83" />
            <COMPONENT RefLinkID="84" />
            <COMPONENT RefLinkID="85" />
        </ENTITY>
        <COMPONENT LinkID="83" Class="NiTransformationComponent" Name="Transformation">
            <PROPERTY Class="Point3" Name="Translation">-4362.5302734375000000, -1259.2376708984375000, 928.2814941406250000</PROPERTY>
            <PROPERTY Class="Matrix3" Name="Rotation">
                <ROW>-0.6534498333930969, 0.7078193426132202, -0.2683182954788208</ROW>
                <ROW>-0.6363629102706909, -0.7056264281272888, -0.3116623163223267</ROW>
                <ROW>-0.4099330604076386, -0.0329078882932663, 0.9115217924118042</ROW>
            </PROPERTY>
            <PROPERTY Class="Float" Name="Scale">1.0000000000000000</PROPERTY>
        </COMPONENT>
        <COMPONENT LinkID="84" Class="NiSceneGraphComponent" Name="Scene Graph" MasterLinkID="39" />
        <COMPONENT LinkID="85" Class="NiGeneralComponent" Name="Hide Object" TemplateID="f6,46,16,db,61,92,23,47,b5,4a,da,2d,42,d7,85,b9" MasterLinkID="40" />
        <ENTITY LinkID="86" Class="NiGeneralEntity" Name="Art_Fance10002_01 40" Type="Object" UsePhysX="FALSE" PostfixTexture="" Optimization="0" AlphaGroup="1" RandomAni="FALSE" TemplateID="9f,21,86,db,5c,87,45,43,8b,87,12,67,ea,ef,2,ee" MasterLinkID="37">
            <COMPONENT RefLinkID="87" />
            <COMPONENT RefLinkID="88" />
            <COMPONENT RefLinkID="89" />
        </ENTITY>
        <COMPONENT LinkID="87" Class="NiTransformationComponent" Name="Transformation">
            <PROPERTY Class="Point3" Name="Translation">-4189.0937500000000000, -1967.5919189453125000, 228.7906494140625000</PROPERTY>
            <PROPERTY Class="Matrix3" Name="Rotation">
                <ROW>0.2706179916858673, -0.9626851081848145, -0.0017669945955276</ROW>
                <ROW>0.9558653235435486, 0.2684819400310516, 0.1193261742591858</ROW>
                <ROW>-0.1143991425633431, -0.0339808650314808, 0.9928535819053650</ROW>
            </PROPERTY>
            <PROPERTY Class="Float" Name="Scale">1.0000000000000000</PROPERTY>
        </COMPONENT>
        <COMPONENT LinkID="88" Class="NiSceneGraphComponent" Name="Scene Graph" MasterLinkID="39" />
        <COMPONENT LinkID="89" Class="NiGeneralComponent" Name="Hide Object" TemplateID="f6,46,16,db,61,92,23,47,b5,4a,da,2d,42,d7,85,b9" MasterLinkID="40" />
        <ENTITY LinkID="90" Class="NiGeneralEntity" Name="camera_wall 09" Type="CameraWalls" UsePhysX="FALSE" PostfixTexture="" Optimization="0" AlphaGroup="0" RandomAni="FALSE" TemplateID="92,71,76,a3,99,e6,95,48,9e,8b,e1,95,a6,b0,74,12" Hidden="TRUE" MasterLinkID="91">
            <COMPONENT RefLinkID="94" />
            <COMPONENT RefLinkID="95" />
        </ENTITY>
        <ENTITY LinkID="91" Class="NiGeneralEntity" Name="[General]Object.camera_wall" TemplateID="92,71,76,a3,99,e6,95,48,9e,8b,e1,95,a6,b0,74,12">
            <COMPONENT RefLinkID="92" />
            <COMPONENT RefLinkID="93" />
        </ENTITY>
        <COMPONENT LinkID="92" Class="NiTransformationComponent" Name="Transformation">
            <PROPERTY Class="Point3" Name="Translation">0.0000000000000000, 0.0000000000000000, 0.0000000000000000</PROPERTY>
            <PROPERTY Class="Matrix3" Name="Rotation">
                <ROW>1.0000000000000000, 0.0000000000000000, 0.0000000000000000</ROW>
                <ROW>0.0000000000000000, 1.0000000000000000, 0.0000000000000000</ROW>
                <ROW>0.0000000000000000, 0.0000000000000000, 1.0000000000000000</ROW>
            </PROPERTY>
            <PROPERTY Class="Float" Name="Scale">1.0000000000000000</PROPERTY>
        </COMPONENT>
        <COMPONENT LinkID="93" Class="NiSceneGraphComponent" Name="Scene Graph">
            <PROPERTY Class="String" Name="NIF File Path" Asset="TRUE">.\..\..\Palettes\camera_wall.nif</PROPERTY>
        </COMPONENT>
        <COMPONENT LinkID="94" Class="NiTransformationComponent" Name="Transformation">
            <PROPERTY Class="Point3" Name="Translation">-3709.1965332031250000, 1935.7135009765625000, 237.8286895751953100</PROPERTY>
            <PROPERTY Class="Matrix3" Name="Rotation">
                <ROW>-0.0000000437113883, -1.0000000000000000, 0.0000000000000000</ROW>
                <ROW>1.0000000000000000, -0.0000000437113883, 0.0000000000000000</ROW>
                <ROW>0.0000000000000000, 0.0000000000000000, 1.0000000000000000</ROW>
            </PROPERTY>
            <PROPERTY Class="Float" Name="Scale">1.0000000000000000</PROPERTY>
        </COMPONENT>
        <COMPONENT LinkID="95" Class="NiSceneGraphComponent" Name="Scene Graph" MasterLinkID="93" />
        <ENTITY LinkID="96" Class="NiGeneralEntity" Name="Art_Fance10002_01 35" Type="Object" UsePhysX="FALSE" PostfixTexture="" Optimization="0" AlphaGroup="1" RandomAni="FALSE" TemplateID="9f,21,86,db,5c,87,45,43,8b,87,12,67,ea,ef,2,ee" MasterLinkID="37">
            <COMPONENT RefLinkID="97" />
            <COMPONENT RefLinkID="98" />
            <COMPONENT RefLinkID="99" />
        </ENTITY>
        <COMPONENT LinkID="97" Class="NiTransformationComponent" Name="Transformation">
            <PROPERTY Class="Point3" Name="Translation">-5399.2988281250000000, -1480.1110839843750000, 655.9923095703125000</PROPERTY>
            <PROPERTY Class="Matrix3" Name="Rotation">
                <ROW>0.9193165302276611, 0.3928003907203674, 0.0237647294998169</ROW>
                <ROW>-0.3932104110717773, 0.9193096160888672, 0.0159800741821527</ROW>
                <ROW>-0.0155701711773872, -0.0240352973341942, 0.9995898604393005</ROW>
            </PROPERTY>
            <PROPERTY Class="Float" Name="Scale">1.0000000000000000</PROPERTY>
        </COMPONENT>
        <COMPONENT LinkID="98" Class="NiSceneGraphComponent" Name="Scene Graph" MasterLinkID="39" />
        <COMPONENT LinkID="99" Class="NiGeneralComponent" Name="Hide Object" TemplateID="f6,46,16,db,61,92,23,47,b5,4a,da,2d,42,d7,85,b9" MasterLinkID="40" />
        <ENTITY LinkID="100" Class="NiGeneralEntity" Name="Art_Fance10002_01 05" Type="Object" UsePhysX="FALSE" PostfixTexture="" Optimization="0" AlphaGroup="1" RandomAni="FALSE" TemplateID="9f,21,86,db,5c,87,45,43,8b,87,12,67,ea,ef,2,ee" MasterLinkID="37">
            <COMPONENT RefLinkID="101" />
            <COMPONENT RefLinkID="102" />
            <COMPONENT RefLinkID="103" />
        </ENTITY>
        <COMPONENT LinkID="101" Class="NiTransformationComponent" Name="Transformation">
            <PROPERTY Class="Point3" Name="Translation">-4891.6210937500000000, -2194.7749023437500000, -592.8497314453125000</PROPERTY>
            <PROPERTY Class="Matrix3" Name="Rotation">
                <ROW>0.2014632523059845, 0.9684951305389404, -0.1463901549577713</ROW>
                <ROW>-0.9793992042541504, 0.1970784962177277, -0.0440156012773514</ROW>
                <ROW>-0.0137785673141479, 0.1522419154644013, 0.9882473945617676</ROW>
            </PROPERTY>
            <PROPERTY Class="Float" Name="Scale">1.0000000000000000</PROPERTY>
        </COMPONENT>
        <COMPONENT LinkID="102" Class="NiSceneGraphComponent" Name="Scene Graph" MasterLinkID="39" />
        <COMPONENT LinkID="103" Class="NiGeneralComponent" Name="Hide Object" TemplateID="f6,46,16,db,61,92,23,47,b5,4a,da,2d,42,d7,85,b9" MasterLinkID="40" />
        <ENTITY LinkID="104" Class="NiGeneralEntity" Name="Neture_Cliff_1008_01 01" Type="Object" UsePhysX="FALSE" PostfixTexture="" Optimization="0" AlphaGroup="3" RandomAni="FALSE" TemplateID="ea,c6,34,2,16,94,9b,47,b7,ff,77,26,be,84,87,63" MasterLinkID="105">
