<?xml version="1.0" ?>
<GSA Major="1" Minor="0" Patch="0">
    <PALETTES_DIRECTORY>
        <PALETTE_DIR IDX="0" DIRECTORY=".\..\..\..\..\..\ToolBin\SceneDesigner\Release\Data\" />
        <PALETTE_DIR IDX="1" DIRECTORY=".\..\..\Palettes\" />
    </PALETTES_DIRECTORY>
    <PALETTES>
        <PALETTE NAME="Default" DIR_IDX="0" />
        <PALETTE NAME="Effect" DIR_IDX="1" />
        <PALETTE NAME="General" DIR_IDX="1" />
        <PALETTE NAME="Object" DIR_IDX="1" />
        <PALETTE NAME="Block" DIR_IDX="1" />
        <PALETTE NAME="Lavita" DIR_IDX="1" />
        <PALETTE NAME="Event" DIR_IDX="1" />
    </PALETTES>
    <OBJECTS>
        <ENTITY LinkID="0" Class="NiGeneralEntity" Name="Art_KundaraWall8001_02 426" Type="Object" UsePhysX="FALSE" PostfixTexture="" Optimization="0" AlphaGroup="0" RandomAni="FALSE" TemplateID="c5,b3,de,a6,48,bd,dc,41,a1,4c,6a,c,fb,45,79,b6" MasterLinkID="1">
            <COMPONENT RefLinkID="5" />
            <COMPONENT RefLinkID="6" />
            <COMPONENT RefLinkID="7" />
        </ENTITY>
        <ENTITY LinkID="1" Class="NiGeneralEntity" Name="[Block]020601.Art_KundaraWall8001_02" TemplateID="c5,b3,de,a6,48,bd,dc,41,a1,4c,6a,c,fb,45,79,b6">
            <COMPONENT RefLinkID="2" />
            <COMPONENT RefLinkID="3" />
            <COMPONENT RefLinkID="4" />
        </ENTITY>
        <COMPONENT LinkID="2" Class="NiTransformationComponent" Name="Transformation">
            <PROPERTY Class="Point3" Name="Translation">0.0000000000000000, 0.0000000000000000, 0.0000000000000000</PROPERTY>
            <PROPERTY Class="Matrix3" Name="Rotation">
                <ROW>1.0000000000000000, 0.0000000000000000, 0.0000000000000000</ROW>
                <ROW>0.0000000000000000, 1.0000000000000000, 0.0000000000000000</ROW>
                <ROW>0.0000000000000000, 0.0000000000000000, 1.0000000000000000</ROW>
            </PROPERTY>
            <PROPERTY Class="Float" Name="Scale">1.0000000000000000</PROPERTY>
        </COMPONENT>
        <COMPONENT LinkID="3" Class="NiSceneGraphComponent" Name="Scene Graph">
            <PROPERTY Class="String" Name="NIF File Path" Asset="TRUE">.\..\02_Modeling\Block\020601\Art_KundaraWall8001_02.nif</PROPERTY>
        </COMPONENT>
        <COMPONENT LinkID="4" Class="NiGeneralComponent" Name="Hide Object" TemplateID="f6,46,16,db,61,92,23,47,b5,4a,da,2d,42,d7,85,b9">
            <PROPERTY Class="Float" Name="Alpha Value" SemanticType="Float" DisplayName="Alpha Value" Description="">0.4000000059604645</PROPERTY>
            <PROPERTY Class="Boolean" Name="Alpha Enable" SemanticType="Boolean" DisplayName="Alpha Enable" Description="">FALSE</PROPERTY>
            <PROPERTY Class="Boolean" Name="Hide Object" SemanticType="Boolean" DisplayName="Hide Object" Description="">FALSE</PROPERTY>
        </COMPONENT>
        <COMPONENT LinkID="5" Class="NiTransformationComponent" Name="Transformation">
            <PROPERTY Class="Point3" Name="Translation">-618.7780761718750000, -2131.8354492187500000, -208.6328430175781200</PROPERTY>
            <PROPERTY Class="Matrix3" Name="Rotation">
                <ROW>0.5735763907432556, -0.8191520571708679, 0.0000000000000000</ROW>
                <ROW>0.8191520571708679, 0.5735763907432556, 0.0000000000000000</ROW>
                <ROW>0.0000000000000000, 0.0000000000000000, 1.0000000000000000</ROW>
            </PROPERTY>
            <PROPERTY Class="Float" Name="Scale">1.0000000000000000</PROPERTY>
        </COMPONENT>
        <COMPONENT LinkID="6" Class="NiSceneGraphComponent" Name="Scene Graph" MasterLinkID="3" />
        <COMPONENT LinkID="7" Class="NiGeneralComponent" Name="Hide Object" TemplateID="f6,46,16,db,61,92,23,47,b5,4a,da,2d,42,d7,85,b9" MasterLinkID="4" />
        <ENTITY LinkID="8" Class="NiGeneralEntity" Name="Art_KundaraStatue3001_01 284" Type="Object" UsePhysX="FALSE" PostfixTexture="" Optimization="0" AlphaGroup="1" RandomAni="FALSE" TemplateID="a5,e4,95,75,e0,ba,f0,46,9f,b3,d0,16,34,14,bf,19" MasterLinkID="9">
            <COMPONENT RefLinkID="12" />
            <COMPONENT RefLinkID="13" />
            <COMPONENT RefLinkID="14" />
        </ENTITY>
        <ENTITY LinkID="9" Class="NiGeneralEntity" Name="[Block]020601.Art_KundaraStatue3001_01" TemplateID="a5,e4,95,75,e0,ba,f0,46,9f,b3,d0,16,34,14,bf,19">
            <COMPONENT RefLinkID="10" />
            <COMPONENT RefLinkID="11" />
            <COMPONENT RefLinkID="4" />
        </ENTITY>
        <COMPONENT LinkID="10" Class="NiTransformationComponent" Name="Transformation">
            <PROPERTY Class="Point3" Name="Translation">0.0000000000000000, 0.0000000000000000, 0.0000000000000000</PROPERTY>
            <PROPERTY Class="Matrix3" Name="Rotation">
                <ROW>1.0000000000000000, 0.0000000000000000, 0.0000000000000000</ROW>
                <ROW>0.0000000000000000, 1.0000000000000000, 0.0000000000000000</ROW>
                <ROW>0.0000000000000000, 0.0000000000000000, 1.0000000000000000</ROW>
            </PROPERTY>
            <PROPERTY Class="Float" Name="Scale">1.0000000000000000</PROPERTY>
        </COMPONENT>
        <COMPONENT LinkID="11" Class="NiSceneGraphComponent" Name="Scene Graph">
            <PROPERTY Class="String" Name="NIF File Path" Asset="TRUE">.\..\02_Modeling\Block\020601\Art_KundaraStatue3001_01.nif</PROPERTY>
        </COMPONENT>
        <COMPONENT LinkID="12" Class="NiTransformationComponent" Name="Transformation">
            <PROPERTY Class="Point3" Name="Translation">-698.1375732421875000, -2256.6459960937500000, -208.1438293457031200</PROPERTY>
            <PROPERTY Class="Matrix3" Name="Rotation">
                <ROW>0.5735763907432556, -0.8191520571708679, 0.0000000000000000</ROW>
                <ROW>0.8191520571708679, 0.5735763907432556, 0.0000000000000000</ROW>
                <ROW>0.0000000000000000, 0.0000000000000000, 1.0000000000000000</ROW>
            </PROPERTY>
            <PROPERTY Class="Float" Name="Scale">1.0000000000000000</PROPERTY>
        </COMPONENT>
        <COMPONENT LinkID="13" Class="NiSceneGraphComponent" Name="Scene Graph" MasterLinkID="11">
            <PROPERTY Class="String" Name="NIF File Path" Asset="TRUE">.\..\..\00_Object\Statue\Art_KundaraStatue3001_02.nif</PROPERTY>
        </COMPONENT>
        <COMPONENT LinkID="14" Class="NiGeneralComponent" Name="Hide Object" TemplateID="f6,46,16,db,61,92,23,47,b5,4a,da,2d,42,d7,85,b9" MasterLinkID="4" />
        <ENTITY LinkID="15" Class="NiGeneralEntity" Name="EF_WaterFall2001_01 07" Type="Object" UsePhysX="FALSE" PostfixTexture="" Optimization="0" AlphaGroup="1" RandomAni="FALSE" TemplateID="b4,a6,94,16,f8,78,0,43,bd,29,4c,4d,cb,23,82,ef" MasterLinkID="16">
            <COMPONENT RefLinkID="21" />
            <COMPONENT RefLinkID="22" />
            <COMPONENT RefLinkID="23" />
            <COMPONENT RefLinkID="24" />
        </ENTITY>
        <ENTITY LinkID="16" Class="NiGeneralEntity" Name="[Effect]EF_WaterFall2001_01" TemplateID="b4,a6,94,16,f8,78,0,43,bd,29,4c,4d,cb,23,82,ef">
            <COMPONENT RefLinkID="17" />
            <COMPONENT RefLinkID="18" />
            <COMPONENT RefLinkID="19" />
            <COMPONENT RefLinkID="20" />
        </ENTITY>
        <COMPONENT LinkID="17" Class="NiTransformationComponent" Name="Transformation">
            <PROPERTY Class="Point3" Name="Translation">0.0000000000000000, 0.0000000000000000, 0.0000000000000000</PROPERTY>
            <PROPERTY Class="Matrix3" Name="Rotation">
                <ROW>1.0000000000000000, 0.0000000000000000, 0.0000000000000000</ROW>
                <ROW>0.0000000000000000, 1.0000000000000000, 0.0000000000000000</ROW>
                <ROW>0.0000000000000000, 0.0000000000000000, 1.0000000000000000</ROW>
            </PROPERTY>
            <PROPERTY Class="Float" Name="Scale">1.0000000000000000</PROPERTY>
        </COMPONENT>
        <COMPONENT LinkID="18" Class="NiSceneGraphComponent" Name="Scene Graph">
            <PROPERTY Class="String" Name="NIF File Path" Asset="TRUE">.\..\..\..\5_Effect\3_World\EF_WaterFall2001_01.nif</PROPERTY>
        </COMPONENT>
        <COMPONENT LinkID="19" Class="NiGeneralComponent" Name="Animation Object" TemplateID="c5,83,7b,6f,ea,53,7d,45,95,5a,2e,ab,38,28,a5,76">
            <PROPERTY Class="Float" Name="Phase" SemanticType="Float" DisplayName="Phase" Description="">-1000.0000000000000000</PROPERTY>
        </COMPONENT>
        <COMPONENT LinkID="20" Class="NiGeneralComponent" Name="Hide Object" TemplateID="f6,46,16,db,61,92,23,47,b5,4a,da,2d,42,d7,85,b9">
            <PROPERTY Class="Float" Name="Alpha Value" SemanticType="Float" DisplayName="Alpha Value" Description="">0.4000000059604645</PROPERTY>
            <PROPERTY Class="Boolean" Name="Alpha Enable" SemanticType="Boolean" DisplayName="Alpha Enable" Description="">FALSE</PROPERTY>
            <PROPERTY Class="Boolean" Name="Hide Object" SemanticType="Boolean" DisplayName="Hide Object" Description="">FALSE</PROPERTY>
        </COMPONENT>
        <COMPONENT LinkID="21" Class="NiTransformationComponent" Name="Transformation">
            <PROPERTY Class="Point3" Name="Translation">-634.2559814453125000, -2086.2280273437500000, -259.3442382812500000</PROPERTY>
            <PROPERTY Class="Matrix3" Name="Rotation">
                <ROW>0.0173157006502151, -0.9431769251823425, 0.3318388760089874</ROW>
                <ROW>0.9892365336418152, -0.0320685207843781, -0.1427672803401947</ROW>
                <ROW>0.1452964991331101, 0.3307393193244934, 0.9324700236320496</ROW>
            </PROPERTY>
            <PROPERTY Class="Float" Name="Scale">0.6421841979026794</PROPERTY>
        </COMPONENT>
        <COMPONENT LinkID="22" Class="NiSceneGraphComponent" Name="Scene Graph" MasterLinkID="18" />
        <COMPONENT LinkID="23" Class="NiGeneralComponent" Name="Animation Object" TemplateID="c5,83,7b,6f,ea,53,7d,45,95,5a,2e,ab,38,28,a5,76" MasterLinkID="19" />
        <COMPONENT LinkID="24" Class="NiGeneralComponent" Name="Hide Object" TemplateID="f6,46,16,db,61,92,23,47,b5,4a,da,2d,42,d7,85,b9" MasterLinkID="20" />
        <ENTITY LinkID="25" Class="NiGeneralEntity" Name="Art_KundaraWall7001_01 02" Type="Object" UsePhysX="FALSE" PostfixTexture="" Optimization="0" AlphaGroup="3" RandomAni="FALSE" TemplateID="40,53,63,47,64,88,8d,49,82,c1,50,76,b1,2e,50,1" MasterLinkID="26">
            <COMPONENT RefLinkID="30" />
            <COMPONENT RefLinkID="31" />
            <COMPONENT RefLinkID="32" />
        </ENTITY>
        <ENTITY LinkID="26" Class="NiGeneralEntity" Name="[Block]020601.Art_KundaraWall7001_01" TemplateID="40,53,63,47,64,88,8d,49,82,c1,50,76,b1,2e,50,1">
            <COMPONENT RefLinkID="27" />
            <COMPONENT RefLinkID="28" />
            <COMPONENT RefLinkID="29" />
        </ENTITY>
        <COMPONENT LinkID="27" Class="NiTransformationComponent" Name="Transformation">
            <PROPERTY Class="Point3" Name="Translation">0.0000000000000000, 0.0000000000000000, 0.0000000000000000</PROPERTY>
            <PROPERTY Class="Matrix3" Name="Rotation">
                <ROW>1.0000000000000000, 0.0000000000000000, 0.0000000000000000</ROW>
                <ROW>0.0000000000000000, 1.0000000000000000, 0.0000000000000000</ROW>
                <ROW>0.0000000000000000, 0.0000000000000000, 1.0000000000000000</ROW>
            </PROPERTY>
            <PROPERTY Class="Float" Name="Scale">1.0000000000000000</PROPERTY>
        </COMPONENT>
        <COMPONENT LinkID="28" Class="NiSceneGraphComponent" Name="Scene Graph">
            <PROPERTY Class="String" Name="NIF File Path" Asset="TRUE">.\..\02_Modeling\Block\020601\Art_KundaraWall7001_01.nif</PROPERTY>
        </COMPONENT>
        <COMPONENT LinkID="29" Class="NiGeneralComponent" Name="Hide Object" TemplateID="f6,46,16,db,61,92,23,47,b5,4a,da,2d,42,d7,85,b9">
            <PROPERTY Class="Float" Name="Alpha Value" SemanticType="Float" DisplayName="Alpha Value" Description="">0.4000000059604645</PROPERTY>
            <PROPERTY Class="Boolean" Name="Alpha Enable" SemanticType="Boolean" DisplayName="Alpha Enable" Description="">FALSE</PROPERTY>
            <PROPERTY Class="Boolean" Name="Hide Object" SemanticType="Boolean" DisplayName="Hide Object" Description="">FALSE</PROPERTY>
        </COMPONENT>
        <COMPONENT LinkID="30" Class="NiTransformationComponent" Name="Transformation">
            <PROPERTY Class="Point3" Name="Translation">-611.5519409179687500, -2141.3510742187500000, 47.1087188720703130</PROPERTY>
            <PROPERTY Class="Matrix3" Name="Rotation">
                <ROW>0.5735764503479004, -0.8191520571708679, 0.0000000000000000</ROW>
                <ROW>0.8191520571708679, 0.5735764503479004, 0.0000000000000000</ROW>
                <ROW>0.0000000000000000, 0.0000000000000000, 1.0000000000000000</ROW>
            </PROPERTY>
            <PROPERTY Class="Float" Name="Scale">1.0000000000000000</PROPERTY>
        </COMPONENT>
        <COMPONENT LinkID="31" Class="NiSceneGraphComponent" Name="Scene Graph" MasterLinkID="28" />
        <COMPONENT LinkID="32" Class="NiGeneralComponent" Name="Hide Object" TemplateID="f6,46,16,db,61,92,23,47,b5,4a,da,2d,42,d7,85,b9" MasterLinkID="29" />
        <ENTITY LinkID="33" Class="NiGeneralEntity" Name="Art_KundaraStatue3001_01 283" Type="Object" UsePhysX="FALSE" PostfixTexture="" Optimization="0" AlphaGroup="1" RandomAni="FALSE" TemplateID="a5,e4,95,75,e0,ba,f0,46,9f,b3,d0,16,34,14,bf,19" MasterLinkID="9">
            <COMPONENT RefLinkID="34" />
            <COMPONENT RefLinkID="35" />
            <COMPONENT RefLinkID="36" />
        </ENTITY>
        <COMPONENT LinkID="34" Class="NiTransformationComponent" Name="Transformation">
            <PROPERTY Class="Point3" Name="Translation">-528.3735351562500000, -2014.1978759765625000, -208.1438293457031200</PROPERTY>
            <PROPERTY Class="Matrix3" Name="Rotation">
                <ROW>0.5735763907432556, -0.8191520571708679, 0.0000000000000000</ROW>
                <ROW>0.8191520571708679, 0.5735763907432556, 0.0000000000000000</ROW>
                <ROW>0.0000000000000000, 0.0000000000000000, 1.0000000000000000</ROW>
            </PROPERTY>
            <PROPERTY Class="Float" Name="Scale">1.0000000000000000</PROPERTY>
        </COMPONENT>
        <COMPONENT LinkID="35" Class="NiSceneGraphComponent" Name="Scene Graph" MasterLinkID="11">
            <PROPERTY Class="String" Name="NIF File Path" Asset="TRUE">.\..\..\00_Object\Statue\Art_KundaraStatue3001_02.nif</PROPERTY>
        </COMPONENT>
        <COMPONENT LinkID="36" Class="NiGeneralComponent" Name="Hide Object" TemplateID="f6,46,16,db,61,92,23,47,b5,4a,da,2d,42,d7,85,b9" MasterLinkID="4" />
        <ENTITY LinkID="37" Class="NiGeneralEntity" Name="Art_KundaraWall8001_02 73" Type="Object" UsePhysX="FALSE" PostfixTexture="" Optimization="0" AlphaGroup="0" RandomAni="FALSE" TemplateID="c5,b3,de,a6,48,bd,dc,41,a1,4c,6a,c,fb,45,79,b6" MasterLinkID="1">
            <COMPONENT RefLinkID="38" />
            <COMPONENT RefLinkID="39" />
            <COMPONENT RefLinkID="40" />
        </ENTITY>
        <COMPONENT LinkID="38" Class="NiTransformationComponent" Name="Transformation">
            <PROPERTY Class="Point3" Name="Translation">-730.6456909179687500, -1730.2508544921875000, -73.1000061035156250</PROPERTY>
            <PROPERTY Class="Matrix3" Name="Rotation">
                <ROW>0.6427875757217407, -0.7660443782806397, 0.0000000000000000</ROW>
                <ROW>0.7660443782806397, 0.6427875757217407, 0.0000000000000000</ROW>
                <ROW>0.0000000000000000, 0.0000000000000000, 1.0000000000000000</ROW>
            </PROPERTY>
            <PROPERTY Class="Float" Name="Scale">1.0000000000000000</PROPERTY>
        </COMPONENT>
        <COMPONENT LinkID="39" Class="NiSceneGraphComponent" Name="Scene Graph" MasterLinkID="3" />
        <COMPONENT LinkID="40" Class="NiGeneralComponent" Name="Hide Object" TemplateID="f6,46,16,db,61,92,23,47,b5,4a,da,2d,42,d7,85,b9" MasterLinkID="4" />
        <ENTITY LinkID="41" Class="NiGeneralEntity" Name="Art_KundaraWall8001_02 82" Type="Object" UsePhysX="FALSE" PostfixTexture="" Optimization="0" AlphaGroup="0" RandomAni="FALSE" TemplateID="c5,b3,de,a6,48,bd,dc,41,a1,4c,6a,c,fb,45,79,b6" MasterLinkID="1">
            <COMPONENT RefLinkID="42" />
            <COMPONENT RefLinkID="43" />
            <COMPONENT RefLinkID="44" />
        </ENTITY>
        <COMPONENT LinkID="42" Class="NiTransformationComponent" Name="Transformation">
            <PROPERTY Class="Point3" Name="Translation">-871.0036621093750000, -1969.5185546875000000, 346.8827209472656200</PROPERTY>
            <PROPERTY Class="Matrix3" Name="Rotation">
                <ROW>0.1736481338739395, -0.9848077297210693, 0.0000000000000000</ROW>
                <ROW>0.9848077297210693, 0.1736481338739395, 0.0000000000000000</ROW>
                <ROW>0.0000000000000000, 0.0000000000000000, 1.0000000000000000</ROW>
            </PROPERTY>
            <PROPERTY Class="Float" Name="Scale">1.0000000000000000</PROPERTY>
        </COMPONENT>
        <COMPONENT LinkID="43" Class="NiSceneGraphComponent" Name="Scene Graph" MasterLinkID="3" />
        <COMPONENT LinkID="44" Class="NiGeneralComponent" Name="Hide Object" TemplateID="f6,46,16,db,61,92,23,47,b5,4a,da,2d,42,d7,85,b9" MasterLinkID="4" />
        <ENTITY LinkID="45" Class="NiGeneralEntity" Name="KundaraTroopWall1001_01 01_i 15" Type="Object" UsePhysX="FALSE" PostfixTexture="" Optimization="0" AlphaGroup="3" RandomAni="FALSE" TemplateID="70,82,aa,70,da,bc,7a,49,af,ec,32,34,39,d,e4,21" MasterLinkID="46">
            <COMPONENT RefLinkID="50" />
            <COMPONENT RefLinkID="51" />
            <COMPONENT RefLinkID="52" />
        </ENTITY>
        <ENTITY LinkID="46" Class="NiGeneralEntity" Name="[Block]020601.KundaraTroopWall1001_01" TemplateID="70,82,aa,70,da,bc,7a,49,af,ec,32,34,39,d,e4,21">
            <COMPONENT RefLinkID="47" />
            <COMPONENT RefLinkID="48" />
            <COMPONENT RefLinkID="49" />
        </ENTITY>
        <COMPONENT LinkID="47" Class="NiTransformationComponent" Name="Transformation">
            <PROPERTY Class="Point3" Name="Translation">0.0000000000000000, 0.0000000000000000, 0.0000000000000000</PROPERTY>
            <PROPERTY Class="Matrix3" Name="Rotation">
                <ROW>1.0000000000000000, 0.0000000000000000, 0.0000000000000000</ROW>
                <ROW>0.0000000000000000, 1.0000000000000000, 0.0000000000000000</ROW>
                <ROW>0.0000000000000000, 0.0000000000000000, 1.0000000000000000</ROW>
            </PROPERTY>
            <PROPERTY Class="Float" Name="Scale">1.0000000000000000</PROPERTY>
        </COMPONENT>
        <COMPONENT LinkID="48" Class="NiSceneGraphComponent" Name="Scene Graph">
            <PROPERTY Class="String" Name="NIF File Path" Asset="TRUE">.\..\02_Modeling\Block\020601\KundaraTroopWall1001_01.nif</PROPERTY>
        </COMPONENT>
        <COMPONENT LinkID="49" Class="NiGeneralComponent" Name="Hide Object" TemplateID="f6,46,16,db,61,92,23,47,b5,4a,da,2d,42,d7,85,b9">
            <PROPERTY Class="Float" Name="Alpha Value" SemanticType="Float" DisplayName="Alpha Value" Description="">0.4000000059604645</PROPERTY>
            <PROPERTY Class="Boolean" Name="Alpha Enable" SemanticType="Boolean" DisplayName="Alpha Enable" Description="">FALSE</PROPERTY>
            <PROPERTY Class="Boolean" Name="Hide Object" SemanticType="Boolean" DisplayName="Hide Object" Description="">FALSE</PROPERTY>
        </COMPONENT>
        <COMPONENT LinkID="50" Class="NiTransformationComponent" Name="Transformation">
            <PROPERTY Class="Point3" Name="Translation">-26.5292701721191410, -2070.7360839843750000, -213.7958679199218700</PROPERTY>
            <PROPERTY Class="Matrix3" Name="Rotation">
                <ROW>1.0000000000000000, 0.0000000000000000, 0.0000000000000000</ROW>
                <ROW>0.0000000000000000, 1.0000000000000000, 0.0000000000000000</ROW>
                <ROW>0.0000000000000000, 0.0000000000000000, 1.0000000000000000</ROW>
            </PROPERTY>
            <PROPERTY Class="Float" Name="Scale">1.0000000000000000</PROPERTY>
        </COMPONENT>
        <COMPONENT LinkID="51" Class="NiSceneGraphComponent" Name="Scene Graph" MasterLinkID="48" />
        <COMPONENT LinkID="52" Class="NiGeneralComponent" Name="Hide Object" TemplateID="f6,46,16,db,61,92,23,47,b5,4a,da,2d,42,d7,85,b9" MasterLinkID="49" />
        <ENTITY LinkID="53" Class="NiGeneralEntity" Name="Art_KundaraWall8001_02 72" Type="Object" UsePhysX="FALSE" PostfixTexture="" Optimization="0" AlphaGroup="0" RandomAni="FALSE" TemplateID="c5,b3,de,a6,48,bd,dc,41,a1,4c,6a,c,fb,45,79,b6" MasterLinkID="1">
            <COMPONENT RefLinkID="54" />
            <COMPONENT RefLinkID="55" />
            <COMPONENT RefLinkID="56" />
        </ENTITY>
        <COMPONENT LinkID="54" Class="NiTransformationComponent" Name="Transformation">
            <PROPERTY Class="Point3" Name="Translation">-730.6456909179687500, -1730.2508544921875000, -285.6927795410156200</PROPERTY>
            <PROPERTY Class="Matrix3" Name="Rotation">
                <ROW>0.6427875757217407, -0.7660443782806397, 0.0000000000000000</ROW>
                <ROW>0.7660443782806397, 0.6427875757217407, 0.0000000000000000</ROW>
                <ROW>0.0000000000000000, 0.0000000000000000, 1.0000000000000000</ROW>
            </PROPERTY>
            <PROPERTY Class="Float" Name="Scale">1.0000000000000000</PROPERTY>
        </COMPONENT>
        <COMPONENT LinkID="55" Class="NiSceneGraphComponent" Name="Scene Graph" MasterLinkID="3" />
        <COMPONENT LinkID="56" Class="NiGeneralComponent" Name="Hide Object" TemplateID="f6,46,16,db,61,92,23,47,b5,4a,da,2d,42,d7,85,b9" MasterLinkID="4" />
        <ENTITY LinkID="57" Class="NiGeneralEntity" Name="Art_KundaraWall8001_02 97" Type="Object" UsePhysX="FALSE" PostfixTexture="" Optimization="0" AlphaGroup="0" RandomAni="FALSE" TemplateID="c5,b3,de,a6,48,bd,dc,41,a1,4c,6a,c,fb,45,79,b6" MasterLinkID="1">
            <COMPONENT RefLinkID="58" />
            <COMPONENT RefLinkID="59" />
            <COMPONENT RefLinkID="60" />
        </ENTITY>
        <COMPONENT LinkID="58" Class="NiTransformationComponent" Name="Transformation">
            <PROPERTY Class="Point3" Name="Translation">-306.7955932617187500, -1402.1215820312500000, -73.1000366210937500</PROPERTY>
            <PROPERTY Class="Matrix3" Name="Rotation">
                <ROW>0.6427875757217407, -0.7660443782806397, 0.0000000000000000</ROW>
                <ROW>0.7660443782806397, 0.6427875757217407, 0.0000000000000000</ROW>
                <ROW>0.0000000000000000, 0.0000000000000000, 1.0000000000000000</ROW>
            </PROPERTY>
            <PROPERTY Class="Float" Name="Scale">1.0000000000000000</PROPERTY>
        </COMPONENT>
        <COMPONENT LinkID="59" Class="NiSceneGraphComponent" Name="Scene Graph" MasterLinkID="3" />
        <COMPONENT LinkID="60" Class="NiGeneralComponent" Name="Hide Object" TemplateID="f6,46,16,db,61,92,23,47,b5,4a,da,2d,42,d7,85,b9" MasterLinkID="4" />
        <ENTITY LinkID="61" Class="NiGeneralEntity" Name="Art_KundaraWall8001_02 98" Type="Object" UsePhysX="FALSE" PostfixTexture="" Optimization="0" AlphaGroup="0" RandomAni="FALSE" TemplateID="c5,b3,de,a6,48,bd,dc,41,a1,4c,6a,c,fb,45,79,b6" MasterLinkID="1">
            <COMPONENT RefLinkID="62" />
            <COMPONENT RefLinkID="63" />
            <COMPONENT RefLinkID="64" />
        </ENTITY>
        <COMPONENT LinkID="62" Class="NiTransformationComponent" Name="Transformation">
            <PROPERTY Class="Point3" Name="Translation">-306.7955932617187500, -1402.1215820312500000, -285.6927795410156200</PROPERTY>
            <PROPERTY Class="Matrix3" Name="Rotation">
                <ROW>0.6427875757217407, -0.7660443782806397, 0.0000000000000000</ROW>
                <ROW>0.7660443782806397, 0.6427875757217407, 0.0000000000000000</ROW>
                <ROW>0.0000000000000000, 0.0000000000000000, 1.0000000000000000</ROW>
            </PROPERTY>
            <PROPERTY Class="Float" Name="Scale">1.0000000000000000</PROPERTY>
        </COMPONENT>
        <COMPONENT LinkID="63" Class="NiSceneGraphComponent" Name="Scene Graph" MasterLinkID="3" />
        <COMPONENT LinkID="64" Class="NiGeneralComponent" Name="Hide Object" TemplateID="f6,46,16,db,61,92,23,47,b5,4a,da,2d,42,d7,85,b9" MasterLinkID="4" />
        <ENTITY LinkID="65" Class="NiGeneralEntity" Name="Art_KundaraWall8001_02 74" Type="Object" UsePhysX="FALSE" PostfixTexture="" Optimization="0" AlphaGroup="0" RandomAni="FALSE" TemplateID="c5,b3,de,a6,48,bd,dc,41,a1,4c,6a,c,fb,45,79,b6" MasterLinkID="1">
            <COMPONENT RefLinkID="66" />
            <COMPONENT RefLinkID="67" />
            <COMPONENT RefLinkID="68" />
        </ENTITY>
        <COMPONENT LinkID="66" Class="NiTransformationComponent" Name="Transformation">
            <PROPERTY Class="Point3" Name="Translation">-735.3025512695312500, -1722.0400390625000000, 134.2909240722656200</PROPERTY>
            <PROPERTY Class="Matrix3" Name="Rotation">
                <ROW>0.6427875757217407, -0.7660443782806397, 0.0000000000000000</ROW>
                <ROW>0.7660443782806397, 0.6427875757217407, 0.0000000000000000</ROW>
                <ROW>0.0000000000000000, 0.0000000000000000, 1.0000000000000000</ROW>
            </PROPERTY>
            <PROPERTY Class="Float" Name="Scale">1.0000000000000000</PROPERTY>
        </COMPONENT>
        <COMPONENT LinkID="67" Class="NiSceneGraphComponent" Name="Scene Graph" MasterLinkID="3" />
        <COMPONENT LinkID="68" Class="NiGeneralComponent" Name="Hide Object" TemplateID="f6,46,16,db,61,92,23,47,b5,4a,da,2d,42,d7,85,b9" MasterLinkID="4" />
        <ENTITY LinkID="69" Class="NiGeneralEntity" Name="Art_KundaraWall8001_02 77" Type="Object" UsePhysX="FALSE" PostfixTexture="" Optimization="0" AlphaGroup="0" RandomAni="FALSE" TemplateID="c5,b3,de,a6,48,bd,dc,41,a1,4c,6a,c,fb,45,79,b6" MasterLinkID="1">
            <COMPONENT RefLinkID="70" />
            <COMPONENT RefLinkID="71" />
            <COMPONENT RefLinkID="72" />
        </ENTITY>
        <COMPONENT LinkID="70" Class="NiTransformationComponent" Name="Transformation">
            <PROPERTY Class="Point3" Name="Translation">-509.4602661132812500, -1561.7427978515625000, -73.1014709472656250</PROPERTY>
            <PROPERTY Class="Matrix3" Name="Rotation">
                <ROW>0.9396925568580627, -0.3420201539993286, 0.0000000000000000</ROW>
                <ROW>0.3420201539993286, 0.9396925568580627, 0.0000000000000000</ROW>
                <ROW>0.0000000000000000, 0.0000000000000000, 1.0000000000000000</ROW>
            </PROPERTY>
            <PROPERTY Class="Float" Name="Scale">1.0000000000000000</PROPERTY>
        </COMPONENT>
        <COMPONENT LinkID="71" Class="NiSceneGraphComponent" Name="Scene Graph" MasterLinkID="3" />
        <COMPONENT LinkID="72" Class="NiGeneralComponent" Name="Hide Object" TemplateID="f6,46,16,db,61,92,23,47,b5,4a,da,2d,42,d7,85,b9" MasterLinkID="4" />
        <ENTITY LinkID="73" Class="NiGeneralEntity" Name="Art_KundaraStatue3001_01 98" Type="Object" UsePhysX="FALSE" PostfixTexture="" Optimization="0" AlphaGroup="1" RandomAni="FALSE" TemplateID="a5,e4,95,75,e0,ba,f0,46,9f,b3,d0,16,34,14,bf,19" MasterLinkID="9">
            <COMPONENT RefLinkID="74" />
            <COMPONENT RefLinkID="75" />
            <COMPONENT RefLinkID="76" />
        </ENTITY>
        <COMPONENT LinkID="74" Class="NiTransformationComponent" Name="Transformation">
            <PROPERTY Class="Point3" Name="Translation">-631.4274291992187500, -1617.7878417968750000, -285.2037658691406200</PROPERTY>
            <PROPERTY Class="Matrix3" Name="Rotation">
                <ROW>0.6427875757217407, -0.7660443782806397, 0.0000000000000000</ROW>
                <ROW>0.7660443782806397, 0.6427875757217407, 0.0000000000000000</ROW>
                <ROW>0.0000000000000000, 0.0000000000000000, 1.0000000000000000</ROW>
            </PROPERTY>
            <PROPERTY Class="Float" Name="Scale">1.0000000000000000</PROPERTY>
        </COMPONENT>
        <COMPONENT LinkID="75" Class="NiSceneGraphComponent" Name="Scene Graph" MasterLinkID="11">
            <PROPERTY Class="String" Name="NIF File Path" Asset="TRUE">.\..\..\00_Object\Statue\Art_KundaraStatue3001_02.nif</PROPERTY>
        </COMPONENT>
        <COMPONENT LinkID="76" Class="NiGeneralComponent" Name="Hide Object" TemplateID="f6,46,16,db,61,92,23,47,b5,4a,da,2d,42,d7,85,b9" MasterLinkID="4" />
        <ENTITY LinkID="77" Class="NiGeneralEntity" Name="Art_KundaraStatue3001_01 83" Type="Object" UsePhysX="FALSE" PostfixTexture="" Optimization="0" AlphaGroup="1" RandomAni="FALSE" TemplateID="a5,e4,95,75,e0,ba,f0,46,9f,b3,d0,16,34,14,bf,19" MasterLinkID="9">
            <COMPONENT RefLinkID="78" />
            <COMPONENT RefLinkID="79" />
            <COMPONENT RefLinkID="80" />
        </ENTITY>
        <COMPONENT LinkID="78" Class="NiTransformationComponent" Name="Transformation">
            <PROPERTY Class="Point3" Name="Translation">-398.9825439453125000, -1504.3330078125000000, -285.2044982910156200</PROPERTY>
            <PROPERTY Class="Matrix3" Name="Rotation">
                <ROW>0.6427875757217407, -0.7660443782806397, 0.0000000000000000</ROW>
                <ROW>0.7660443782806397, 0.6427875757217407, 0.0000000000000000</ROW>
                <ROW>0.0000000000000000, 0.0000000000000000, 1.0000000000000000</ROW>
            </PROPERTY>
            <PROPERTY Class="Float" Name="Scale">1.0000000000000000</PROPERTY>
        </COMPONENT>
        <COMPONENT LinkID="79" Class="NiSceneGraphComponent" Name="Scene Graph" MasterLinkID="11">
            <PROPERTY Class="String" Name="NIF File Path" Asset="TRUE">.\..\..\00_Object\Statue\Art_KundaraStatue3001_02.nif</PROPERTY>
        </COMPONENT>
        <COMPONENT LinkID="80" Class="NiGeneralComponent" Name="Hide Object" TemplateID="f6,46,16,db,61,92,23,47,b5,4a,da,2d,42,d7,85,b9" MasterLinkID="4" />
        <ENTITY LinkID="81" Class="NiGeneralEntity" Name="Art_KundaraWall8001_02 66" Type="Object" UsePhysX="FALSE" PostfixTexture="" Optimization="0" AlphaGroup="0" RandomAni="FALSE" TemplateID="c5,b3,de,a6,48,bd,dc,41,a1,4c,6a,c,fb,45,79,b6" MasterLinkID="1">
            <COMPONENT RefLinkID="82" />
            <COMPONENT RefLinkID="83" />
            <COMPONENT RefLinkID="84" />
        </ENTITY>
        <COMPONENT LinkID="82" Class="NiTransformationComponent" Name="Transformation">
            <PROPERTY Class="Point3" Name="Translation">-993.1616821289062500, -2220.1010742187500000, -285.6927795410156200</PROPERTY>
            <PROPERTY Class="Matrix3" Name="Rotation">
                <ROW>0.6427875757217407, -0.7660443782806397, 0.0000000000000000</ROW>
                <ROW>0.7660443782806397, 0.6427875757217407, 0.0000000000000000</ROW>
                <ROW>0.0000000000000000, 0.0000000000000000, 1.0000000000000000</ROW>
            </PROPERTY>
            <PROPERTY Class="Float" Name="Scale">1.0000000000000000</PROPERTY>
        </COMPONENT>
        <COMPONENT LinkID="83" Class="NiSceneGraphComponent" Name="Scene Graph" MasterLinkID="3" />
        <COMPONENT LinkID="84" Class="NiGeneralComponent" Name="Hide Object" TemplateID="f6,46,16,db,61,92,23,47,b5,4a,da,2d,42,d7,85,b9" MasterLinkID="4" />
        <ENTITY LinkID="85" Class="NiGeneralEntity" Name="Art_KundaraStatue3001_01 97" Type="Object" UsePhysX="FALSE" PostfixTexture="" Optimization="0" AlphaGroup="1" RandomAni="FALSE" TemplateID="a5,e4,95,75,e0,ba,f0,46,9f,b3,d0,16,34,14,bf,19" MasterLinkID="9">
            <COMPONENT RefLinkID="86" />
            <COMPONENT RefLinkID="87" />
            <COMPONENT RefLinkID="88" />
        </ENTITY>
        <COMPONENT LinkID="86" Class="NiTransformationComponent" Name="Transformation">
            <PROPERTY Class="Point3" Name="Translation">-824.8337402343750000, -1848.2803955078125000, -285.2037658691406200</PROPERTY>
            <PROPERTY Class="Matrix3" Name="Rotation">
                <ROW>0.6427875757217407, -0.7660443782806397, 0.0000000000000000</ROW>
                <ROW>0.7660443782806397, 0.6427875757217407, 0.0000000000000000</ROW>
                <ROW>0.0000000000000000, 0.0000000000000000, 1.0000000000000000</ROW>
            </PROPERTY>
            <PROPERTY Class="Float" Name="Scale">1.0000000000000000</PROPERTY>
        </COMPONENT>
        <COMPONENT LinkID="87" Class="NiSceneGraphComponent" Name="Scene Graph" MasterLinkID="11">
            <PROPERTY Class="String" Name="NIF File Path" Asset="TRUE">.\..\..\00_Object\Statue\Art_KundaraStatue3001_02.nif</PROPERTY>
        </COMPONENT>
        <COMPONENT LinkID="88" Class="NiGeneralComponent" Name="Hide Object" TemplateID="f6,46,16,db,61,92,23,47,b5,4a,da,2d,42,d7,85,b9" MasterLinkID="4" />
        <ENTITY LinkID="89" Class="NiGeneralEntity" Name="Art_KundaraWall8001_02 95" Type="Object" UsePhysX="FALSE" PostfixTexture="" Optimization="0" AlphaGroup="0" RandomAni="FALSE" TemplateID="c5,b3,de,a6,48,bd,dc,41,a1,4c,6a,c,fb,45,79,b6" MasterLinkID="1">
            <COMPONENT RefLinkID="90" />
            <COMPONENT RefLinkID="91" />
            <COMPONENT RefLinkID="92" />
        </ENTITY>
        <COMPONENT LinkID="90" Class="NiTransformationComponent" Name="Transformation">
            <PROPERTY Class="Point3" Name="Translation">-311.4524536132812500, -1393.9107666015625000, 346.8836975097656300</PROPERTY>
            <PROPERTY Class="Matrix3" Name="Rotation">
                <ROW>0.6427875757217407, -0.7660443782806397, 0.0000000000000000</ROW>
                <ROW>0.7660443782806397, 0.6427875757217407, 0.0000000000000000</ROW>
                <ROW>0.0000000000000000, 0.0000000000000000, 1.0000000000000000</ROW>
            </PROPERTY>
            <PROPERTY Class="Float" Name="Scale">1.0000000000000000</PROPERTY>
        </COMPONENT>
        <COMPONENT LinkID="91" Class="NiSceneGraphComponent" Name="Scene Graph" MasterLinkID="3" />
        <COMPONENT LinkID="92" Class="NiGeneralComponent" Name="Hide Object" TemplateID="f6,46,16,db,61,92,23,47,b5,4a,da,2d,42,d7,85,b9" MasterLinkID="4" />
        <ENTITY LinkID="93" Class="NiGeneralEntity" Name="Art_KundaraWall8001_02 96" Type="Object" UsePhysX="FALSE" PostfixTexture="" Optimization="0" AlphaGroup="0" RandomAni="FALSE" TemplateID="c5,b3,de,a6,48,bd,dc,41,a1,4c,6a,c,fb,45,79,b6" MasterLinkID="1">
            <COMPONENT RefLinkID="94" />
            <COMPONENT RefLinkID="95" />
            <COMPONENT RefLinkID="96" />
        </ENTITY>
        <COMPONENT LinkID="94" Class="NiTransformationComponent" Name="Transformation">
            <PROPERTY Class="Point3" Name="Translation">-311.4524536132812500, -1393.9107666015625000, 134.2908935546875000</PROPERTY>
            <PROPERTY Class="Matrix3" Name="Rotation">
                <ROW>0.6427875757217407, -0.7660443782806397, 0.0000000000000000</ROW>
                <ROW>0.7660443782806397, 0.6427875757217407, 0.0000000000000000</ROW>
                <ROW>0.0000000000000000, 0.0000000000000000, 1.0000000000000000</ROW>
            </PROPERTY>
            <PROPERTY Class="Float" Name="Scale">1.0000000000000000</PROPERTY>
        </COMPONENT>
        <COMPONENT LinkID="95" Class="NiSceneGraphComponent" Name="Scene Graph" MasterLinkID="3" />
        <COMPONENT LinkID="96" Class="NiGeneralComponent" Name="Hide Object" TemplateID="f6,46,16,db,61,92,23,47,b5,4a,da,2d,42,d7,85,b9" MasterLinkID="4" />
        <ENTITY LinkID="97" Class="NiGeneralEntity" Name="Art_KundaraWall8001_02 78" Type="Object" UsePhysX="FALSE" PostfixTexture="" Optimization="0" AlphaGroup="0" RandomAni="FALSE" TemplateID="c5,b3,de,a6,48,bd,dc,41,a1,4c,6a,c,fb,45,79,b6" MasterLinkID="1">
            <COMPONENT RefLinkID="98" />
            <COMPONENT RefLinkID="99" />
            <COMPONENT RefLinkID="100" />
        </ENTITY>
        <COMPONENT LinkID="98" Class="NiTransformationComponent" Name="Transformation">
            <PROPERTY Class="Point3" Name="Translation">-509.4602661132812500, -1561.7427978515625000, -285.6942443847656200</PROPERTY>
            <PROPERTY Class="Matrix3" Name="Rotation">
                <ROW>0.9396925568580627, -0.3420201539993286, 0.0000000000000000</ROW>
                <ROW>0.3420201539993286, 0.9396925568580627, 0.0000000000000000</ROW>
                <ROW>0.0000000000000000, 0.0000000000000000, 1.0000000000000000</ROW>
            </PROPERTY>
            <PROPERTY Class="Float" Name="Scale">1.0000000000000000</PROPERTY>
        </COMPONENT>
        <COMPONENT LinkID="99" Class="NiSceneGraphComponent" Name="Scene Graph" MasterLinkID="3" />
        <COMPONENT LinkID="100" Class="NiGeneralComponent" Name="Hide Object" TemplateID="f6,46,16,db,61,92,23,47,b5,4a,da,2d,42,d7,85,b9" MasterLinkID="4" />
        <ENTITY LinkID="101" Class="NiGeneralEntity" Name="Art_KundaraWall8001_02 81" Type="Object" UsePhysX="FALSE" PostfixTexture="" Optimization="0" AlphaGroup="0" RandomAni="FALSE" TemplateID="c5,b3,de,a6,48,bd,dc,41,a1,4c,6a,c,fb,45,79,b6" MasterLinkID="1">
            <COMPONENT RefLinkID="102" />
            <COMPONENT RefLinkID="103" />
            <COMPONENT RefLinkID="104" />
        </ENTITY>
        <COMPONENT LinkID="102" Class="NiTransformationComponent" Name="Transformation">
            <PROPERTY Class="Point3" Name="Translation">-871.0036621093750000, -1969.5185546875000000, 134.2899475097656200</PROPERTY>
            <PROPERTY Class="Matrix3" Name="Rotation">
                <ROW>0.1736481338739395, -0.9848077297210693, 0.0000000000000000</ROW>
                <ROW>0.9848077297210693, 0.1736481338739395, 0.0000000000000000</ROW>
                <ROW>0.0000000000000000, 0.0000000000000000, 1.0000000000000000</ROW>
            </PROPERTY>
            <PROPERTY Class="Float" Name="Scale">1.0000000000000000</PROPERTY>
        </COMPONENT>
        <COMPONENT LinkID="103" Class="NiSceneGraphComponent" Name="Scene Graph" MasterLinkID="3" />
        <COMPONENT LinkID="104" Class="NiGeneralComponent" Name="Hide Object" TemplateID="f6,46,16,db,61,92,23,47,b5,4a,da,2d,42,d7,85,b9" MasterLinkID="4" />
        <ENTITY LinkID="105" Class="NiGeneralEntity" Name="Art_KundaraWall8001_02 65" Type="Object" UsePhysX="FALSE" PostfixTexture="" Optimization="0" AlphaGroup="0" RandomAni="FALSE" TemplateID="c5,b3,de,a6,48,bd,dc,41,a1,4c,6a,c,fb,45,79,b6" MasterLinkID="1">
            <COMPONENT RefLinkID="106" />
            <COMPONENT RefLinkID="107" />
            <COMPONENT RefLinkID="108" />
        </ENTITY>
        <COMPONENT LinkID="106" Class="NiTransformationComponent" Name="Transformation">
            <PROPERTY Class="Point3" Name="Translation">-993.1616821289062500, -2220.1010742187500000, -73.1000366210937500</PROPERTY>
            <PROPERTY Class="Matrix3" Name="Rotation">
                <ROW>0.6427875757217407, -0.7660443782806397, 0.0000000000000000</ROW>
                <ROW>0.7660443782806397, 0.6427875757217407, 0.0000000000000000</ROW>
                <ROW>0.0000000000000000, 0.0000000000000000, 1.0000000000000000</ROW>
            </PROPERTY>
            <PROPERTY Class="Float" Name="Scale">1.0000000000000000</PROPERTY>
        </COMPONENT>
        <COMPONENT LinkID="107" Class="NiSceneGraphComponent" Name="Scene Graph" MasterLinkID="3" />
        <COMPONENT LinkID="108" Class="NiGeneralComponent" Name="Hide Object" TemplateID="f6,46,16,db,61,92,23,47,b5,4a,da,2d,42,d7,85,b9" MasterLinkID="4" />
        <ENTITY LinkID="109" Class="NiGeneralEntity" Name="Art_KundaraWall8001_02 60" Type="Object" UsePhysX="FALSE" PostfixTexture="" Optimization="0" AlphaGroup="0" RandomAni="FALSE" TemplateID="c5,b3,de,a6,48,bd,dc,41,a1,4c,6a,c,fb,45,79,b6" MasterLinkID="1">
            <COMPONENT RefLinkID="110" />
            <COMPONENT RefLinkID="111" />
            <COMPONENT RefLinkID="112" />
        </ENTITY>
        <COMPONENT LinkID="110" Class="NiTransformationComponent" Name="Transformation">
