<?xml version="1.0" ?>
<GSA Major="1" Minor="0" Patch="0">
    <PALETTES_DIRECTORY>
        <PALETTE_DIR IDX="0" DIRECTORY=".\..\..\..\..\..\ToolBin\SceneDesigner\Release\Data\" />
        <PALETTE_DIR IDX="1" DIRECTORY=".\..\01_Level\030700\..\..\..\Palettes\" />
    </PALETTES_DIRECTORY>
    <PALETTES>
        <PALETTE NAME="Default" DIR_IDX="0" />
        <PALETTE NAME="Block" DIR_IDX="1" />
        <PALETTE NAME="Effect" DIR_IDX="1" />
        <PALETTE NAME="Event" DIR_IDX="1" />
        <PALETTE NAME="General" DIR_IDX="1" />
        <PALETTE NAME="Monster" DIR_IDX="1" />
        <PALETTE NAME="Object" DIR_IDX="1" />
    </PALETTES>
    <OBJECTS>
        <ENTITY LinkID="0" Class="NiGeneralEntity" Name="Art_SpiralStaircase3001_01 01" Type="Object" UsePhysX="TRUE" PostfixTexture="" Optimization="0" AlphaGroup="0" RandomAni="FALSE" TemplateID="cc,f,14,46,62,73,f6,46,87,6c,ae,2b,34,31,33,d9" MasterLinkID="1">
            <COMPONENT RefLinkID="4" />
            <COMPONENT RefLinkID="5" />
        </ENTITY>
        <ENTITY LinkID="1" Class="NiGeneralEntity" Name="[Block]030401.Art_SpiralStaircase3001_01" TemplateID="cc,f,14,46,62,73,f6,46,87,6c,ae,2b,34,31,33,d9">
            <COMPONENT RefLinkID="2" />
            <COMPONENT RefLinkID="3" />
        </ENTITY>
        <COMPONENT LinkID="2" Class="NiTransformationComponent" Name="Transformation">
            <PROPERTY Class="Point3" Name="Translation">0.0000000000000000, 0.0000000000000000, 0.0000000000000000</PROPERTY>
            <PROPERTY Class="Matrix3" Name="Rotation">
                <ROW>1.0000000000000000, 0.0000000000000000, 0.0000000000000000</ROW>
                <ROW>0.0000000000000000, 1.0000000000000000, 0.0000000000000000</ROW>
                <ROW>0.0000000000000000, 0.0000000000000000, 1.0000000000000000</ROW>
            </PROPERTY>
            <PROPERTY Class="Float" Name="Scale">1.0000000000000000</PROPERTY>
        </COMPONENT>
        <COMPONENT LinkID="3" Class="NiSceneGraphComponent" Name="Scene Graph">
            <PROPERTY Class="String" Name="NIF File Path" Asset="TRUE">.\..\..\99_Boss\02_Modeling\Block\030401\Art_SpiralStaircase3001_01.nif</PROPERTY>
        </COMPONENT>
        <COMPONENT LinkID="4" Class="NiTransformationComponent" Name="Transformation">
            <PROPERTY Class="Point3" Name="Translation">1281.3177490234375000, 70.9311218261718750, 1333.5659179687500000</PROPERTY>
            <PROPERTY Class="Matrix3" Name="Rotation">
                <ROW>0.2905485630035400, -0.9568602442741394, 0.0000000000000000</ROW>
                <ROW>0.9568602442741394, 0.2905485630035400, 0.0000000000000000</ROW>
                <ROW>0.0000000000000000, 0.0000000000000000, 1.0000000000000000</ROW>
            </PROPERTY>
            <PROPERTY Class="Float" Name="Scale">1.0000000000000000</PROPERTY>
        </COMPONENT>
        <COMPONENT LinkID="5" Class="NiSceneGraphComponent" Name="Scene Graph" MasterLinkID="3" />
        <ENTITY LinkID="6" Class="NiGeneralEntity" Name="Art_SpiralStaircase1001_01 61" Type="Object" UsePhysX="TRUE" PostfixTexture="" Optimization="0" AlphaGroup="0" RandomAni="FALSE" TemplateID="b6,66,7,18,a4,b6,a7,4e,ad,b7,a1,2,bc,64,cb,f" MasterLinkID="7">
            <COMPONENT RefLinkID="10" />
            <COMPONENT RefLinkID="11" />
        </ENTITY>
        <ENTITY LinkID="7" Class="NiGeneralEntity" Name="[Block]030401.Art_SpiralStaircase1001_01" TemplateID="b6,66,7,18,a4,b6,a7,4e,ad,b7,a1,2,bc,64,cb,f">
            <COMPONENT RefLinkID="8" />
            <COMPONENT RefLinkID="9" />
        </ENTITY>
        <COMPONENT LinkID="8" Class="NiTransformationComponent" Name="Transformation">
            <PROPERTY Class="Point3" Name="Translation">0.0000000000000000, 0.0000000000000000, 0.0000000000000000</PROPERTY>
            <PROPERTY Class="Matrix3" Name="Rotation">
                <ROW>1.0000000000000000, 0.0000000000000000, 0.0000000000000000</ROW>
                <ROW>0.0000000000000000, 1.0000000000000000, 0.0000000000000000</ROW>
                <ROW>0.0000000000000000, 0.0000000000000000, 1.0000000000000000</ROW>
            </PROPERTY>
            <PROPERTY Class="Float" Name="Scale">1.0000000000000000</PROPERTY>
        </COMPONENT>
        <COMPONENT LinkID="9" Class="NiSceneGraphComponent" Name="Scene Graph">
            <PROPERTY Class="String" Name="NIF File Path" Asset="TRUE">.\..\..\99_Boss\02_Modeling\Block\030401\Art_SpiralStaircase1001_01.nif</PROPERTY>
        </COMPONENT>
        <COMPONENT LinkID="10" Class="NiTransformationComponent" Name="Transformation">
            <PROPERTY Class="Point3" Name="Translation">433.3467407226562500, 657.3300781250000000, 22.5390014648437500</PROPERTY>
            <PROPERTY Class="Matrix3" Name="Rotation">
                <ROW>-0.7979972362518311, 0.6026608943939209, -0.0000000741089963</ROW>
                <ROW>-0.6026608943939209, -0.7979972362518311, 0.0000000523527106</ROW>
                <ROW>-0.0000000275878467, 0.0000000864399183, 1.0000000000000000</ROW>
            </PROPERTY>
            <PROPERTY Class="Float" Name="Scale">1.0000000000000000</PROPERTY>
        </COMPONENT>
        <COMPONENT LinkID="11" Class="NiSceneGraphComponent" Name="Scene Graph" MasterLinkID="9" />
        <ENTITY LinkID="12" Class="NiGeneralEntity" Name="Art_CenterColumn1001_01 02" Type="Object" UsePhysX="TRUE" PostfixTexture="" Optimization="0" AlphaGroup="0" RandomAni="FALSE" TemplateID="8d,dd,4b,1f,80,f5,77,4f,90,e1,74,89,f3,55,14,d9" MasterLinkID="13">
            <COMPONENT RefLinkID="16" />
            <COMPONENT RefLinkID="17" />
        </ENTITY>
        <ENTITY LinkID="13" Class="NiGeneralEntity" Name="[Block]030401.Art_CenterColumn1001_01" TemplateID="8d,dd,4b,1f,80,f5,77,4f,90,e1,74,89,f3,55,14,d9">
            <COMPONENT RefLinkID="14" />
            <COMPONENT RefLinkID="15" />
        </ENTITY>
        <COMPONENT LinkID="14" Class="NiTransformationComponent" Name="Transformation">
            <PROPERTY Class="Point3" Name="Translation">0.0000000000000000, 0.0000000000000000, 0.0000000000000000</PROPERTY>
            <PROPERTY Class="Matrix3" Name="Rotation">
                <ROW>1.0000000000000000, 0.0000000000000000, 0.0000000000000000</ROW>
                <ROW>0.0000000000000000, 1.0000000000000000, 0.0000000000000000</ROW>
                <ROW>0.0000000000000000, 0.0000000000000000, 1.0000000000000000</ROW>
            </PROPERTY>
            <PROPERTY Class="Float" Name="Scale">1.0000000000000000</PROPERTY>
        </COMPONENT>
        <COMPONENT LinkID="15" Class="NiSceneGraphComponent" Name="Scene Graph">
            <PROPERTY Class="String" Name="NIF File Path" Asset="TRUE">.\..\..\99_Boss\02_Modeling\Block\030401\Art_CenterColumn1001_01.nif</PROPERTY>
        </COMPONENT>
        <COMPONENT LinkID="16" Class="NiTransformationComponent" Name="Transformation">
            <PROPERTY Class="Point3" Name="Translation">963.4573974609375000, 515.0281372070312500, -0.3286132812500000</PROPERTY>
            <PROPERTY Class="Matrix3" Name="Rotation">
                <ROW>1.0000000000000000, 0.0000000000000000, 0.0000000000000000</ROW>
                <ROW>0.0000000000000000, 1.0000000000000000, 0.0000000000000000</ROW>
                <ROW>0.0000000000000000, 0.0000000000000000, 1.0000000000000000</ROW>
            </PROPERTY>
            <PROPERTY Class="Float" Name="Scale">1.0000000000000000</PROPERTY>
        </COMPONENT>
        <COMPONENT LinkID="17" Class="NiSceneGraphComponent" Name="Scene Graph" MasterLinkID="15" />
        <ENTITY LinkID="18" Class="NiGeneralEntity" Name="Art_SpiralStaircase1001_01 52" Type="Object" UsePhysX="TRUE" PostfixTexture="" Optimization="0" AlphaGroup="0" RandomAni="FALSE" TemplateID="b6,66,7,18,a4,b6,a7,4e,ad,b7,a1,2,bc,64,cb,f" MasterLinkID="7">
            <COMPONENT RefLinkID="19" />
            <COMPONENT RefLinkID="20" />
        </ENTITY>
        <COMPONENT LinkID="19" Class="NiTransformationComponent" Name="Transformation">
            <PROPERTY Class="Point3" Name="Translation">454.8890380859375000, 320.9036865234375000, 325.4193725585937500</PROPERTY>
            <PROPERTY Class="Matrix3" Name="Rotation">
                <ROW>-0.2912876904010773, 0.9566354751586914, 0.0000000000000000</ROW>
                <ROW>-0.9566354751586914, -0.2912876904010773, 0.0000000000000000</ROW>
                <ROW>0.0000000000000000, 0.0000000000000000, 1.0000000000000000</ROW>
            </PROPERTY>
            <PROPERTY Class="Float" Name="Scale">1.0000000000000000</PROPERTY>
        </COMPONENT>
        <COMPONENT LinkID="20" Class="NiSceneGraphComponent" Name="Scene Graph" MasterLinkID="9" />
        <ENTITY LinkID="21" Class="NiGeneralEntity" Name="Art_LongColumn1001_01 55" Type="Object" UsePhysX="TRUE" PostfixTexture="" Optimization="0" AlphaGroup="0" RandomAni="FALSE" TemplateID="1,a4,c7,2a,a9,98,d5,43,82,f9,62,da,aa,fe,95,13" MasterLinkID="22">
            <COMPONENT RefLinkID="26" />
            <COMPONENT RefLinkID="27" />
            <COMPONENT RefLinkID="28" />
        </ENTITY>
        <ENTITY LinkID="22" Class="NiGeneralEntity" Name="[Block]030401.Art_LongColumn1001_01" TemplateID="1,a4,c7,2a,a9,98,d5,43,82,f9,62,da,aa,fe,95,13">
            <COMPONENT RefLinkID="23" />
            <COMPONENT RefLinkID="24" />
            <COMPONENT RefLinkID="25" />
        </ENTITY>
        <COMPONENT LinkID="23" Class="NiTransformationComponent" Name="Transformation">
            <PROPERTY Class="Point3" Name="Translation">0.0000000000000000, 0.0000000000000000, 0.0000000000000000</PROPERTY>
            <PROPERTY Class="Matrix3" Name="Rotation">
                <ROW>1.0000000000000000, 0.0000000000000000, 0.0000000000000000</ROW>
                <ROW>0.0000000000000000, 1.0000000000000000, 0.0000000000000000</ROW>
                <ROW>0.0000000000000000, 0.0000000000000000, 1.0000000000000000</ROW>
            </PROPERTY>
            <PROPERTY Class="Float" Name="Scale">1.0000000000000000</PROPERTY>
        </COMPONENT>
        <COMPONENT LinkID="24" Class="NiSceneGraphComponent" Name="Scene Graph">
            <PROPERTY Class="String" Name="NIF File Path" Asset="TRUE">.\..\..\99_Boss\02_Modeling\Block\030401\Art_LongColumn1001_01.nif</PROPERTY>
        </COMPONENT>
        <COMPONENT LinkID="25" Class="NiGeneralComponent" Name="Hide Object" TemplateID="f6,46,16,db,61,92,23,47,b5,4a,da,2d,42,d7,85,b9">
            <PROPERTY Class="Float" Name="Alpha Value" SemanticType="Float" DisplayName="Alpha Value" Description="">0.4000000059604645</PROPERTY>
            <PROPERTY Class="Boolean" Name="Alpha Enable" SemanticType="Boolean" DisplayName="Alpha Enable" Description="">FALSE</PROPERTY>
            <PROPERTY Class="Boolean" Name="Hide Object" SemanticType="Boolean" DisplayName="Hide Object" Description="">FALSE</PROPERTY>
        </COMPONENT>
        <COMPONENT LinkID="26" Class="NiTransformationComponent" Name="Transformation">
            <PROPERTY Class="Point3" Name="Translation">427.8449096679687500, 126.6023254394531200, -376.8045654296875000</PROPERTY>
            <PROPERTY Class="Matrix3" Name="Rotation">
                <ROW>0.5889353752136231, 0.8081800937652588, 0.0000000000000000</ROW>
                <ROW>-0.8081800937652588, 0.5889353752136231, 0.0000000000000000</ROW>
                <ROW>0.0000000000000000, 0.0000000000000000, 1.0000000000000000</ROW>
            </PROPERTY>
            <PROPERTY Class="Float" Name="Scale">1.0000000000000000</PROPERTY>
        </COMPONENT>
        <COMPONENT LinkID="27" Class="NiSceneGraphComponent" Name="Scene Graph" MasterLinkID="24" />
        <COMPONENT LinkID="28" Class="NiGeneralComponent" Name="Hide Object" TemplateID="f6,46,16,db,61,92,23,47,b5,4a,da,2d,42,d7,85,b9" MasterLinkID="25">
            <PROPERTY Class="Boolean" Name="Alpha Enable" SemanticType="Boolean" DisplayName="Alpha Enable" Description="">TRUE</PROPERTY>
        </COMPONENT>
        <ENTITY LinkID="29" Class="NiGeneralEntity" Name="Art_LongColumn1001_01 137" Type="Object" UsePhysX="TRUE" PostfixTexture="" Optimization="0" AlphaGroup="0" RandomAni="FALSE" TemplateID="1,a4,c7,2a,a9,98,d5,43,82,f9,62,da,aa,fe,95,13" MasterLinkID="22">
            <COMPONENT RefLinkID="30" />
            <COMPONENT RefLinkID="31" />
            <COMPONENT RefLinkID="32" />
        </ENTITY>
        <COMPONENT LinkID="30" Class="NiTransformationComponent" Name="Transformation">
            <PROPERTY Class="Point3" Name="Translation">766.1904907226562500, -108.4393005371093700, 275.4687805175781200</PROPERTY>
            <PROPERTY Class="Matrix3" Name="Rotation">
                <ROW>0.9554786086082459, 0.2950603067874908, 0.0000000000000000</ROW>
                <ROW>-0.2950603067874908, 0.9554786086082459, 0.0000000000000000</ROW>
                <ROW>0.0000000000000000, 0.0000000000000000, 1.0000000000000000</ROW>
            </PROPERTY>
            <PROPERTY Class="Float" Name="Scale">0.9499999880790710</PROPERTY>
        </COMPONENT>
        <COMPONENT LinkID="31" Class="NiSceneGraphComponent" Name="Scene Graph" MasterLinkID="24" />
        <COMPONENT LinkID="32" Class="NiGeneralComponent" Name="Hide Object" TemplateID="f6,46,16,db,61,92,23,47,b5,4a,da,2d,42,d7,85,b9" MasterLinkID="25">
            <PROPERTY Class="Boolean" Name="Alpha Enable" SemanticType="Boolean" DisplayName="Alpha Enable" Description="">TRUE</PROPERTY>
        </COMPONENT>
        <ENTITY LinkID="33" Class="NiGeneralEntity" Name="Art_SpiralStaircase1001_01 37" Type="Object" UsePhysX="TRUE" PostfixTexture="" Optimization="0" AlphaGroup="0" RandomAni="FALSE" TemplateID="b6,66,7,18,a4,b6,a7,4e,ad,b7,a1,2,bc,64,cb,f" MasterLinkID="7">
            <COMPONENT RefLinkID="34" />
            <COMPONENT RefLinkID="35" />
        </ENTITY>
        <COMPONENT LinkID="34" Class="NiTransformationComponent" Name="Transformation">
            <PROPERTY Class="Point3" Name="Translation">1469.0756835937500000, 723.3305664062500000, 855.3524780273437500</PROPERTY>
            <PROPERTY Class="Matrix3" Name="Rotation">
                <ROW>0.2911206483840942, -0.9566863775253296, 0.0000000000000000</ROW>
                <ROW>0.9566863775253296, 0.2911206483840942, 0.0000000000000000</ROW>
                <ROW>0.0000000000000000, 0.0000000000000000, 1.0000000000000000</ROW>
            </PROPERTY>
            <PROPERTY Class="Float" Name="Scale">1.0000000000000000</PROPERTY>
        </COMPONENT>
        <COMPONENT LinkID="35" Class="NiSceneGraphComponent" Name="Scene Graph" MasterLinkID="9" />
        <ENTITY LinkID="36" Class="NiGeneralEntity" Name="Art_LongColumn1001_01 142" Type="Object" UsePhysX="TRUE" PostfixTexture="" Optimization="0" AlphaGroup="0" RandomAni="FALSE" TemplateID="1,a4,c7,2a,a9,98,d5,43,82,f9,62,da,aa,fe,95,13" MasterLinkID="22">
            <COMPONENT RefLinkID="37" />
            <COMPONENT RefLinkID="38" />
            <COMPONENT RefLinkID="39" />
        </ENTITY>
        <COMPONENT LinkID="37" Class="NiTransformationComponent" Name="Transformation">
            <PROPERTY Class="Point3" Name="Translation">1174.4477539062500000, -104.3005065917968700, -2107.0803222656250000</PROPERTY>
            <PROPERTY Class="Matrix3" Name="Rotation">
                <ROW>0.9432134032249451, -0.3321871757507324, 0.0000000000000000</ROW>
                <ROW>0.3321871757507324, 0.9432134032249451, 0.0000000000000000</ROW>
                <ROW>0.0000000000000000, 0.0000000000000000, 1.0000000000000000</ROW>
            </PROPERTY>
            <PROPERTY Class="Float" Name="Scale">0.9499999880790710</PROPERTY>
        </COMPONENT>
        <COMPONENT LinkID="38" Class="NiSceneGraphComponent" Name="Scene Graph" MasterLinkID="24" />
        <COMPONENT LinkID="39" Class="NiGeneralComponent" Name="Hide Object" TemplateID="f6,46,16,db,61,92,23,47,b5,4a,da,2d,42,d7,85,b9" MasterLinkID="25">
            <PROPERTY Class="Boolean" Name="Alpha Enable" SemanticType="Boolean" DisplayName="Alpha Enable" Description="">TRUE</PROPERTY>
        </COMPONENT>
        <ENTITY LinkID="40" Class="NiGeneralEntity" Name="Art_LongColumn1001_01 145" Type="Object" UsePhysX="TRUE" PostfixTexture="" Optimization="0" AlphaGroup="0" RandomAni="FALSE" TemplateID="1,a4,c7,2a,a9,98,d5,43,82,f9,62,da,aa,fe,95,13" MasterLinkID="22">
            <COMPONENT RefLinkID="41" />
            <COMPONENT RefLinkID="42" />
            <COMPONENT RefLinkID="43" />
        </ENTITY>
        <COMPONENT LinkID="41" Class="NiTransformationComponent" Name="Transformation">
            <PROPERTY Class="Point3" Name="Translation">1174.4477539062500000, -104.3005065917968700, -1085.5549316406250000</PROPERTY>
            <PROPERTY Class="Matrix3" Name="Rotation">
                <ROW>0.9432134032249451, -0.3321871757507324, 0.0000000000000000</ROW>
                <ROW>0.3321871757507324, 0.9432134032249451, 0.0000000000000000</ROW>
                <ROW>0.0000000000000000, 0.0000000000000000, 1.0000000000000000</ROW>
            </PROPERTY>
            <PROPERTY Class="Float" Name="Scale">0.9499999880790710</PROPERTY>
        </COMPONENT>
        <COMPONENT LinkID="42" Class="NiSceneGraphComponent" Name="Scene Graph" MasterLinkID="24" />
        <COMPONENT LinkID="43" Class="NiGeneralComponent" Name="Hide Object" TemplateID="f6,46,16,db,61,92,23,47,b5,4a,da,2d,42,d7,85,b9" MasterLinkID="25">
            <PROPERTY Class="Boolean" Name="Alpha Enable" SemanticType="Boolean" DisplayName="Alpha Enable" Description="">TRUE</PROPERTY>
        </COMPONENT>
        <ENTITY LinkID="44" Class="NiGeneralEntity" Name="Art_LongColumn1001_01 103" Type="Object" UsePhysX="TRUE" PostfixTexture="" Optimization="0" AlphaGroup="0" RandomAni="FALSE" TemplateID="1,a4,c7,2a,a9,98,d5,43,82,f9,62,da,aa,fe,95,13" MasterLinkID="22">
            <COMPONENT RefLinkID="45" />
            <COMPONENT RefLinkID="46" />
            <COMPONENT RefLinkID="47" />
        </ENTITY>
        <COMPONENT LinkID="45" Class="NiTransformationComponent" Name="Transformation">
            <PROPERTY Class="Point3" Name="Translation">420.0472412109375000, 906.0845947265625000, 755.1605834960937500</PROPERTY>
            <PROPERTY Class="Matrix3" Name="Rotation">
                <ROW>-0.5763449668884277, 0.8172065615653992, 0.0000000000000000</ROW>
                <ROW>-0.8172065615653992, -0.5763449668884277, 0.0000000000000000</ROW>
                <ROW>0.0000000000000000, 0.0000000000000000, 1.0000000000000000</ROW>
            </PROPERTY>
            <PROPERTY Class="Float" Name="Scale">0.9499999880790710</PROPERTY>
        </COMPONENT>
        <COMPONENT LinkID="46" Class="NiSceneGraphComponent" Name="Scene Graph" MasterLinkID="24" />
        <COMPONENT LinkID="47" Class="NiGeneralComponent" Name="Hide Object" TemplateID="f6,46,16,db,61,92,23,47,b5,4a,da,2d,42,d7,85,b9" MasterLinkID="25">
            <PROPERTY Class="Boolean" Name="Alpha Enable" SemanticType="Boolean" DisplayName="Alpha Enable" Description="">TRUE</PROPERTY>
        </COMPONENT>
        <ENTITY LinkID="48" Class="NiGeneralEntity" Name="Art_LongColumn1001_01 120" Type="Object" UsePhysX="TRUE" PostfixTexture="" Optimization="0" AlphaGroup="0" RandomAni="FALSE" TemplateID="1,a4,c7,2a,a9,98,d5,43,82,f9,62,da,aa,fe,95,13" MasterLinkID="22">
            <COMPONENT RefLinkID="49" />
            <COMPONENT RefLinkID="50" />
            <COMPONENT RefLinkID="51" />
        </ENTITY>
        <COMPONENT LinkID="49" Class="NiTransformationComponent" Name="Transformation">
            <PROPERTY Class="Point3" Name="Translation">429.0711669921875000, 127.7392883300781200, -1729.0744628906250000</PROPERTY>
            <PROPERTY Class="Matrix3" Name="Rotation">
                <ROW>0.5921490192413330, 0.8058285713195801, 0.0000000000000000</ROW>
                <ROW>-0.8058285713195801, 0.5921490192413330, 0.0000000000000000</ROW>
                <ROW>0.0000000000000000, 0.0000000000000000, 1.0000000000000000</ROW>
            </PROPERTY>
            <PROPERTY Class="Float" Name="Scale">0.9499999880790710</PROPERTY>
        </COMPONENT>
        <COMPONENT LinkID="50" Class="NiSceneGraphComponent" Name="Scene Graph" MasterLinkID="24" />
        <COMPONENT LinkID="51" Class="NiGeneralComponent" Name="Hide Object" TemplateID="f6,46,16,db,61,92,23,47,b5,4a,da,2d,42,d7,85,b9" MasterLinkID="25">
            <PROPERTY Class="Boolean" Name="Alpha Enable" SemanticType="Boolean" DisplayName="Alpha Enable" Description="">TRUE</PROPERTY>
        </COMPONENT>
        <ENTITY LinkID="52" Class="NiGeneralEntity" Name="Art_SpiralStaircase1001_01 57" Type="Object" UsePhysX="TRUE" PostfixTexture="" Optimization="0" AlphaGroup="0" RandomAni="FALSE" TemplateID="b6,66,7,18,a4,b6,a7,4e,ad,b7,a1,2,bc,64,cb,f" MasterLinkID="7">
            <COMPONENT RefLinkID="53" />
            <COMPONENT RefLinkID="54" />
        </ENTITY>
        <COMPONENT LinkID="53" Class="NiTransformationComponent" Name="Transformation">
            <PROPERTY Class="Point3" Name="Translation">1468.5767822265625000, 723.3819580078125000, 173.9081420898437500</PROPERTY>
            <PROPERTY Class="Matrix3" Name="Rotation">
                <ROW>0.2911211848258972, -0.9566861391067505, 0.0000003138951854</ROW>
                <ROW>0.9566861391067505, 0.2911211848258972, 0.0000000042112518</ROW>
                <ROW>-0.0000000954103925, 0.0000002990731787, 1.0000000000000000</ROW>
            </PROPERTY>
            <PROPERTY Class="Float" Name="Scale">1.0000000000000000</PROPERTY>
        </COMPONENT>
        <COMPONENT LinkID="54" Class="NiSceneGraphComponent" Name="Scene Graph" MasterLinkID="9" />
        <ENTITY LinkID="55" Class="NiGeneralEntity" Name="Art_LongColumn1001_01 125" Type="Object" UsePhysX="TRUE" PostfixTexture="" Optimization="0" AlphaGroup="0" RandomAni="FALSE" TemplateID="1,a4,c7,2a,a9,98,d5,43,82,f9,62,da,aa,fe,95,13" MasterLinkID="22">
            <COMPONENT RefLinkID="56" />
            <COMPONENT RefLinkID="57" />
            <COMPONENT RefLinkID="58" />
        </ENTITY>
        <COMPONENT LinkID="56" Class="NiTransformationComponent" Name="Transformation">
            <PROPERTY Class="Point3" Name="Translation">429.0711669921875000, 127.7392883300781200, -19.6302490234375000</PROPERTY>
            <PROPERTY Class="Matrix3" Name="Rotation">
                <ROW>0.5921490192413330, 0.8058285713195801, 0.0000000000000000</ROW>
                <ROW>-0.8058285713195801, 0.5921490192413330, 0.0000000000000000</ROW>
                <ROW>0.0000000000000000, 0.0000000000000000, 1.0000000000000000</ROW>
            </PROPERTY>
            <PROPERTY Class="Float" Name="Scale">0.9499999880790710</PROPERTY>
        </COMPONENT>
        <COMPONENT LinkID="57" Class="NiSceneGraphComponent" Name="Scene Graph" MasterLinkID="24" />
        <COMPONENT LinkID="58" Class="NiGeneralComponent" Name="Hide Object" TemplateID="f6,46,16,db,61,92,23,47,b5,4a,da,2d,42,d7,85,b9" MasterLinkID="25">
            <PROPERTY Class="Boolean" Name="Alpha Enable" SemanticType="Boolean" DisplayName="Alpha Enable" Description="">TRUE</PROPERTY>
        </COMPONENT>
        <ENTITY LinkID="59" Class="NiGeneralEntity" Name="Art_LongColumn1001_01 127" Type="Object" UsePhysX="TRUE" PostfixTexture="" Optimization="0" AlphaGroup="0" RandomAni="FALSE" TemplateID="1,a4,c7,2a,a9,98,d5,43,82,f9,62,da,aa,fe,95,13" MasterLinkID="22">
            <COMPONENT RefLinkID="60" />
            <COMPONENT RefLinkID="61" />
            <COMPONENT RefLinkID="62" />
        </ENTITY>
        <COMPONENT LinkID="60" Class="NiTransformationComponent" Name="Transformation">
            <PROPERTY Class="Point3" Name="Translation">429.0711669921875000, 127.7392883300781200, 679.9746704101562500</PROPERTY>
            <PROPERTY Class="Matrix3" Name="Rotation">
                <ROW>0.5921490192413330, 0.8058285713195801, 0.0000000000000000</ROW>
                <ROW>-0.8058285713195801, 0.5921490192413330, 0.0000000000000000</ROW>
                <ROW>0.0000000000000000, 0.0000000000000000, 1.0000000000000000</ROW>
            </PROPERTY>
            <PROPERTY Class="Float" Name="Scale">0.9499999880790710</PROPERTY>
        </COMPONENT>
        <COMPONENT LinkID="61" Class="NiSceneGraphComponent" Name="Scene Graph" MasterLinkID="24" />
        <COMPONENT LinkID="62" Class="NiGeneralComponent" Name="Hide Object" TemplateID="f6,46,16,db,61,92,23,47,b5,4a,da,2d,42,d7,85,b9" MasterLinkID="25">
            <PROPERTY Class="Boolean" Name="Alpha Enable" SemanticType="Boolean" DisplayName="Alpha Enable" Description="">TRUE</PROPERTY>
        </COMPONENT>
        <ENTITY LinkID="63" Class="NiGeneralEntity" Name="Art_LongColumn1001_01 56" Type="Object" UsePhysX="TRUE" PostfixTexture="" Optimization="0" AlphaGroup="0" RandomAni="FALSE" TemplateID="1,a4,c7,2a,a9,98,d5,43,82,f9,62,da,aa,fe,95,13" MasterLinkID="22">
            <COMPONENT RefLinkID="64" />
            <COMPONENT RefLinkID="65" />
            <COMPONENT RefLinkID="66" />
        </ENTITY>
        <COMPONENT LinkID="64" Class="NiTransformationComponent" Name="Transformation">
            <PROPERTY Class="Point3" Name="Translation">764.8129882812500000, -109.4835510253906200, 621.4672851562500000</PROPERTY>
            <PROPERTY Class="Matrix3" Name="Rotation">
                <ROW>0.9601282477378845, 0.2795599699020386, 0.0000000000000000</ROW>
                <ROW>-0.2795599699020386, 0.9601282477378845, 0.0000000000000000</ROW>
                <ROW>0.0000000000000000, 0.0000000000000000, 1.0000000000000000</ROW>
            </PROPERTY>
            <PROPERTY Class="Float" Name="Scale">1.0000000000000000</PROPERTY>
        </COMPONENT>
        <COMPONENT LinkID="65" Class="NiSceneGraphComponent" Name="Scene Graph" MasterLinkID="24" />
        <COMPONENT LinkID="66" Class="NiGeneralComponent" Name="Hide Object" TemplateID="f6,46,16,db,61,92,23,47,b5,4a,da,2d,42,d7,85,b9" MasterLinkID="25">
            <PROPERTY Class="Boolean" Name="Alpha Enable" SemanticType="Boolean" DisplayName="Alpha Enable" Description="">TRUE</PROPERTY>
        </COMPONENT>
        <ENTITY LinkID="67" Class="NiGeneralEntity" Name="Art_LongColumn1001_01 133" Type="Object" UsePhysX="TRUE" PostfixTexture="" Optimization="0" AlphaGroup="0" RandomAni="FALSE" TemplateID="1,a4,c7,2a,a9,98,d5,43,82,f9,62,da,aa,fe,95,13" MasterLinkID="22">
            <COMPONENT RefLinkID="68" />
            <COMPONENT RefLinkID="69" />
            <COMPONENT RefLinkID="70" />
        </ENTITY>
        <COMPONENT LinkID="68" Class="NiTransformationComponent" Name="Transformation">
            <PROPERTY Class="Point3" Name="Translation">766.1904907226562500, -108.4393005371093700, -1087.1273193359375000</PROPERTY>
            <PROPERTY Class="Matrix3" Name="Rotation">
                <ROW>0.9554786086082459, 0.2950603067874908, 0.0000000000000000</ROW>
                <ROW>-0.2950603067874908, 0.9554786086082459, 0.0000000000000000</ROW>
                <ROW>0.0000000000000000, 0.0000000000000000, 1.0000000000000000</ROW>
            </PROPERTY>
            <PROPERTY Class="Float" Name="Scale">0.9499999880790710</PROPERTY>
        </COMPONENT>
        <COMPONENT LinkID="69" Class="NiSceneGraphComponent" Name="Scene Graph" MasterLinkID="24" />
        <COMPONENT LinkID="70" Class="NiGeneralComponent" Name="Hide Object" TemplateID="f6,46,16,db,61,92,23,47,b5,4a,da,2d,42,d7,85,b9" MasterLinkID="25">
            <PROPERTY Class="Boolean" Name="Alpha Enable" SemanticType="Boolean" DisplayName="Alpha Enable" Description="">TRUE</PROPERTY>
        </COMPONENT>
        <ENTITY LinkID="71" Class="NiGeneralEntity" Name="Art_LongColumn1001_01 126" Type="Object" UsePhysX="TRUE" PostfixTexture="" Optimization="0" AlphaGroup="0" RandomAni="FALSE" TemplateID="1,a4,c7,2a,a9,98,d5,43,82,f9,62,da,aa,fe,95,13" MasterLinkID="22">
            <COMPONENT RefLinkID="72" />
            <COMPONENT RefLinkID="73" />
            <COMPONENT RefLinkID="74" />
        </ENTITY>
        <COMPONENT LinkID="72" Class="NiTransformationComponent" Name="Transformation">
            <PROPERTY Class="Point3" Name="Translation">429.0711669921875000, 127.7392883300781200, 328.5464477539062500</PROPERTY>
            <PROPERTY Class="Matrix3" Name="Rotation">
                <ROW>0.5921490192413330, 0.8058285713195801, 0.0000000000000000</ROW>
                <ROW>-0.8058285713195801, 0.5921490192413330, 0.0000000000000000</ROW>
                <ROW>0.0000000000000000, 0.0000000000000000, 1.0000000000000000</ROW>
            </PROPERTY>
            <PROPERTY Class="Float" Name="Scale">0.9499999880790710</PROPERTY>
        </COMPONENT>
        <COMPONENT LinkID="73" Class="NiSceneGraphComponent" Name="Scene Graph" MasterLinkID="24" />
        <COMPONENT LinkID="74" Class="NiGeneralComponent" Name="Hide Object" TemplateID="f6,46,16,db,61,92,23,47,b5,4a,da,2d,42,d7,85,b9" MasterLinkID="25">
            <PROPERTY Class="Boolean" Name="Alpha Enable" SemanticType="Boolean" DisplayName="Alpha Enable" Description="">TRUE</PROPERTY>
        </COMPONENT>
        <ENTITY LinkID="75" Class="NiGeneralEntity" Name="Art_SpiralStaircase1001_01 51" Type="Object" UsePhysX="TRUE" PostfixTexture="" Optimization="0" AlphaGroup="0" RandomAni="FALSE" TemplateID="b6,66,7,18,a4,b6,a7,4e,ad,b7,a1,2,bc,64,cb,f" MasterLinkID="7">
            <COMPONENT RefLinkID="76" />
            <COMPONENT RefLinkID="77" />
        </ENTITY>
        <COMPONENT LinkID="76" Class="NiTransformationComponent" Name="Transformation">
            <PROPERTY Class="Point3" Name="Translation">433.4440917968750000, 657.2442016601562500, 363.2617797851562500</PROPERTY>
            <PROPERTY Class="Matrix3" Name="Rotation">
                <ROW>-0.7979036569595337, 0.6027847528457642, 0.0000000000000000</ROW>
                <ROW>-0.6027847528457642, -0.7979036569595337, 0.0000000000000000</ROW>
                <ROW>0.0000000000000000, 0.0000000000000000, 1.0000000000000000</ROW>
            </PROPERTY>
            <PROPERTY Class="Float" Name="Scale">1.0000000000000000</PROPERTY>
        </COMPONENT>
        <COMPONENT LinkID="77" Class="NiSceneGraphComponent" Name="Scene Graph" MasterLinkID="9" />
        <ENTITY LinkID="78" Class="NiGeneralEntity" Name="Art_LongColumn1001_01 123" Type="Object" UsePhysX="TRUE" PostfixTexture="" Optimization="0" AlphaGroup="0" RandomAni="FALSE" TemplateID="1,a4,c7,2a,a9,98,d5,43,82,f9,62,da,aa,fe,95,13" MasterLinkID="22">
            <COMPONENT RefLinkID="79" />
            <COMPONENT RefLinkID="80" />
            <COMPONENT RefLinkID="81" />
        </ENTITY>
        <COMPONENT LinkID="79" Class="NiTransformationComponent" Name="Transformation">
            <PROPERTY Class="Point3" Name="Translation">429.0711669921875000, 127.7392883300781200, -704.7059936523437500</PROPERTY>
            <PROPERTY Class="Matrix3" Name="Rotation">
                <ROW>0.5921490192413330, 0.8058285713195801, 0.0000000000000000</ROW>
                <ROW>-0.8058285713195801, 0.5921490192413330, 0.0000000000000000</ROW>
                <ROW>0.0000000000000000, 0.0000000000000000, 1.0000000000000000</ROW>
            </PROPERTY>
            <PROPERTY Class="Float" Name="Scale">0.9499999880790710</PROPERTY>
        </COMPONENT>
        <COMPONENT LinkID="80" Class="NiSceneGraphComponent" Name="Scene Graph" MasterLinkID="24" />
        <COMPONENT LinkID="81" Class="NiGeneralComponent" Name="Hide Object" TemplateID="f6,46,16,db,61,92,23,47,b5,4a,da,2d,42,d7,85,b9" MasterLinkID="25">
            <PROPERTY Class="Boolean" Name="Alpha Enable" SemanticType="Boolean" DisplayName="Alpha Enable" Description="">TRUE</PROPERTY>
        </COMPONENT>
        <ENTITY LinkID="82" Class="NiGeneralEntity" Name="Art_SpiralStaircase2001_01 01" Type="Object" UsePhysX="TRUE" PostfixTexture="" Optimization="0" AlphaGroup="0" RandomAni="FALSE" TemplateID="5a,40,9a,bd,c8,ea,26,48,85,4e,be,7a,28,79,a0,e1" MasterLinkID="83">
            <COMPONENT RefLinkID="86" />
            <COMPONENT RefLinkID="87" />
        </ENTITY>
        <ENTITY LinkID="83" Class="NiGeneralEntity" Name="[Block]030401.Art_SpiralStaircase2001_01" TemplateID="5a,40,9a,bd,c8,ea,26,48,85,4e,be,7a,28,79,a0,e1">
            <COMPONENT RefLinkID="84" />
            <COMPONENT RefLinkID="85" />
        </ENTITY>
        <COMPONENT LinkID="84" Class="NiTransformationComponent" Name="Transformation">
            <PROPERTY Class="Point3" Name="Translation">0.0000000000000000, 0.0000000000000000, 0.0000000000000000</PROPERTY>
            <PROPERTY Class="Matrix3" Name="Rotation">
                <ROW>1.0000000000000000, 0.0000000000000000, 0.0000000000000000</ROW>
                <ROW>0.0000000000000000, 1.0000000000000000, 0.0000000000000000</ROW>
                <ROW>0.0000000000000000, 0.0000000000000000, 1.0000000000000000</ROW>
            </PROPERTY>
            <PROPERTY Class="Float" Name="Scale">1.0000000000000000</PROPERTY>
        </COMPONENT>
        <COMPONENT LinkID="85" Class="NiSceneGraphComponent" Name="Scene Graph">
            <PROPERTY Class="String" Name="NIF File Path" Asset="TRUE">.\..\..\99_Boss\02_Modeling\Block\030401\Art_SpiralStaircase2001_01.nif</PROPERTY>
        </COMPONENT>
        <COMPONENT LinkID="86" Class="NiTransformationComponent" Name="Transformation">
            <PROPERTY Class="Point3" Name="Translation">1474.9716796875000000, 333.8984985351562500, 1243.4997558593750000</PROPERTY>
            <PROPERTY Class="Matrix3" Name="Rotation">
                <ROW>0.2905485332012177, -0.9568601846694946, 0.0000000000000000</ROW>
                <ROW>0.9568601846694946, 0.2905485332012177, 0.0000000000000000</ROW>
                <ROW>0.0000000000000000, 0.0000000000000000, 1.0000000000000000</ROW>
            </PROPERTY>
            <PROPERTY Class="Float" Name="Scale">1.0000000000000000</PROPERTY>
        </COMPONENT>
        <COMPONENT LinkID="87" Class="NiSceneGraphComponent" Name="Scene Graph" MasterLinkID="85" />
        <ENTITY LinkID="88" Class="NiGeneralEntity" Name="Art_SpiralStaircase1001_01 50" Type="Object" UsePhysX="TRUE" PostfixTexture="" Optimization="0" AlphaGroup="0" RandomAni="FALSE" TemplateID="b6,66,7,18,a4,b6,a7,4e,ad,b7,a1,2,bc,64,cb,f" MasterLinkID="7">
            <COMPONENT RefLinkID="89" />
            <COMPONENT RefLinkID="90" />
        </ENTITY>
        <COMPONENT LinkID="89" Class="NiTransformationComponent" Name="Transformation">
            <PROPERTY Class="Point3" Name="Translation">613.7797851562500000, 941.9665527343750000, 401.1040649414062500</PROPERTY>
            <PROPERTY Class="Matrix3" Name="Rotation">
                <ROW>-0.9998256564140320, 0.0186670422554016, 0.0000000000000000</ROW>
                <ROW>-0.0186670422554016, -0.9998256564140320, 0.0000000000000000</ROW>
                <ROW>0.0000000000000000, 0.0000000000000000, 1.0000000000000000</ROW>
            </PROPERTY>
            <PROPERTY Class="Float" Name="Scale">1.0000000000000000</PROPERTY>
        </COMPONENT>
        <COMPONENT LinkID="90" Class="NiSceneGraphComponent" Name="Scene Graph" MasterLinkID="9" />
        <ENTITY LinkID="91" Class="NiGeneralEntity" Name="Art_LongColumn1001_01 62" Type="Object" UsePhysX="TRUE" PostfixTexture="" Optimization="0" AlphaGroup="0" RandomAni="FALSE" TemplateID="1,a4,c7,2a,a9,98,d5,43,82,f9,62,da,aa,fe,95,13" MasterLinkID="22">
            <COMPONENT RefLinkID="92" />
            <COMPONENT RefLinkID="93" />
            <COMPONENT RefLinkID="94" />
        </ENTITY>
        <COMPONENT LinkID="92" Class="NiTransformationComponent" Name="Transformation">
            <PROPERTY Class="Point3" Name="Translation">1505.5372314453125000, 141.1751403808593700, -100.8406982421875000</PROPERTY>
            <PROPERTY Class="Matrix3" Name="Rotation">
                <ROW>0.5648286342620850, -0.8252083063125610, 0.0000000000000000</ROW>
                <ROW>0.8252083063125610, 0.5648286342620850, 0.0000000000000000</ROW>
                <ROW>0.0000000000000000, 0.0000000000000000, 1.0000000000000000</ROW>
            </PROPERTY>
            <PROPERTY Class="Float" Name="Scale">0.9499999880790710</PROPERTY>
        </COMPONENT>
        <COMPONENT LinkID="93" Class="NiSceneGraphComponent" Name="Scene Graph" MasterLinkID="24" />
        <COMPONENT LinkID="94" Class="NiGeneralComponent" Name="Hide Object" TemplateID="f6,46,16,db,61,92,23,47,b5,4a,da,2d,42,d7,85,b9" MasterLinkID="25">
            <PROPERTY Class="Boolean" Name="Alpha Enable" SemanticType="Boolean" DisplayName="Alpha Enable" Description="">TRUE</PROPERTY>
        </COMPONENT>
        <ENTITY LinkID="95" Class="NiGeneralEntity" Name="Art_LongColumn1001_01 149" Type="Object" UsePhysX="TRUE" PostfixTexture="" Optimization="0" AlphaGroup="0" RandomAni="FALSE" TemplateID="1,a4,c7,2a,a9,98,d5,43,82,f9,62,da,aa,fe,95,13" MasterLinkID="22">
            <COMPONENT RefLinkID="96" />
            <COMPONENT RefLinkID="97" />
            <COMPONENT RefLinkID="98" />
        </ENTITY>
        <COMPONENT LinkID="96" Class="NiTransformationComponent" Name="Transformation">
            <PROPERTY Class="Point3" Name="Translation">1174.4477539062500000, -104.3005065917968700, 281.4583740234375000</PROPERTY>
            <PROPERTY Class="Matrix3" Name="Rotation">
                <ROW>0.9432134032249451, -0.3321871757507324, 0.0000000000000000</ROW>
                <ROW>0.3321871757507324, 0.9432134032249451, 0.0000000000000000</ROW>
                <ROW>0.0000000000000000, 0.0000000000000000, 1.0000000000000000</ROW>
            </PROPERTY>
            <PROPERTY Class="Float" Name="Scale">0.9499999880790710</PROPERTY>
        </COMPONENT>
        <COMPONENT LinkID="97" Class="NiSceneGraphComponent" Name="Scene Graph" MasterLinkID="24" />
        <COMPONENT LinkID="98" Class="NiGeneralComponent" Name="Hide Object" TemplateID="f6,46,16,db,61,92,23,47,b5,4a,da,2d,42,d7,85,b9" MasterLinkID="25">
            <PROPERTY Class="Boolean" Name="Alpha Enable" SemanticType="Boolean" DisplayName="Alpha Enable" Description="">TRUE</PROPERTY>
        </COMPONENT>
        <ENTITY LinkID="99" Class="NiGeneralEntity" Name="Art_LongColumn1001_01 119" Type="Object" UsePhysX="TRUE" PostfixTexture="" Optimization="0" AlphaGroup="0" RandomAni="FALSE" TemplateID="1,a4,c7,2a,a9,98,d5,43,82,f9,62,da,aa,fe,95,13" MasterLinkID="22">
            <COMPONENT RefLinkID="100" />
            <COMPONENT RefLinkID="101" />
            <COMPONENT RefLinkID="102" />
        </ENTITY>
        <COMPONENT LinkID="100" Class="NiTransformationComponent" Name="Transformation">
            <PROPERTY Class="Point3" Name="Translation">429.0711669921875000, 127.7392883300781200, -2066.0585937500000000</PROPERTY>
            <PROPERTY Class="Matrix3" Name="Rotation">
                <ROW>0.5921490192413330, 0.8058285713195801, 0.0000000000000000</ROW>
                <ROW>-0.8058285713195801, 0.5921490192413330, 0.0000000000000000</ROW>
                <ROW>0.0000000000000000, 0.0000000000000000, 1.0000000000000000</ROW>
            </PROPERTY>
            <PROPERTY Class="Float" Name="Scale">0.9499999880790710</PROPERTY>
        </COMPONENT>
        <COMPONENT LinkID="101" Class="NiSceneGraphComponent" Name="Scene Graph" MasterLinkID="24" />
        <COMPONENT LinkID="102" Class="NiGeneralComponent" Name="Hide Object" TemplateID="f6,46,16,db,61,92,23,47,b5,4a,da,2d,42,d7,85,b9" MasterLinkID="25">
            <PROPERTY Class="Boolean" Name="Alpha Enable" SemanticType="Boolean" DisplayName="Alpha Enable" Description="">TRUE</PROPERTY>
        </COMPONENT>
        <ENTITY LinkID="103" Class="NiGeneralEntity" Name="Art_LongColumn1001_01 117" Type="Object" UsePhysX="TRUE" PostfixTexture="" Optimization="0" AlphaGroup="0" RandomAni="FALSE" TemplateID="1,a4,c7,2a,a9,98,d5,43,82,f9,62,da,aa,fe,95,13" MasterLinkID="22">
            <COMPONENT RefLinkID="104" />
            <COMPONENT RefLinkID="105" />
            <COMPONENT RefLinkID="106" />
        </ENTITY>
        <COMPONENT LinkID="104" Class="NiTransformationComponent" Name="Transformation">
