<?xml version="1.0" ?>
<GSA Major="1" Minor="0" Patch="0">
    <PALETTES_DIRECTORY>
        <PALETTE_DIR IDX="0" DIRECTORY=".\..\..\..\..\..\ToolBin\SceneDesigner\Release\Data\" />
        <PALETTE_DIR IDX="1" DIRECTORY=".\..\01_Level\..\..\Palettes\" />
        <PALETTE_DIR IDX="2" DIRECTORY=".\..\..\Palettes\" />
    </PALETTES_DIRECTORY>
    <PALETTES>
        <PALETTE NAME="Default" DIR_IDX="0" />
        <PALETTE NAME="Block" DIR_IDX="1" />
        <PALETTE NAME="Effect" DIR_IDX="1" />
        <PALETTE NAME="Etc" DIR_IDX="1" />
        <PALETTE NAME="General" DIR_IDX="1" />
        <PALETTE NAME="Object" DIR_IDX="1" />
        <PALETTE NAME="PVP" DIR_IDX="1" />
        <PALETTE NAME="Event" DIR_IDX="2" />
        <PALETTE NAME="IceDungeon" DIR_IDX="2" />
    </PALETTES>
    <OBJECTS>
        <ENTITY LinkID="0" Class="NiGeneralEntity" Name="Nature_Bgrass3001_01 02" Type="Object" UsePhysX="FALSE" PostfixTexture="_T01" Optimization="0" AlphaGroup="1" RandomAni="FALSE" TemplateID="f,85,6b,4c,52,72,f6,49,b6,c0,aa,42,64,b0,af,81" MasterLinkID="1">
            <COMPONENT RefLinkID="5" />
            <COMPONENT RefLinkID="6" />
            <COMPONENT RefLinkID="7" />
        </ENTITY>
        <ENTITY LinkID="1" Class="NiGeneralEntity" Name="[Object]Grass.Nature_Bgrass3001_01" TemplateID="f,85,6b,4c,52,72,f6,49,b6,c0,aa,42,64,b0,af,81">
            <COMPONENT RefLinkID="2" />
            <COMPONENT RefLinkID="3" />
            <COMPONENT RefLinkID="4" />
        </ENTITY>
        <COMPONENT LinkID="2" Class="NiTransformationComponent" Name="Transformation">
            <PROPERTY Class="Point3" Name="Translation">0.0000000000000000, 0.0000000000000000, 0.0000000000000000</PROPERTY>
            <PROPERTY Class="Matrix3" Name="Rotation">
                <ROW>1.0000000000000000, 0.0000000000000000, 0.0000000000000000</ROW>
                <ROW>0.0000000000000000, 1.0000000000000000, 0.0000000000000000</ROW>
                <ROW>0.0000000000000000, 0.0000000000000000, 1.0000000000000000</ROW>
            </PROPERTY>
            <PROPERTY Class="Float" Name="Scale">1.0000000000000000</PROPERTY>
        </COMPONENT>
        <COMPONENT LinkID="3" Class="NiSceneGraphComponent" Name="Scene Graph">
            <PROPERTY Class="String" Name="NIF File Path" Asset="TRUE">.\..\..\00_Object\Grass\Nature_Bgrass3001_01.nif</PROPERTY>
        </COMPONENT>
        <COMPONENT LinkID="4" Class="NiGeneralComponent" Name="Hide Object" TemplateID="f6,46,16,db,61,92,23,47,b5,4a,da,2d,42,d7,85,b9">
            <PROPERTY Class="Float" Name="Alpha Value" SemanticType="Float" DisplayName="Alpha Value" Description="">0.4000000059604645</PROPERTY>
            <PROPERTY Class="Boolean" Name="Alpha Enable" SemanticType="Boolean" DisplayName="Alpha Enable" Description="">FALSE</PROPERTY>
            <PROPERTY Class="Boolean" Name="Hide Object" SemanticType="Boolean" DisplayName="Hide Object" Description="">FALSE</PROPERTY>
        </COMPONENT>
        <COMPONENT LinkID="5" Class="NiTransformationComponent" Name="Transformation">
            <PROPERTY Class="Point3" Name="Translation">-1915.0872802734375000, -424.8136901855468800, 88.7673645019531250</PROPERTY>
            <PROPERTY Class="Matrix3" Name="Rotation">
                <ROW>0.7655242681503296, 0.5269258022308350, 0.3692178130149841</ROW>
                <ROW>-0.5197068452835083, 0.8447059988975525, -0.1279711276292801</ROW>
                <ROW>-0.3793118000030518, -0.0939200073480606, 0.9204898476600647</ROW>
            </PROPERTY>
            <PROPERTY Class="Float" Name="Scale">1.5491247177124023</PROPERTY>
        </COMPONENT>
        <COMPONENT LinkID="6" Class="NiSceneGraphComponent" Name="Scene Graph" MasterLinkID="3" />
        <COMPONENT LinkID="7" Class="NiGeneralComponent" Name="Hide Object" TemplateID="f6,46,16,db,61,92,23,47,b5,4a,da,2d,42,d7,85,b9" MasterLinkID="4" />
        <ENTITY LinkID="8" Class="NiGeneralEntity" Name="Nature_FungusWhite1001_01 08" Type="Object" UsePhysX="FALSE" PostfixTexture="" Optimization="0" AlphaGroup="1" RandomAni="FALSE" TemplateID="7d,80,ac,2f,70,7c,35,46,bc,f8,13,39,56,3a,2e,61" MasterLinkID="9">
            <COMPONENT RefLinkID="13" />
            <COMPONENT RefLinkID="14" />
            <COMPONENT RefLinkID="15" />
        </ENTITY>
        <ENTITY LinkID="9" Class="NiGeneralEntity" Name="[Object]Grass.Nature_FungusWhite1001_01" TemplateID="7d,80,ac,2f,70,7c,35,46,bc,f8,13,39,56,3a,2e,61">
            <COMPONENT RefLinkID="10" />
            <COMPONENT RefLinkID="11" />
            <COMPONENT RefLinkID="12" />
        </ENTITY>
        <COMPONENT LinkID="10" Class="NiTransformationComponent" Name="Transformation">
            <PROPERTY Class="Point3" Name="Translation">0.0000000000000000, 0.0000000000000000, 0.0000000000000000</PROPERTY>
            <PROPERTY Class="Matrix3" Name="Rotation">
                <ROW>1.0000000000000000, 0.0000000000000000, 0.0000000000000000</ROW>
                <ROW>0.0000000000000000, 1.0000000000000000, 0.0000000000000000</ROW>
                <ROW>0.0000000000000000, 0.0000000000000000, 1.0000000000000000</ROW>
            </PROPERTY>
            <PROPERTY Class="Float" Name="Scale">1.0000000000000000</PROPERTY>
        </COMPONENT>
        <COMPONENT LinkID="11" Class="NiSceneGraphComponent" Name="Scene Graph">
            <PROPERTY Class="String" Name="NIF File Path" Asset="TRUE">.\..\..\00_Object\Grass\Nature_FungusWhite1001_01.nif</PROPERTY>
        </COMPONENT>
        <COMPONENT LinkID="12" Class="NiGeneralComponent" Name="Hide Object" TemplateID="f6,46,16,db,61,92,23,47,b5,4a,da,2d,42,d7,85,b9">
            <PROPERTY Class="Float" Name="Alpha Value" SemanticType="Float" DisplayName="Alpha Value" Description="">0.4000000059604645</PROPERTY>
            <PROPERTY Class="Boolean" Name="Alpha Enable" SemanticType="Boolean" DisplayName="Alpha Enable" Description="">FALSE</PROPERTY>
            <PROPERTY Class="Boolean" Name="Hide Object" SemanticType="Boolean" DisplayName="Hide Object" Description="">FALSE</PROPERTY>
        </COMPONENT>
        <COMPONENT LinkID="13" Class="NiTransformationComponent" Name="Transformation">
            <PROPERTY Class="Point3" Name="Translation">1333.6929931640625000, -1720.2022705078125000, 42.9399490356445310</PROPERTY>
            <PROPERTY Class="Matrix3" Name="Rotation">
                <ROW>0.4396880269050598, -0.8981383442878723, -0.0046827495098114</ROW>
                <ROW>0.8839482069015503, 0.4318060278892517, 0.1793851405382156</ROW>
                <ROW>-0.1590906381607056, -0.0830128043889999, 0.9837678670883179</ROW>
            </PROPERTY>
            <PROPERTY Class="Float" Name="Scale">1.1701387166976929</PROPERTY>
        </COMPONENT>
        <COMPONENT LinkID="14" Class="NiSceneGraphComponent" Name="Scene Graph" MasterLinkID="11">
            <PROPERTY Class="String" Name="NIF File Path" Asset="TRUE">.\..\..\00_Object\Grass\Nature_FungusWhite1001_01_t01.nif</PROPERTY>
        </COMPONENT>
        <COMPONENT LinkID="15" Class="NiGeneralComponent" Name="Hide Object" TemplateID="f6,46,16,db,61,92,23,47,b5,4a,da,2d,42,d7,85,b9" MasterLinkID="12" />
        <ENTITY LinkID="16" Class="NiGeneralEntity" Name="Nature_IceCrystal1001_01 09" Type="Object" UsePhysX="FALSE" PostfixTexture="" Optimization="0" AlphaGroup="1" RandomAni="FALSE" TemplateID="a3,f5,99,b1,c5,62,11,48,a1,b6,23,35,56,e7,90,c3" MasterLinkID="17">
            <COMPONENT RefLinkID="22" />
            <COMPONENT RefLinkID="23" />
            <COMPONENT RefLinkID="24" />
            <COMPONENT RefLinkID="25" />
        </ENTITY>
        <ENTITY LinkID="17" Class="NiGeneralEntity" Name="[Object]Ground.Nature_IceCrystal1001_01" TemplateID="a3,f5,99,b1,c5,62,11,48,a1,b6,23,35,56,e7,90,c3">
            <COMPONENT RefLinkID="18" />
            <COMPONENT RefLinkID="19" />
            <COMPONENT RefLinkID="20" />
            <COMPONENT RefLinkID="21" />
        </ENTITY>
        <COMPONENT LinkID="18" Class="NiTransformationComponent" Name="Transformation">
            <PROPERTY Class="Point3" Name="Translation">0.0000000000000000, 0.0000000000000000, 0.0000000000000000</PROPERTY>
            <PROPERTY Class="Matrix3" Name="Rotation">
                <ROW>1.0000000000000000, 0.0000000000000000, 0.0000000000000000</ROW>
                <ROW>0.0000000000000000, 1.0000000000000000, 0.0000000000000000</ROW>
                <ROW>0.0000000000000000, 0.0000000000000000, 1.0000000000000000</ROW>
            </PROPERTY>
            <PROPERTY Class="Float" Name="Scale">1.0000000000000000</PROPERTY>
        </COMPONENT>
        <COMPONENT LinkID="19" Class="NiSceneGraphComponent" Name="Scene Graph">
            <PROPERTY Class="String" Name="NIF File Path" Asset="TRUE">.\..\..\00_Object\Ground\Nature_IceCrystal1001_01.nif</PROPERTY>
        </COMPONENT>
        <COMPONENT LinkID="20" Class="NiGeneralComponent" Name="Hide Object" TemplateID="f6,46,16,db,61,92,23,47,b5,4a,da,2d,42,d7,85,b9">
            <PROPERTY Class="Float" Name="Alpha Value" SemanticType="Float" DisplayName="Alpha Value" Description="">0.4000000059604645</PROPERTY>
            <PROPERTY Class="Boolean" Name="Alpha Enable" SemanticType="Boolean" DisplayName="Alpha Enable" Description="">FALSE</PROPERTY>
            <PROPERTY Class="Boolean" Name="Hide Object" SemanticType="Boolean" DisplayName="Hide Object" Description="">FALSE</PROPERTY>
        </COMPONENT>
        <COMPONENT LinkID="21" Class="NiGeneralComponent" Name="GlowMap" TemplateID="c,37,ef,c9,e6,13,8,4b,86,49,c3,29,48,1b,b2,c8">
            <PROPERTY Class="Boolean" Name="Enable" SemanticType="Boolean" DisplayName="Enable" Description="">FALSE</PROPERTY>
        </COMPONENT>
        <COMPONENT LinkID="22" Class="NiTransformationComponent" Name="Transformation">
            <PROPERTY Class="Point3" Name="Translation">-88.7534484863281250, 2025.3369140625000000, 200.0092468261718800</PROPERTY>
            <PROPERTY Class="Matrix3" Name="Rotation">
                <ROW>-0.8175850510597229, -0.5365777015686035, 0.2088995575904846</ROW>
                <ROW>0.4867989420890808, -0.8378794789314270, -0.2469508945941925</ROW>
                <ROW>0.3075410425662994, -0.1002112627029419, 0.9462431669235230</ROW>
            </PROPERTY>
            <PROPERTY Class="Float" Name="Scale">0.6365838050842285</PROPERTY>
        </COMPONENT>
        <COMPONENT LinkID="23" Class="NiSceneGraphComponent" Name="Scene Graph" MasterLinkID="19" />
        <COMPONENT LinkID="24" Class="NiGeneralComponent" Name="Hide Object" TemplateID="f6,46,16,db,61,92,23,47,b5,4a,da,2d,42,d7,85,b9" MasterLinkID="20" />
        <COMPONENT LinkID="25" Class="NiGeneralComponent" Name="GlowMap" TemplateID="c,37,ef,c9,e6,13,8,4b,86,49,c3,29,48,1b,b2,c8" MasterLinkID="21" />
        <ENTITY LinkID="26" Class="NiGeneralEntity" Name="path" Type="Path" UsePhysX="TRUE" PostfixTexture="" Optimization="0" AlphaGroup="0" RandomAni="TRUE" TemplateID="63,93,c6,ca,93,df,12,4d,a9,5f,d9,db,b5,f3,f,3c" MasterLinkID="27">
            <COMPONENT RefLinkID="30" />
            <COMPONENT RefLinkID="31" />
        </ENTITY>
        <ENTITY LinkID="27" Class="NiGeneralEntity" Name="[Block]030205_PATH" TemplateID="63,93,c6,ca,93,df,12,4d,a9,5f,d9,db,b5,f3,f,3c">
            <COMPONENT RefLinkID="28" />
            <COMPONENT RefLinkID="29" />
        </ENTITY>
        <COMPONENT LinkID="28" Class="NiTransformationComponent" Name="Transformation">
            <PROPERTY Class="Point3" Name="Translation">0.0000000000000000, 0.0000000000000000, 0.0000000000000000</PROPERTY>
            <PROPERTY Class="Matrix3" Name="Rotation">
                <ROW>1.0000000000000000, 0.0000000000000000, 0.0000000000000000</ROW>
                <ROW>0.0000000000000000, 1.0000000000000000, 0.0000000000000000</ROW>
                <ROW>0.0000000000000000, 0.0000000000000000, 1.0000000000000000</ROW>
            </PROPERTY>
            <PROPERTY Class="Float" Name="Scale">1.0000000000000000</PROPERTY>
        </COMPONENT>
        <COMPONENT LinkID="29" Class="NiSceneGraphComponent" Name="Scene Graph">
            <PROPERTY Class="String" Name="NIF File Path" Asset="TRUE">.\..\01_Level\030205_PATH.nif</PROPERTY>
        </COMPONENT>
        <COMPONENT LinkID="30" Class="NiTransformationComponent" Name="Transformation">
            <PROPERTY Class="Point3" Name="Translation">164.9539489746093700, -2508.9140625000000000, 750.0001831054687500</PROPERTY>
            <PROPERTY Class="Matrix3" Name="Rotation">
                <ROW>1.0000000000000000, 0.0000000000000000, 0.0000000000000000</ROW>
                <ROW>0.0000000000000000, 1.0000000000000000, 0.0000000000000000</ROW>
                <ROW>0.0000000000000000, 0.0000000000000000, 1.0000000000000000</ROW>
            </PROPERTY>
            <PROPERTY Class="Float" Name="Scale">1.8878064155578613</PROPERTY>
        </COMPONENT>
        <COMPONENT LinkID="31" Class="NiSceneGraphComponent" Name="Scene Graph" MasterLinkID="29">
            <PROPERTY Class="String" Name="NIF File Path" Asset="TRUE">.\..\09_Nif\030205_PATH.nif</PROPERTY>
        </COMPONENT>
        <ENTITY LinkID="32" Class="NiGeneralEntity" Name="Nature_Grass5001_01 143" Type="Object" UsePhysX="FALSE" PostfixTexture="_T01" Optimization="0" AlphaGroup="1" RandomAni="FALSE" TemplateID="be,53,83,d6,d5,58,84,4b,be,b2,75,81,18,f1,43,2e" MasterLinkID="33">
            <COMPONENT RefLinkID="36" />
            <COMPONENT RefLinkID="37" />
        </ENTITY>
        <ENTITY LinkID="33" Class="NiGeneralEntity" Name="[Object]Grass.Nature_Grass5001_01" TemplateID="be,53,83,d6,d5,58,84,4b,be,b2,75,81,18,f1,43,2e">
            <COMPONENT RefLinkID="34" />
            <COMPONENT RefLinkID="35" />
        </ENTITY>
        <COMPONENT LinkID="34" Class="NiTransformationComponent" Name="Transformation">
            <PROPERTY Class="Point3" Name="Translation">0.0000000000000000, 0.0000000000000000, 0.0000000000000000</PROPERTY>
            <PROPERTY Class="Matrix3" Name="Rotation">
                <ROW>1.0000000000000000, 0.0000000000000000, 0.0000000000000000</ROW>
                <ROW>0.0000000000000000, 1.0000000000000000, 0.0000000000000000</ROW>
                <ROW>0.0000000000000000, 0.0000000000000000, 1.0000000000000000</ROW>
            </PROPERTY>
            <PROPERTY Class="Float" Name="Scale">1.0000000000000000</PROPERTY>
        </COMPONENT>
        <COMPONENT LinkID="35" Class="NiSceneGraphComponent" Name="Scene Graph">
            <PROPERTY Class="String" Name="NIF File Path" Asset="TRUE">.\..\..\00_Object\Grass\Nature_Grass5001_01.nif</PROPERTY>
        </COMPONENT>
        <COMPONENT LinkID="36" Class="NiTransformationComponent" Name="Transformation">
            <PROPERTY Class="Point3" Name="Translation">1522.8203125000000000, 417.6612548828125000, 29.4392890930175780</PROPERTY>
            <PROPERTY Class="Matrix3" Name="Rotation">
                <ROW>0.9907121062278748, -0.1359757930040360, 0.0000000000000000</ROW>
                <ROW>0.1359757930040360, 0.9907121062278748, 0.0000000000000000</ROW>
                <ROW>0.0000000000000000, 0.0000000000000000, 1.0000000000000000</ROW>
            </PROPERTY>
            <PROPERTY Class="Float" Name="Scale">2.7611048221588135</PROPERTY>
        </COMPONENT>
        <COMPONENT LinkID="37" Class="NiSceneGraphComponent" Name="Scene Graph" MasterLinkID="35" />
        <ENTITY LinkID="38" Class="NiGeneralEntity" Name="Nature_IceCrystal1001_01 21" Type="Object" UsePhysX="FALSE" PostfixTexture="" Optimization="0" AlphaGroup="1" RandomAni="FALSE" TemplateID="a3,f5,99,b1,c5,62,11,48,a1,b6,23,35,56,e7,90,c3" MasterLinkID="17">
            <COMPONENT RefLinkID="39" />
            <COMPONENT RefLinkID="40" />
            <COMPONENT RefLinkID="41" />
            <COMPONENT RefLinkID="42" />
        </ENTITY>
        <COMPONENT LinkID="39" Class="NiTransformationComponent" Name="Transformation">
            <PROPERTY Class="Point3" Name="Translation">643.7198486328125000, 175.9725036621093700, 324.6528625488281200</PROPERTY>
            <PROPERTY Class="Matrix3" Name="Rotation">
                <ROW>0.4662864804267883, 0.7240886092185974, 0.5082051753997803</ROW>
                <ROW>-0.8341794013977051, 0.5511347055435181, -0.0198816359043121</ROW>
                <ROW>-0.2944856286048889, -0.4146637320518494, 0.8610063791275024</ROW>
            </PROPERTY>
            <PROPERTY Class="Float" Name="Scale">0.0831017643213272</PROPERTY>
        </COMPONENT>
        <COMPONENT LinkID="40" Class="NiSceneGraphComponent" Name="Scene Graph" MasterLinkID="19" />
        <COMPONENT LinkID="41" Class="NiGeneralComponent" Name="Hide Object" TemplateID="f6,46,16,db,61,92,23,47,b5,4a,da,2d,42,d7,85,b9" MasterLinkID="20" />
        <COMPONENT LinkID="42" Class="NiGeneralComponent" Name="GlowMap" TemplateID="c,37,ef,c9,e6,13,8,4b,86,49,c3,29,48,1b,b2,c8" MasterLinkID="21" />
        <ENTITY LinkID="43" Class="NiGeneralEntity" Name="Nature_IceCrystal1001_01 13" Type="Object" UsePhysX="FALSE" PostfixTexture="" Optimization="0" AlphaGroup="1" RandomAni="FALSE" TemplateID="a3,f5,99,b1,c5,62,11,48,a1,b6,23,35,56,e7,90,c3" MasterLinkID="17">
            <COMPONENT RefLinkID="44" />
            <COMPONENT RefLinkID="45" />
            <COMPONENT RefLinkID="46" />
            <COMPONENT RefLinkID="47" />
        </ENTITY>
        <COMPONENT LinkID="44" Class="NiTransformationComponent" Name="Transformation">
            <PROPERTY Class="Point3" Name="Translation">547.9830322265625000, 68.9275665283203130, 351.4934997558593800</PROPERTY>
            <PROPERTY Class="Matrix3" Name="Rotation">
                <ROW>0.2197957336902618, 0.9744973778724670, -0.0452172756195068</ROW>
                <ROW>-0.9210345149040222, 0.1920139640569687, -0.3388599157333374</ROW>
                <ROW>-0.3215358257293701, 0.1161266341805458, 0.9397495388984680</ROW>
            </PROPERTY>
            <PROPERTY Class="Float" Name="Scale">0.0986207127571106</PROPERTY>
        </COMPONENT>
        <COMPONENT LinkID="45" Class="NiSceneGraphComponent" Name="Scene Graph" MasterLinkID="19" />
        <COMPONENT LinkID="46" Class="NiGeneralComponent" Name="Hide Object" TemplateID="f6,46,16,db,61,92,23,47,b5,4a,da,2d,42,d7,85,b9" MasterLinkID="20" />
        <COMPONENT LinkID="47" Class="NiGeneralComponent" Name="GlowMap" TemplateID="c,37,ef,c9,e6,13,8,4b,86,49,c3,29,48,1b,b2,c8" MasterLinkID="21" />
        <ENTITY LinkID="48" Class="NiGeneralEntity" Name="Nature_Bgrass3001_01 33" Type="Object" UsePhysX="FALSE" PostfixTexture="_T01" Optimization="0" AlphaGroup="1" RandomAni="FALSE" TemplateID="f,85,6b,4c,52,72,f6,49,b6,c0,aa,42,64,b0,af,81" MasterLinkID="1">
            <COMPONENT RefLinkID="49" />
            <COMPONENT RefLinkID="50" />
            <COMPONENT RefLinkID="51" />
        </ENTITY>
        <COMPONENT LinkID="49" Class="NiTransformationComponent" Name="Transformation">
            <PROPERTY Class="Point3" Name="Translation">-1243.6015625000000000, -1753.6925048828125000, 34.3304252624511720</PROPERTY>
            <PROPERTY Class="Matrix3" Name="Rotation">
                <ROW>0.9776790738105774, -0.2098381817340851, 0.0105590969324112</ROW>
                <ROW>0.2098418176174164, 0.9727197885513306, -0.0989063829183578</ROW>
                <ROW>0.0104832947254181, 0.0989143550395966, 0.9950407743453980</ROW>
            </PROPERTY>
            <PROPERTY Class="Float" Name="Scale">1.3678689002990723</PROPERTY>
        </COMPONENT>
        <COMPONENT LinkID="50" Class="NiSceneGraphComponent" Name="Scene Graph" MasterLinkID="3" />
        <COMPONENT LinkID="51" Class="NiGeneralComponent" Name="Hide Object" TemplateID="f6,46,16,db,61,92,23,47,b5,4a,da,2d,42,d7,85,b9" MasterLinkID="4" />
        <ENTITY LinkID="52" Class="NiGeneralEntity" Name="Nature_IceCrystal1001_01 16" Type="Object" UsePhysX="FALSE" PostfixTexture="" Optimization="0" AlphaGroup="1" RandomAni="FALSE" TemplateID="a3,f5,99,b1,c5,62,11,48,a1,b6,23,35,56,e7,90,c3" MasterLinkID="17">
            <COMPONENT RefLinkID="53" />
            <COMPONENT RefLinkID="54" />
            <COMPONENT RefLinkID="55" />
            <COMPONENT RefLinkID="56" />
        </ENTITY>
        <COMPONENT LinkID="53" Class="NiTransformationComponent" Name="Transformation">
            <PROPERTY Class="Point3" Name="Translation">542.9912109375000000, 36.0846481323242190, 222.2200927734375000</PROPERTY>
            <PROPERTY Class="Matrix3" Name="Rotation">
                <ROW>0.9361622929573059, 0.2479045987129211, -0.2492862343788147</ROW>
                <ROW>-0.1057819277048111, 0.8748329281806946, 0.4727339744567871</ROW>
                <ROW>0.3352768421173096, -0.4161856174468994, 0.8452094793319702</ROW>
            </PROPERTY>
            <PROPERTY Class="Float" Name="Scale">0.0971188917756081</PROPERTY>
        </COMPONENT>
        <COMPONENT LinkID="54" Class="NiSceneGraphComponent" Name="Scene Graph" MasterLinkID="19" />
        <COMPONENT LinkID="55" Class="NiGeneralComponent" Name="Hide Object" TemplateID="f6,46,16,db,61,92,23,47,b5,4a,da,2d,42,d7,85,b9" MasterLinkID="20" />
        <COMPONENT LinkID="56" Class="NiGeneralComponent" Name="GlowMap" TemplateID="c,37,ef,c9,e6,13,8,4b,86,49,c3,29,48,1b,b2,c8" MasterLinkID="21" />
        <ENTITY LinkID="57" Class="NiGeneralEntity" Name="Nature_IceTree4001_01 02" Type="Object" UsePhysX="FALSE" PostfixTexture="" Optimization="0" AlphaGroup="1" RandomAni="FALSE" TemplateID="76,fa,d,a4,9f,4b,32,45,af,5b,2,e9,41,67,4b,c2" MasterLinkID="58">
            <COMPONENT RefLinkID="63" />
            <COMPONENT RefLinkID="64" />
            <COMPONENT RefLinkID="65" />
            <COMPONENT RefLinkID="66" />
        </ENTITY>
        <ENTITY LinkID="58" Class="NiGeneralEntity" Name="[Object]Tree.Nature_IceTree4001_01" TemplateID="76,fa,d,a4,9f,4b,32,45,af,5b,2,e9,41,67,4b,c2">
            <COMPONENT RefLinkID="59" />
            <COMPONENT RefLinkID="60" />
            <COMPONENT RefLinkID="61" />
            <COMPONENT RefLinkID="62" />
        </ENTITY>
        <COMPONENT LinkID="59" Class="NiTransformationComponent" Name="Transformation">
            <PROPERTY Class="Point3" Name="Translation">0.0000000000000000, 0.0000000000000000, 0.0000000000000000</PROPERTY>
            <PROPERTY Class="Matrix3" Name="Rotation">
                <ROW>1.0000000000000000, 0.0000000000000000, 0.0000000000000000</ROW>
                <ROW>0.0000000000000000, 1.0000000000000000, 0.0000000000000000</ROW>
                <ROW>0.0000000000000000, 0.0000000000000000, 1.0000000000000000</ROW>
            </PROPERTY>
            <PROPERTY Class="Float" Name="Scale">1.0000000000000000</PROPERTY>
        </COMPONENT>
        <COMPONENT LinkID="60" Class="NiSceneGraphComponent" Name="Scene Graph">
            <PROPERTY Class="String" Name="NIF File Path" Asset="TRUE">.\..\..\00_Object\Tree\Nature_IceTree4001_01.nif</PROPERTY>
        </COMPONENT>
        <COMPONENT LinkID="61" Class="NiGeneralComponent" Name="Hide Object" TemplateID="f6,46,16,db,61,92,23,47,b5,4a,da,2d,42,d7,85,b9">
            <PROPERTY Class="Float" Name="Alpha Value" SemanticType="Float" DisplayName="Alpha Value" Description="">0.4000000059604645</PROPERTY>
            <PROPERTY Class="Boolean" Name="Alpha Enable" SemanticType="Boolean" DisplayName="Alpha Enable" Description="">FALSE</PROPERTY>
            <PROPERTY Class="Boolean" Name="Hide Object" SemanticType="Boolean" DisplayName="Hide Object" Description="">FALSE</PROPERTY>
        </COMPONENT>
        <COMPONENT LinkID="62" Class="NiGeneralComponent" Name="GlowMap" TemplateID="c,37,ef,c9,e6,13,8,4b,86,49,c3,29,48,1b,b2,c8">
            <PROPERTY Class="Boolean" Name="Enable" SemanticType="Boolean" DisplayName="Enable" Description="">FALSE</PROPERTY>
        </COMPONENT>
        <COMPONENT LinkID="63" Class="NiTransformationComponent" Name="Transformation">
            <PROPERTY Class="Point3" Name="Translation">523.1062622070312500, 175.5729064941406200, 15.8859558105468750</PROPERTY>
            <PROPERTY Class="Matrix3" Name="Rotation">
                <ROW>0.9999998807907105, 0.0001020431518555, 0.0000000000000000</ROW>
                <ROW>-0.0001020431518555, 0.9999998807907105, 0.0000000000000000</ROW>
                <ROW>0.0000000000000000, 0.0000000000000000, 1.0000000000000000</ROW>
            </PROPERTY>
            <PROPERTY Class="Float" Name="Scale">0.7733676433563232</PROPERTY>
        </COMPONENT>
        <COMPONENT LinkID="64" Class="NiSceneGraphComponent" Name="Scene Graph" MasterLinkID="60" />
        <COMPONENT LinkID="65" Class="NiGeneralComponent" Name="Hide Object" TemplateID="f6,46,16,db,61,92,23,47,b5,4a,da,2d,42,d7,85,b9" MasterLinkID="61" />
        <COMPONENT LinkID="66" Class="NiGeneralComponent" Name="GlowMap" TemplateID="c,37,ef,c9,e6,13,8,4b,86,49,c3,29,48,1b,b2,c8" MasterLinkID="62" />
        <ENTITY LinkID="67" Class="NiGeneralEntity" Name="Nature_IceCrystal1001_01 02" Type="Object" UsePhysX="FALSE" PostfixTexture="" Optimization="0" AlphaGroup="1" RandomAni="FALSE" TemplateID="a3,f5,99,b1,c5,62,11,48,a1,b6,23,35,56,e7,90,c3" MasterLinkID="17">
            <COMPONENT RefLinkID="68" />
            <COMPONENT RefLinkID="69" />
            <COMPONENT RefLinkID="70" />
            <COMPONENT RefLinkID="71" />
        </ENTITY>
        <COMPONENT LinkID="68" Class="NiTransformationComponent" Name="Transformation">
            <PROPERTY Class="Point3" Name="Translation">1368.8812255859375000, -1708.3327636718750000, -40.4718589782714840</PROPERTY>
            <PROPERTY Class="Matrix3" Name="Rotation">
                <ROW>0.8622242808341980, 0.4585922360420227, 0.2150872945785523</ROW>
                <ROW>-0.4449566900730133, 0.8886468410491943, -0.1109972596168518</ROW>
                <ROW>-0.2420391142368317, 0.0000000000000000, 0.9702665209770203</ROW>
            </PROPERTY>
            <PROPERTY Class="Float" Name="Scale">0.3086675107479096</PROPERTY>
        </COMPONENT>
        <COMPONENT LinkID="69" Class="NiSceneGraphComponent" Name="Scene Graph" MasterLinkID="19" />
        <COMPONENT LinkID="70" Class="NiGeneralComponent" Name="Hide Object" TemplateID="f6,46,16,db,61,92,23,47,b5,4a,da,2d,42,d7,85,b9" MasterLinkID="20" />
        <COMPONENT LinkID="71" Class="NiGeneralComponent" Name="GlowMap" TemplateID="c,37,ef,c9,e6,13,8,4b,86,49,c3,29,48,1b,b2,c8" MasterLinkID="21" />
        <ENTITY LinkID="72" Class="NiGeneralEntity" Name="Nature_IceCrystal1001_01 29" Type="Object" UsePhysX="FALSE" PostfixTexture="" Optimization="0" AlphaGroup="1" RandomAni="FALSE" TemplateID="a3,f5,99,b1,c5,62,11,48,a1,b6,23,35,56,e7,90,c3" MasterLinkID="17">
            <COMPONENT RefLinkID="73" />
            <COMPONENT RefLinkID="74" />
            <COMPONENT RefLinkID="75" />
            <COMPONENT RefLinkID="76" />
        </ENTITY>
        <COMPONENT LinkID="73" Class="NiTransformationComponent" Name="Transformation">
            <PROPERTY Class="Point3" Name="Translation">-405.5167236328125000, 1765.5509033203125000, 80.8350524902343750</PROPERTY>
            <PROPERTY Class="Matrix3" Name="Rotation">
                <ROW>0.5928285717964172, 0.7986497282981873, 0.1035033613443375</ROW>
                <ROW>-0.8051960468292236, 0.5854817032814026, 0.0941843539476395</ROW>
                <ROW>0.0146210780367255, -0.1391756087541580, 0.9901598691940308</ROW>
            </PROPERTY>
            <PROPERTY Class="Float" Name="Scale">1.0820275545120239</PROPERTY>
        </COMPONENT>
        <COMPONENT LinkID="74" Class="NiSceneGraphComponent" Name="Scene Graph" MasterLinkID="19" />
        <COMPONENT LinkID="75" Class="NiGeneralComponent" Name="Hide Object" TemplateID="f6,46,16,db,61,92,23,47,b5,4a,da,2d,42,d7,85,b9" MasterLinkID="20" />
        <COMPONENT LinkID="76" Class="NiGeneralComponent" Name="GlowMap" TemplateID="c,37,ef,c9,e6,13,8,4b,86,49,c3,29,48,1b,b2,c8" MasterLinkID="21" />
        <ENTITY LinkID="77" Class="NiGeneralEntity" Name="Nature_Bgrass3001_01 23" Type="Object" UsePhysX="FALSE" PostfixTexture="_T01" Optimization="0" AlphaGroup="1" RandomAni="FALSE" TemplateID="f,85,6b,4c,52,72,f6,49,b6,c0,aa,42,64,b0,af,81" MasterLinkID="1">
            <COMPONENT RefLinkID="78" />
            <COMPONENT RefLinkID="79" />
            <COMPONENT RefLinkID="80" />
        </ENTITY>
        <COMPONENT LinkID="78" Class="NiTransformationComponent" Name="Transformation">
            <PROPERTY Class="Point3" Name="Translation">627.0231323242187500, 35.1167297363281250, 17.2066917419433590</PROPERTY>
            <PROPERTY Class="Matrix3" Name="Rotation">
                <ROW>0.9526690840721130, -0.1207371056079865, 0.2790058255195618</ROW>
                <ROW>0.1353389322757721, 0.9902291893959045, -0.0336052998900414</ROW>
                <ROW>-0.2722223401069641, 0.0697750896215439, 0.9597012996673584</ROW>
            </PROPERTY>
            <PROPERTY Class="Float" Name="Scale">2.1856036186218262</PROPERTY>
        </COMPONENT>
        <COMPONENT LinkID="79" Class="NiSceneGraphComponent" Name="Scene Graph" MasterLinkID="3" />
        <COMPONENT LinkID="80" Class="NiGeneralComponent" Name="Hide Object" TemplateID="f6,46,16,db,61,92,23,47,b5,4a,da,2d,42,d7,85,b9" MasterLinkID="4" />
        <ENTITY LinkID="81" Class="NiGeneralEntity" Name="Nature_IceCrystal1001_01 34" Type="Object" UsePhysX="FALSE" PostfixTexture="" Optimization="0" AlphaGroup="1" RandomAni="FALSE" TemplateID="a3,f5,99,b1,c5,62,11,48,a1,b6,23,35,56,e7,90,c3" MasterLinkID="17">
            <COMPONENT RefLinkID="82" />
            <COMPONENT RefLinkID="83" />
            <COMPONENT RefLinkID="84" />
            <COMPONENT RefLinkID="85" />
        </ENTITY>
        <COMPONENT LinkID="82" Class="NiTransformationComponent" Name="Transformation">
            <PROPERTY Class="Point3" Name="Translation">-575.7918090820312500, 1018.0368652343750000, 258.0666809082031200</PROPERTY>
            <PROPERTY Class="Matrix3" Name="Rotation">
                <ROW>-0.9193316698074341, -0.3635099530220032, -0.1506315618753433</ROW>
                <ROW>0.2469835728406906, -0.8311026692390442, 0.4982643425464630</ROW>
                <ROW>-0.3063143789768219, 0.4208665788173676, 0.8538400530815125</ROW>
            </PROPERTY>
            <PROPERTY Class="Float" Name="Scale">0.2645437121391296</PROPERTY>
        </COMPONENT>
        <COMPONENT LinkID="83" Class="NiSceneGraphComponent" Name="Scene Graph" MasterLinkID="19" />
        <COMPONENT LinkID="84" Class="NiGeneralComponent" Name="Hide Object" TemplateID="f6,46,16,db,61,92,23,47,b5,4a,da,2d,42,d7,85,b9" MasterLinkID="20" />
        <COMPONENT LinkID="85" Class="NiGeneralComponent" Name="GlowMap" TemplateID="c,37,ef,c9,e6,13,8,4b,86,49,c3,29,48,1b,b2,c8" MasterLinkID="21" />
        <ENTITY LinkID="86" Class="NiGeneralEntity" Name="Nature_IceCrystal1001_01 20" Type="Object" UsePhysX="FALSE" PostfixTexture="" Optimization="0" AlphaGroup="1" RandomAni="FALSE" TemplateID="a3,f5,99,b1,c5,62,11,48,a1,b6,23,35,56,e7,90,c3" MasterLinkID="17">
            <COMPONENT RefLinkID="87" />
            <COMPONENT RefLinkID="88" />
            <COMPONENT RefLinkID="89" />
            <COMPONENT RefLinkID="90" />
        </ENTITY>
        <COMPONENT LinkID="87" Class="NiTransformationComponent" Name="Transformation">
            <PROPERTY Class="Point3" Name="Translation">407.4773254394531200, 228.1179809570312500, 306.3036499023437500</PROPERTY>
            <PROPERTY Class="Matrix3" Name="Rotation">
                <ROW>0.1900046616792679, 0.9808904528617859, 0.0418553948402405</ROW>
                <ROW>-0.9269106388092041, 0.1932749599218369, -0.3216853141784668</ROW>
                <ROW>-0.3236277699470520, 0.0223254859447479, 0.9459210038185120</ROW>
            </PROPERTY>
            <PROPERTY Class="Float" Name="Scale">0.1480827480554581</PROPERTY>
        </COMPONENT>
        <COMPONENT LinkID="88" Class="NiSceneGraphComponent" Name="Scene Graph" MasterLinkID="19" />
        <COMPONENT LinkID="89" Class="NiGeneralComponent" Name="Hide Object" TemplateID="f6,46,16,db,61,92,23,47,b5,4a,da,2d,42,d7,85,b9" MasterLinkID="20" />
        <COMPONENT LinkID="90" Class="NiGeneralComponent" Name="GlowMap" TemplateID="c,37,ef,c9,e6,13,8,4b,86,49,c3,29,48,1b,b2,c8" MasterLinkID="21" />
        <ENTITY LinkID="91" Class="NiGeneralEntity" Name="Nature_TreeStageRound1002_01 01" Type="Object" UsePhysX="FALSE" PostfixTexture="" Optimization="0" AlphaGroup="3" RandomAni="FALSE" TemplateID="4a,6b,62,84,2f,5b,f5,44,9b,64,48,64,8,55,95,d8" MasterLinkID="92">
            <COMPONENT RefLinkID="97" />
            <COMPONENT RefLinkID="98" />
            <COMPONENT RefLinkID="99" />
            <COMPONENT RefLinkID="100" />
        </ENTITY>
        <ENTITY LinkID="92" Class="NiGeneralEntity" Name="[Block]030200.Nature_TreeStageRound1002_01" TemplateID="4a,6b,62,84,2f,5b,f5,44,9b,64,48,64,8,55,95,d8">
            <COMPONENT RefLinkID="93" />
            <COMPONENT RefLinkID="94" />
            <COMPONENT RefLinkID="95" />
            <COMPONENT RefLinkID="96" />
        </ENTITY>
        <COMPONENT LinkID="93" Class="NiTransformationComponent" Name="Transformation">
            <PROPERTY Class="Point3" Name="Translation">0.0000000000000000, 0.0000000000000000, 0.0000000000000000</PROPERTY>
            <PROPERTY Class="Matrix3" Name="Rotation">
                <ROW>1.0000000000000000, 0.0000000000000000, 0.0000000000000000</ROW>
                <ROW>0.0000000000000000, 1.0000000000000000, 0.0000000000000000</ROW>
                <ROW>0.0000000000000000, 0.0000000000000000, 1.0000000000000000</ROW>
            </PROPERTY>
            <PROPERTY Class="Float" Name="Scale">1.0000000000000000</PROPERTY>
        </COMPONENT>
        <COMPONENT LinkID="94" Class="NiSceneGraphComponent" Name="Scene Graph">
            <PROPERTY Class="String" Name="NIF File Path" Asset="TRUE">.\..\02_Modeling\Block\030200\Nature_TreeStageRound1002_01.nif</PROPERTY>
        </COMPONENT>
        <COMPONENT LinkID="95" Class="NiGeneralComponent" Name="GlowMap" TemplateID="c,37,ef,c9,e6,13,8,4b,86,49,c3,29,48,1b,b2,c8">
            <PROPERTY Class="Boolean" Name="Enable" SemanticType="Boolean" DisplayName="Enable" Description="">FALSE</PROPERTY>
        </COMPONENT>
        <COMPONENT LinkID="96" Class="NiGeneralComponent" Name="Hide Object" TemplateID="f6,46,16,db,61,92,23,47,b5,4a,da,2d,42,d7,85,b9">
            <PROPERTY Class="Float" Name="Alpha Value" SemanticType="Float" DisplayName="Alpha Value" Description="">0.4000000059604645</PROPERTY>
            <PROPERTY Class="Boolean" Name="Alpha Enable" SemanticType="Boolean" DisplayName="Alpha Enable" Description="">TRUE</PROPERTY>
            <PROPERTY Class="Boolean" Name="Hide Object" SemanticType="Boolean" DisplayName="Hide Object" Description="">TRUE</PROPERTY>
        </COMPONENT>
        <COMPONENT LinkID="97" Class="NiTransformationComponent" Name="Transformation">
            <PROPERTY Class="Point3" Name="Translation">808.6954956054687500, -2.9009704589843750, 1.5749282836914063</PROPERTY>
            <PROPERTY Class="Matrix3" Name="Rotation">
                <ROW>0.8809208273887634, 0.4732636511325836, 0.0000000000000000</ROW>
                <ROW>-0.4709897637367249, 0.8766883015632629, -0.0979096442461014</ROW>
                <ROW>-0.0463370755314827, 0.0862506479024887, 0.9951953291893005</ROW>
            </PROPERTY>
            <PROPERTY Class="Float" Name="Scale">1.1906689405441284</PROPERTY>
        </COMPONENT>
        <COMPONENT LinkID="98" Class="NiSceneGraphComponent" Name="Scene Graph" MasterLinkID="94" />
        <COMPONENT LinkID="99" Class="NiGeneralComponent" Name="GlowMap" TemplateID="c,37,ef,c9,e6,13,8,4b,86,49,c3,29,48,1b,b2,c8" MasterLinkID="95" />
        <COMPONENT LinkID="100" Class="NiGeneralComponent" Name="Hide Object" TemplateID="f6,46,16,db,61,92,23,47,b5,4a,da,2d,42,d7,85,b9" MasterLinkID="96" />
        <ENTITY LinkID="101" Class="NiGeneralEntity" Name="Nature_IceCrystal1001_01 28" Type="Object" UsePhysX="FALSE" PostfixTexture="" Optimization="0" AlphaGroup="1" RandomAni="FALSE" TemplateID="a3,f5,99,b1,c5,62,11,48,a1,b6,23,35,56,e7,90,c3" MasterLinkID="17">
            <COMPONENT RefLinkID="102" />
            <COMPONENT RefLinkID="103" />
            <COMPONENT RefLinkID="104" />
            <COMPONENT RefLinkID="105" />
        </ENTITY>
        <COMPONENT LinkID="102" Class="NiTransformationComponent" Name="Transformation">
            <PROPERTY Class="Point3" Name="Translation">-263.5791625976562500, 1103.0704345703125000, 250.3701477050781200</PROPERTY>
            <PROPERTY Class="Matrix3" Name="Rotation">
                <ROW>-0.9510895609855652, -0.2091240584850311, 0.2273673862218857</ROW>
                <ROW>0.2495306134223938, -0.9539672136306763, 0.1663756519556046</ROW>
                <ROW>0.1821078360080719, 0.2149732857942581, 0.9594911932945252</ROW>
            </PROPERTY>
            <PROPERTY Class="Float" Name="Scale">0.3247806429862976</PROPERTY>
        </COMPONENT>
        <COMPONENT LinkID="103" Class="NiSceneGraphComponent" Name="Scene Graph" MasterLinkID="19" />
        <COMPONENT LinkID="104" Class="NiGeneralComponent" Name="Hide Object" TemplateID="f6,46,16,db,61,92,23,47,b5,4a,da,2d,42,d7,85,b9" MasterLinkID="20" />
        <COMPONENT LinkID="105" Class="NiGeneralComponent" Name="GlowMap" TemplateID="c,37,ef,c9,e6,13,8,4b,86,49,c3,29,48,1b,b2,c8" MasterLinkID="21" />
        <ENTITY LinkID="106" Class="NiGeneralEntity" Name="Nature_IceCrystal1001_01 04" Type="Object" UsePhysX="FALSE" PostfixTexture="" Optimization="0" AlphaGroup="1" RandomAni="FALSE" TemplateID="a3,f5,99,b1,c5,62,11,48,a1,b6,23,35,56,e7,90,c3" MasterLinkID="17">
            <COMPONENT RefLinkID="107" />
            <COMPONENT RefLinkID="108" />
            <COMPONENT RefLinkID="109" />
            <COMPONENT RefLinkID="110" />
        </ENTITY>
        <COMPONENT LinkID="107" Class="NiTransformationComponent" Name="Transformation">
            <PROPERTY Class="Point3" Name="Translation">1310.2027587890625000, -1717.8924560546875000, -49.4981842041015630</PROPERTY>
            <PROPERTY Class="Matrix3" Name="Rotation">
                <ROW>0.9200770854949951, -0.2393885999917984, -0.3100827932357788</ROW>
                <ROW>0.2076847851276398, 0.9692447185516357, -0.1320295035839081</ROW>
                <ROW>0.3321524560451508, 0.0570778250694275, 0.9414971470832825</ROW>
            </PROPERTY>
            <PROPERTY Class="Float" Name="Scale">0.2451012581586838</PROPERTY>
        </COMPONENT>
        <COMPONENT LinkID="108" Class="NiSceneGraphComponent" Name="Scene Graph" MasterLinkID="19" />
        <COMPONENT LinkID="109" Class="NiGeneralComponent" Name="Hide Object" TemplateID="f6,46,16,db,61,92,23,47,b5,4a,da,2d,42,d7,85,b9" MasterLinkID="20" />
        <COMPONENT LinkID="110" Class="NiGeneralComponent" Name="GlowMap" TemplateID="c,37,ef,c9,e6,13,8,4b,86,49,c3,29,48,1b,b2,c8" MasterLinkID="21" />
        <ENTITY LinkID="111" Class="NiGeneralEntity" Name="Nature_IceCrystal1001_01 31" Type="Object" UsePhysX="FALSE" PostfixTexture="" Optimization="0" AlphaGroup="1" RandomAni="FALSE" TemplateID="a3,f5,99,b1,c5,62,11,48,a1,b6,23,35,56,e7,90,c3" MasterLinkID="17">
            <COMPONENT RefLinkID="112" />
            <COMPONENT RefLinkID="113" />
            <COMPONENT RefLinkID="114" />
            <COMPONENT RefLinkID="115" />
        </ENTITY>
        <COMPONENT LinkID="112" Class="NiTransformationComponent" Name="Transformation">
            <PROPERTY Class="Point3" Name="Translation">-630.9375000000000000, 2058.3483886718750000, 218.3795776367187500</PROPERTY>
            <PROPERTY Class="Matrix3" Name="Rotation">
                <ROW>-0.8987046480178833, 0.0882209241390228, -0.4295893907546997</ROW>
                <ROW>-0.3354221880435944, -0.7693274617195129, 0.5437160134315491</ROW>
                <ROW>-0.2825277745723724, 0.6327338814735413, 0.7209894657135010</ROW>
            </PROPERTY>
