<?xml version="1.0" ?>
<GSA Major="1" Minor="0" Patch="0">
    <PALETTES_DIRECTORY>
        <PALETTE_DIR IDX="0" DIRECTORY=".\..\..\..\93_EventMap\01_Level\..\..\Palettes\" />
    </PALETTES_DIRECTORY>
    <PALETTES>
        <PALETTE NAME="Block" DIR_IDX="0" />
        <PALETTE NAME="Event" DIR_IDX="0" />
        <PALETTE NAME="Object" DIR_IDX="0" />
        <PALETTE NAME="General" DIR_IDX="0" />
        <PALETTE NAME="Effect" DIR_IDX="0" />
        <PALETTE NAME="KFM_Trap" DIR_IDX="0" />
        <PALETTE NAME="Monster" DIR_IDX="0" />
    </PALETTES>
    <OBJECTS>
        <ENTITY LinkID="0" Class="NiGeneralEntity" Name="breath_L_bottom" Type="Trigger" UsePhysX="TRUE" PostfixTexture="" Optimization="0" AlphaGroup="5" RandomAni="FALSE" TemplateID="68,68,77,b7,91,20,15,4e,ab,da,e,46,40,60,de,93" MasterLinkID="1">
            <COMPONENT RefLinkID="4" />
            <COMPONENT RefLinkID="5" />
        </ENTITY>
        <ENTITY LinkID="1" Class="NiGeneralEntity" Name="[General]Object.Kinematic30_noc_Cylinder" TemplateID="68,68,77,b7,91,20,15,4e,ab,da,e,46,40,60,de,93">
            <COMPONENT RefLinkID="2" />
            <COMPONENT RefLinkID="3" />
        </ENTITY>
        <COMPONENT LinkID="2" Class="NiTransformationComponent" Name="Transformation">
            <PROPERTY Class="Point3" Name="Translation">0.0000000000000000, 0.0000000000000000, 0.0000000000000000</PROPERTY>
            <PROPERTY Class="Matrix3" Name="Rotation">
                <ROW>1.0000000000000000, 0.0000000000000000, 0.0000000000000000</ROW>
                <ROW>0.0000000000000000, 1.0000000000000000, 0.0000000000000000</ROW>
                <ROW>0.0000000000000000, 0.0000000000000000, 1.0000000000000000</ROW>
            </PROPERTY>
            <PROPERTY Class="Float" Name="Scale">1.0000000000000000</PROPERTY>
        </COMPONENT>
        <COMPONENT LinkID="3" Class="NiSceneGraphComponent" Name="Scene Graph">
            <PROPERTY Class="String" Name="NIF File Path" Asset="TRUE">.\..\..\..\Palettes\Kinematic30_noc_Cylinder.nif</PROPERTY>
        </COMPONENT>
        <COMPONENT LinkID="4" Class="NiTransformationComponent" Name="Transformation">
            <PROPERTY Class="Point3" Name="Translation">-661.6655273437500000, -409.7507934570312500, 0.0000000000000000</PROPERTY>
            <PROPERTY Class="Matrix3" Name="Rotation">
                <ROW>1.0000000000000000, 0.0000000000000000, 0.0000000000000000</ROW>
                <ROW>0.0000000000000000, 1.0000000000000000, 0.0000000000000000</ROW>
                <ROW>0.0000000000000000, 0.0000000000000000, 1.0000000000000000</ROW>
            </PROPERTY>
            <PROPERTY Class="Float" Name="Scale">1.0000000000000000</PROPERTY>
        </COMPONENT>
        <COMPONENT LinkID="5" Class="NiSceneGraphComponent" Name="Scene Graph" MasterLinkID="3" />
        <ENTITY LinkID="6" Class="NiGeneralEntity" Name="breath_L_top" Type="Trigger" UsePhysX="TRUE" PostfixTexture="" Optimization="0" AlphaGroup="5" RandomAni="FALSE" TemplateID="68,68,77,b7,91,20,15,4e,ab,da,e,46,40,60,de,93" MasterLinkID="1">
            <COMPONENT RefLinkID="7" />
            <COMPONENT RefLinkID="8" />
        </ENTITY>
        <COMPONENT LinkID="7" Class="NiTransformationComponent" Name="Transformation">
            <PROPERTY Class="Point3" Name="Translation">-646.1765136718750000, 426.1142883300781200, 0.0000000000000000</PROPERTY>
            <PROPERTY Class="Matrix3" Name="Rotation">
                <ROW>1.0000000000000000, 0.0000000000000000, 0.0000000000000000</ROW>
                <ROW>0.0000000000000000, 1.0000000000000000, 0.0000000000000000</ROW>
                <ROW>0.0000000000000000, 0.0000000000000000, 1.0000000000000000</ROW>
            </PROPERTY>
            <PROPERTY Class="Float" Name="Scale">1.0000000000000000</PROPERTY>
        </COMPONENT>
        <COMPONENT LinkID="8" Class="NiSceneGraphComponent" Name="Scene Graph" MasterLinkID="3" />
        <ENTITY LinkID="9" Class="NiGeneralEntity" Name="breath_R_bottom" Type="Trigger" UsePhysX="TRUE" PostfixTexture="" Optimization="0" AlphaGroup="5" RandomAni="FALSE" TemplateID="68,68,77,b7,91,20,15,4e,ab,da,e,46,40,60,de,93" MasterLinkID="1">
            <COMPONENT RefLinkID="10" />
            <COMPONENT RefLinkID="11" />
        </ENTITY>
        <COMPONENT LinkID="10" Class="NiTransformationComponent" Name="Transformation">
            <PROPERTY Class="Point3" Name="Translation">687.8514404296875000, -409.7507629394531300, 0.0000000000000000</PROPERTY>
            <PROPERTY Class="Matrix3" Name="Rotation">
                <ROW>1.0000000000000000, 0.0000000000000000, 0.0000000000000000</ROW>
                <ROW>0.0000000000000000, 1.0000000000000000, 0.0000000000000000</ROW>
                <ROW>0.0000000000000000, 0.0000000000000000, 1.0000000000000000</ROW>
            </PROPERTY>
            <PROPERTY Class="Float" Name="Scale">1.0000000000000000</PROPERTY>
        </COMPONENT>
        <COMPONENT LinkID="11" Class="NiSceneGraphComponent" Name="Scene Graph" MasterLinkID="3" />
        <ENTITY LinkID="12" Class="NiGeneralEntity" Name="breath_R_top" Type="Trigger" UsePhysX="TRUE" PostfixTexture="" Optimization="0" AlphaGroup="5" RandomAni="FALSE" TemplateID="68,68,77,b7,91,20,15,4e,ab,da,e,46,40,60,de,93" MasterLinkID="1">
            <COMPONENT RefLinkID="13" />
            <COMPONENT RefLinkID="14" />
        </ENTITY>
        <COMPONENT LinkID="13" Class="NiTransformationComponent" Name="Transformation">
            <PROPERTY Class="Point3" Name="Translation">694.1995849609375000, 426.1142883300781200, 0.0000000000000000</PROPERTY>
            <PROPERTY Class="Matrix3" Name="Rotation">
                <ROW>1.0000000000000000, 0.0000000000000000, 0.0000000000000000</ROW>
                <ROW>0.0000000000000000, 1.0000000000000000, 0.0000000000000000</ROW>
                <ROW>0.0000000000000000, 0.0000000000000000, 1.0000000000000000</ROW>
            </PROPERTY>
            <PROPERTY Class="Float" Name="Scale">1.0000000000000000</PROPERTY>
        </COMPONENT>
        <COMPONENT LinkID="14" Class="NiSceneGraphComponent" Name="Scene Graph" MasterLinkID="3" />
        <ENTITY LinkID="15" Class="NiGeneralEntity" Name="Natere_Featherpalm2001_01 09" Type="Object" UsePhysX="FALSE" PostfixTexture="" Optimization="0" AlphaGroup="1" RandomAni="TRUE" TemplateID="a0,24,17,88,d7,b6,f8,48,97,d5,7a,d0,e1,80,86,8" MasterLinkID="16">
            <COMPONENT RefLinkID="21" />
            <COMPONENT RefLinkID="22" />
            <COMPONENT RefLinkID="23" />
            <COMPONENT RefLinkID="24" />
        </ENTITY>
        <ENTITY LinkID="16" Class="NiGeneralEntity" Name="[Object]Tree.Natere_Featherpalm2001_01" TemplateID="a0,24,17,88,d7,b6,f8,48,97,d5,7a,d0,e1,80,86,8">
            <COMPONENT RefLinkID="17" />
            <COMPONENT RefLinkID="18" />
            <COMPONENT RefLinkID="19" />
            <COMPONENT RefLinkID="20" />
        </ENTITY>
        <COMPONENT LinkID="17" Class="NiTransformationComponent" Name="Transformation">
            <PROPERTY Class="Point3" Name="Translation">0.0000000000000000, 0.0000000000000000, 0.0000000000000000</PROPERTY>
            <PROPERTY Class="Matrix3" Name="Rotation">
                <ROW>1.0000000000000000, 0.0000000000000000, 0.0000000000000000</ROW>
                <ROW>0.0000000000000000, 1.0000000000000000, 0.0000000000000000</ROW>
                <ROW>0.0000000000000000, 0.0000000000000000, 1.0000000000000000</ROW>
            </PROPERTY>
            <PROPERTY Class="Float" Name="Scale">1.0000000000000000</PROPERTY>
        </COMPONENT>
        <COMPONENT LinkID="18" Class="NiSceneGraphComponent" Name="Scene Graph">
            <PROPERTY Class="String" Name="NIF File Path" Asset="TRUE">.\..\..\..\00_Object\Tree\Natere_Featherpalm2001_01.nif</PROPERTY>
        </COMPONENT>
        <COMPONENT LinkID="19" Class="NiGeneralComponent" Name="Animation Object" TemplateID="c5,83,7b,6f,ea,53,7d,45,95,5a,2e,ab,38,28,a5,76">
            <PROPERTY Class="Float" Name="Phase" SemanticType="Float" DisplayName="Phase" Description="">-1000.0000000000000000</PROPERTY>
        </COMPONENT>
        <COMPONENT LinkID="20" Class="NiGeneralComponent" Name="Hide Object" TemplateID="f6,46,16,db,61,92,23,47,b5,4a,da,2d,42,d7,85,b9">
            <PROPERTY Class="Float" Name="Alpha Value" SemanticType="Float" DisplayName="Alpha Value" Description="">0.4000000059604645</PROPERTY>
            <PROPERTY Class="Boolean" Name="Alpha Enable" SemanticType="Boolean" DisplayName="Alpha Enable" Description="">FALSE</PROPERTY>
            <PROPERTY Class="Boolean" Name="Hide Object" SemanticType="Boolean" DisplayName="Hide Object" Description="">FALSE</PROPERTY>
        </COMPONENT>
        <COMPONENT LinkID="21" Class="NiTransformationComponent" Name="Transformation">
            <PROPERTY Class="Point3" Name="Translation">21060.2675781250000000, 242.6401367187500000, -82.0952148437500000</PROPERTY>
            <PROPERTY Class="Matrix3" Name="Rotation">
                <ROW>0.8211804032325745, 0.5706685185432434, 0.0000000000000000</ROW>
                <ROW>-0.5706685185432434, 0.8211804032325745, 0.0000000000000000</ROW>
                <ROW>0.0000000000000000, 0.0000000000000000, 1.0000000000000000</ROW>
            </PROPERTY>
            <PROPERTY Class="Float" Name="Scale">1.0000000000000000</PROPERTY>
        </COMPONENT>
        <COMPONENT LinkID="22" Class="NiSceneGraphComponent" Name="Scene Graph" MasterLinkID="18" />
        <COMPONENT LinkID="23" Class="NiGeneralComponent" Name="Animation Object" TemplateID="c5,83,7b,6f,ea,53,7d,45,95,5a,2e,ab,38,28,a5,76" MasterLinkID="19" />
        <COMPONENT LinkID="24" Class="NiGeneralComponent" Name="Hide Object" TemplateID="f6,46,16,db,61,92,23,47,b5,4a,da,2d,42,d7,85,b9" MasterLinkID="20">
            <PROPERTY Class="Boolean" Name="Alpha Enable" SemanticType="Boolean" DisplayName="Alpha Enable" Description="">FALSE</PROPERTY>
        </COMPONENT>
        <ENTITY LinkID="25" Class="NiGeneralEntity" Name="Natere_FeatherpalmGrass1001_01 43" Type="Object" UsePhysX="FALSE" PostfixTexture="" Optimization="2" AlphaGroup="1" RandomAni="FALSE" TemplateID="30,74,25,86,d8,e6,3d,45,b3,43,2d,89,2f,36,d8,3a" MasterLinkID="26">
            <COMPONENT RefLinkID="30" />
            <COMPONENT RefLinkID="31" />
            <COMPONENT RefLinkID="32" />
        </ENTITY>
        <ENTITY LinkID="26" Class="NiGeneralEntity" Name="[Object]Grass.Natere_FeatherpalmGrass1001_01" TemplateID="30,74,25,86,d8,e6,3d,45,b3,43,2d,89,2f,36,d8,3a">
            <COMPONENT RefLinkID="27" />
            <COMPONENT RefLinkID="28" />
            <COMPONENT RefLinkID="29" />
        </ENTITY>
        <COMPONENT LinkID="27" Class="NiTransformationComponent" Name="Transformation">
            <PROPERTY Class="Point3" Name="Translation">0.0000000000000000, 0.0000000000000000, 0.0000000000000000</PROPERTY>
            <PROPERTY Class="Matrix3" Name="Rotation">
                <ROW>1.0000000000000000, 0.0000000000000000, 0.0000000000000000</ROW>
                <ROW>0.0000000000000000, 1.0000000000000000, 0.0000000000000000</ROW>
                <ROW>0.0000000000000000, 0.0000000000000000, 1.0000000000000000</ROW>
            </PROPERTY>
            <PROPERTY Class="Float" Name="Scale">1.0000000000000000</PROPERTY>
        </COMPONENT>
        <COMPONENT LinkID="28" Class="NiSceneGraphComponent" Name="Scene Graph">
            <PROPERTY Class="String" Name="NIF File Path" Asset="TRUE">.\..\..\..\00_Object\Grass\Natere_FeatherpalmGrass1001_01.nif</PROPERTY>
        </COMPONENT>
        <COMPONENT LinkID="29" Class="NiGeneralComponent" Name="Hide Object" TemplateID="f6,46,16,db,61,92,23,47,b5,4a,da,2d,42,d7,85,b9">
            <PROPERTY Class="Float" Name="Alpha Value" SemanticType="Float" DisplayName="Alpha Value" Description="">0.4000000059604645</PROPERTY>
            <PROPERTY Class="Boolean" Name="Alpha Enable" SemanticType="Boolean" DisplayName="Alpha Enable" Description="">FALSE</PROPERTY>
            <PROPERTY Class="Boolean" Name="Hide Object" SemanticType="Boolean" DisplayName="Hide Object" Description="">FALSE</PROPERTY>
        </COMPONENT>
        <COMPONENT LinkID="30" Class="NiTransformationComponent" Name="Transformation">
            <PROPERTY Class="Point3" Name="Translation">21055.1093750000000000, 188.2976837158203100, -73.4890899658203130</PROPERTY>
            <PROPERTY Class="Matrix3" Name="Rotation">
                <ROW>-0.1526281833648682, 0.9882837533950806, 0.0000000000000000</ROW>
                <ROW>-0.9882837533950806, -0.1526281833648682, 0.0000000000000000</ROW>
                <ROW>0.0000000000000000, 0.0000000000000000, 1.0000000000000000</ROW>
            </PROPERTY>
            <PROPERTY Class="Float" Name="Scale">0.6083940863609314</PROPERTY>
        </COMPONENT>
        <COMPONENT LinkID="31" Class="NiSceneGraphComponent" Name="Scene Graph" MasterLinkID="28" />
        <COMPONENT LinkID="32" Class="NiGeneralComponent" Name="Hide Object" TemplateID="f6,46,16,db,61,92,23,47,b5,4a,da,2d,42,d7,85,b9" MasterLinkID="29" />
        <ENTITY LinkID="33" Class="NiGeneralEntity" Name="Natere_Featherpalm2002_01 08" Type="Object" UsePhysX="FALSE" PostfixTexture="" Optimization="2" AlphaGroup="1" RandomAni="TRUE" TemplateID="e7,95,99,ca,dc,98,5f,45,87,75,9a,8b,22,f9,d2,dc" MasterLinkID="34">
            <COMPONENT RefLinkID="38" />
            <COMPONENT RefLinkID="39" />
            <COMPONENT RefLinkID="40" />
            <COMPONENT RefLinkID="41" />
        </ENTITY>
        <ENTITY LinkID="34" Class="NiGeneralEntity" Name="[Object]Tree.Natere_Featherpalm2002_01" TemplateID="e7,95,99,ca,dc,98,5f,45,87,75,9a,8b,22,f9,d2,dc">
            <COMPONENT RefLinkID="35" />
            <COMPONENT RefLinkID="36" />
            <COMPONENT RefLinkID="19" />
            <COMPONENT RefLinkID="37" />
        </ENTITY>
        <COMPONENT LinkID="35" Class="NiTransformationComponent" Name="Transformation">
            <PROPERTY Class="Point3" Name="Translation">0.0000000000000000, 0.0000000000000000, 0.0000000000000000</PROPERTY>
            <PROPERTY Class="Matrix3" Name="Rotation">
                <ROW>1.0000000000000000, 0.0000000000000000, 0.0000000000000000</ROW>
                <ROW>0.0000000000000000, 1.0000000000000000, 0.0000000000000000</ROW>
                <ROW>0.0000000000000000, 0.0000000000000000, 1.0000000000000000</ROW>
            </PROPERTY>
            <PROPERTY Class="Float" Name="Scale">1.0000000000000000</PROPERTY>
        </COMPONENT>
        <COMPONENT LinkID="36" Class="NiSceneGraphComponent" Name="Scene Graph">
            <PROPERTY Class="String" Name="NIF File Path" Asset="TRUE">.\..\..\..\00_Object\Tree\Natere_Featherpalm2002_01.nif</PROPERTY>
        </COMPONENT>
        <COMPONENT LinkID="37" Class="NiGeneralComponent" Name="Hide Object" TemplateID="f6,46,16,db,61,92,23,47,b5,4a,da,2d,42,d7,85,b9">
            <PROPERTY Class="Float" Name="Alpha Value" SemanticType="Float" DisplayName="Alpha Value" Description="">0.4000000059604645</PROPERTY>
            <PROPERTY Class="Boolean" Name="Alpha Enable" SemanticType="Boolean" DisplayName="Alpha Enable" Description="">FALSE</PROPERTY>
            <PROPERTY Class="Boolean" Name="Hide Object" SemanticType="Boolean" DisplayName="Hide Object" Description="">FALSE</PROPERTY>
        </COMPONENT>
        <COMPONENT LinkID="38" Class="NiTransformationComponent" Name="Transformation">
            <PROPERTY Class="Point3" Name="Translation">20419.1914062500000000, 409.3481445312500000, -69.8816986083984380</PROPERTY>
            <PROPERTY Class="Matrix3" Name="Rotation">
                <ROW>0.9587298631668091, 0.2843184471130371, 0.0000000000000000</ROW>
                <ROW>-0.2843184471130371, 0.9587298631668091, 0.0000000000000000</ROW>
                <ROW>0.0000000000000000, 0.0000000000000000, 1.0000000000000000</ROW>
            </PROPERTY>
            <PROPERTY Class="Float" Name="Scale">1.0000000000000000</PROPERTY>
        </COMPONENT>
        <COMPONENT LinkID="39" Class="NiSceneGraphComponent" Name="Scene Graph" MasterLinkID="36" />
        <COMPONENT LinkID="40" Class="NiGeneralComponent" Name="Animation Object" TemplateID="c5,83,7b,6f,ea,53,7d,45,95,5a,2e,ab,38,28,a5,76" MasterLinkID="19" />
        <COMPONENT LinkID="41" Class="NiGeneralComponent" Name="Hide Object" TemplateID="f6,46,16,db,61,92,23,47,b5,4a,da,2d,42,d7,85,b9" MasterLinkID="37" />
        <ENTITY LinkID="42" Class="NiGeneralEntity" Name="Nature_SeaStar2001_08 03" Type="Object" UsePhysX="FALSE" PostfixTexture="" Optimization="2" AlphaGroup="1" RandomAni="FALSE" TemplateID="2e,31,8d,8a,31,d5,ca,4f,ae,27,ce,93,6,bb,27,c4" MasterLinkID="43">
            <COMPONENT RefLinkID="46" />
            <COMPONENT RefLinkID="47" />
        </ENTITY>
        <ENTITY LinkID="43" Class="NiGeneralEntity" Name="[Object]SeaGrass.Nature_SeaStar2001_08" TemplateID="2e,31,8d,8a,31,d5,ca,4f,ae,27,ce,93,6,bb,27,c4">
            <COMPONENT RefLinkID="44" />
            <COMPONENT RefLinkID="45" />
        </ENTITY>
        <COMPONENT LinkID="44" Class="NiTransformationComponent" Name="Transformation">
            <PROPERTY Class="Point3" Name="Translation">0.0000000000000000, 0.0000000000000000, 0.0000000000000000</PROPERTY>
            <PROPERTY Class="Matrix3" Name="Rotation">
                <ROW>1.0000000000000000, 0.0000000000000000, 0.0000000000000000</ROW>
                <ROW>0.0000000000000000, 1.0000000000000000, 0.0000000000000000</ROW>
                <ROW>0.0000000000000000, 0.0000000000000000, 1.0000000000000000</ROW>
            </PROPERTY>
            <PROPERTY Class="Float" Name="Scale">1.0000000000000000</PROPERTY>
        </COMPONENT>
        <COMPONENT LinkID="45" Class="NiSceneGraphComponent" Name="Scene Graph">
            <PROPERTY Class="String" Name="NIF File Path" Asset="TRUE">.\..\..\..\00_Object\SeaGrass\Nature_SeaStar2001_08.nif</PROPERTY>
        </COMPONENT>
        <COMPONENT LinkID="46" Class="NiTransformationComponent" Name="Transformation">
            <PROPERTY Class="Point3" Name="Translation">20854.4667968750000000, 107.3115234375000000, -106.2436370849609400</PROPERTY>
            <PROPERTY Class="Matrix3" Name="Rotation">
                <ROW>0.7962871789932251, 0.6047161221504211, 0.0156574547290802</ROW>
                <ROW>-0.5636970996856690, 0.7511675357818604, -0.3435009121894836</ROW>
                <ROW>-0.2194819152355194, 0.2646993398666382, 0.9390218257904053</ROW>
            </PROPERTY>
            <PROPERTY Class="Float" Name="Scale">0.6543126106262207</PROPERTY>
        </COMPONENT>
        <COMPONENT LinkID="47" Class="NiSceneGraphComponent" Name="Scene Graph" MasterLinkID="45" />
        <ENTITY LinkID="48" Class="NiGeneralEntity" Name="Nature_SeaStar2001_08 02" Type="Object" UsePhysX="FALSE" PostfixTexture="" Optimization="0" AlphaGroup="1" RandomAni="FALSE" TemplateID="2e,31,8d,8a,31,d5,ca,4f,ae,27,ce,93,6,bb,27,c4" MasterLinkID="43">
            <COMPONENT RefLinkID="49" />
            <COMPONENT RefLinkID="50" />
        </ENTITY>
        <COMPONENT LinkID="49" Class="NiTransformationComponent" Name="Transformation">
            <PROPERTY Class="Point3" Name="Translation">20836.7968750000000000, 134.7010345458984400, -90.2862777709960940</PROPERTY>
            <PROPERTY Class="Matrix3" Name="Rotation">
                <ROW>1.0000000000000000, 0.0000000000000000, 0.0000000000000000</ROW>
                <ROW>0.0000000000000000, 0.9094240665435791, -0.4158699512481690</ROW>
                <ROW>0.0000000000000000, 0.4158699512481690, 0.9094240665435791</ROW>
            </PROPERTY>
            <PROPERTY Class="Float" Name="Scale">1.0000000000000000</PROPERTY>
        </COMPONENT>
        <COMPONENT LinkID="50" Class="NiSceneGraphComponent" Name="Scene Graph" MasterLinkID="45" />
        <ENTITY LinkID="51" Class="NiGeneralEntity" Name="Natere_FeatherpalmGrass1001_01 20" Type="Object" UsePhysX="FALSE" PostfixTexture="" Optimization="2" AlphaGroup="1" RandomAni="FALSE" TemplateID="30,74,25,86,d8,e6,3d,45,b3,43,2d,89,2f,36,d8,3a" MasterLinkID="26">
            <COMPONENT RefLinkID="52" />
            <COMPONENT RefLinkID="53" />
            <COMPONENT RefLinkID="54" />
        </ENTITY>
        <COMPONENT LinkID="52" Class="NiTransformationComponent" Name="Transformation">
            <PROPERTY Class="Point3" Name="Translation">21124.8046875000000000, 194.7035217285156300, -82.9053268432617190</PROPERTY>
            <PROPERTY Class="Matrix3" Name="Rotation">
                <ROW>0.3802793323993683, 0.9248717427253723, 0.0000000000000000</ROW>
                <ROW>-0.9248717427253723, 0.3802793323993683, 0.0000000000000000</ROW>
                <ROW>0.0000000000000000, 0.0000000000000000, 1.0000000000000000</ROW>
            </PROPERTY>
            <PROPERTY Class="Float" Name="Scale">0.8800823092460632</PROPERTY>
        </COMPONENT>
        <COMPONENT LinkID="53" Class="NiSceneGraphComponent" Name="Scene Graph" MasterLinkID="28" />
        <COMPONENT LinkID="54" Class="NiGeneralComponent" Name="Hide Object" TemplateID="f6,46,16,db,61,92,23,47,b5,4a,da,2d,42,d7,85,b9" MasterLinkID="29" />
        <ENTITY LinkID="55" Class="NiGeneralEntity" Name="Natere_Featherpalm2001_01 06" Type="Object" UsePhysX="FALSE" PostfixTexture="" Optimization="1" AlphaGroup="1" RandomAni="TRUE" TemplateID="a0,24,17,88,d7,b6,f8,48,97,d5,7a,d0,e1,80,86,8" MasterLinkID="16">
            <COMPONENT RefLinkID="56" />
            <COMPONENT RefLinkID="57" />
            <COMPONENT RefLinkID="58" />
            <COMPONENT RefLinkID="59" />
        </ENTITY>
        <COMPONENT LinkID="56" Class="NiTransformationComponent" Name="Transformation">
            <PROPERTY Class="Point3" Name="Translation">20879.0214843750000000, 436.0791015625000000, -81.6064071655273440</PROPERTY>
            <PROPERTY Class="Matrix3" Name="Rotation">
                <ROW>0.9739077687263489, 0.2269438505172730, 0.0000000000000000</ROW>
                <ROW>-0.2269438505172730, 0.9739077687263489, 0.0000000000000000</ROW>
                <ROW>0.0000000000000000, 0.0000000000000000, 1.0000000000000000</ROW>
            </PROPERTY>
            <PROPERTY Class="Float" Name="Scale">0.7089156508445740</PROPERTY>
        </COMPONENT>
        <COMPONENT LinkID="57" Class="NiSceneGraphComponent" Name="Scene Graph" MasterLinkID="18" />
        <COMPONENT LinkID="58" Class="NiGeneralComponent" Name="Animation Object" TemplateID="c5,83,7b,6f,ea,53,7d,45,95,5a,2e,ab,38,28,a5,76" MasterLinkID="19" />
        <COMPONENT LinkID="59" Class="NiGeneralComponent" Name="Hide Object" TemplateID="f6,46,16,db,61,92,23,47,b5,4a,da,2d,42,d7,85,b9" MasterLinkID="20" />
        <ENTITY LinkID="60" Class="NiGeneralEntity" Name="Natere_FeatherpalmGrass1001_01 16" Type="Object" UsePhysX="FALSE" PostfixTexture="" Optimization="1" AlphaGroup="1" RandomAni="FALSE" TemplateID="30,74,25,86,d8,e6,3d,45,b3,43,2d,89,2f,36,d8,3a" MasterLinkID="26">
            <COMPONENT RefLinkID="61" />
            <COMPONENT RefLinkID="62" />
            <COMPONENT RefLinkID="63" />
        </ENTITY>
        <COMPONENT LinkID="61" Class="NiTransformationComponent" Name="Transformation">
            <PROPERTY Class="Point3" Name="Translation">20910.6738281250000000, 302.9664306640625000, -70.5097503662109370</PROPERTY>
            <PROPERTY Class="Matrix3" Name="Rotation">
                <ROW>0.1097455918788910, 0.9939599037170410, 0.0000000000000000</ROW>
                <ROW>-0.9939599037170410, 0.1097455918788910, 0.0000000000000000</ROW>
                <ROW>0.0000000000000000, 0.0000000000000000, 1.0000000000000000</ROW>
            </PROPERTY>
            <PROPERTY Class="Float" Name="Scale">0.4038652777671814</PROPERTY>
        </COMPONENT>
        <COMPONENT LinkID="62" Class="NiSceneGraphComponent" Name="Scene Graph" MasterLinkID="28" />
        <COMPONENT LinkID="63" Class="NiGeneralComponent" Name="Hide Object" TemplateID="f6,46,16,db,61,92,23,47,b5,4a,da,2d,42,d7,85,b9" MasterLinkID="29">
            <PROPERTY Class="Boolean" Name="Alpha Enable" SemanticType="Boolean" DisplayName="Alpha Enable" Description="">TRUE</PROPERTY>
        </COMPONENT>
        <ENTITY LinkID="64" Class="NiGeneralEntity" Name="BaseWater1001_01 01" Type="Object" UsePhysX="FALSE" PostfixTexture="" Optimization="0" AlphaGroup="5" RandomAni="TRUE" TemplateID="26,35,a5,68,0,5c,72,40,b7,f5,26,9b,27,4,29,f7" MasterLinkID="65">
            <COMPONENT RefLinkID="68" />
            <COMPONENT RefLinkID="69" />
            <COMPONENT RefLinkID="70" />
        </ENTITY>
        <ENTITY LinkID="65" Class="NiGeneralEntity" Name="[Object]Sky.BaseWater1001_01" TemplateID="26,35,a5,68,0,5c,72,40,b7,f5,26,9b,27,4,29,f7">
            <COMPONENT RefLinkID="66" />
            <COMPONENT RefLinkID="67" />
            <COMPONENT RefLinkID="19" />
        </ENTITY>
        <COMPONENT LinkID="66" Class="NiTransformationComponent" Name="Transformation">
            <PROPERTY Class="Point3" Name="Translation">0.0000000000000000, 0.0000000000000000, 0.0000000000000000</PROPERTY>
            <PROPERTY Class="Matrix3" Name="Rotation">
                <ROW>1.0000000000000000, 0.0000000000000000, 0.0000000000000000</ROW>
                <ROW>0.0000000000000000, 1.0000000000000000, 0.0000000000000000</ROW>
                <ROW>0.0000000000000000, 0.0000000000000000, 1.0000000000000000</ROW>
            </PROPERTY>
            <PROPERTY Class="Float" Name="Scale">1.0000000000000000</PROPERTY>
        </COMPONENT>
        <COMPONENT LinkID="67" Class="NiSceneGraphComponent" Name="Scene Graph">
            <PROPERTY Class="String" Name="NIF File Path" Asset="TRUE">.\..\..\..\00_Object\Sky\BaseWater1001_01.nif</PROPERTY>
        </COMPONENT>
        <COMPONENT LinkID="68" Class="NiTransformationComponent" Name="Transformation">
            <PROPERTY Class="Point3" Name="Translation">27892.6777343750000000, -2988.8515625000000000, 29.9226684570312500</PROPERTY>
            <PROPERTY Class="Matrix3" Name="Rotation">
                <ROW>1.0000000000000000, 0.0000000000000000, 0.0000000000000000</ROW>
                <ROW>0.0000000000000000, 1.0000000000000000, 0.0000000000000000</ROW>
                <ROW>0.0000000000000000, 0.0000000000000000, 1.0000000000000000</ROW>
            </PROPERTY>
            <PROPERTY Class="Float" Name="Scale">1.0000000000000000</PROPERTY>
        </COMPONENT>
        <COMPONENT LinkID="69" Class="NiSceneGraphComponent" Name="Scene Graph" MasterLinkID="67" />
        <COMPONENT LinkID="70" Class="NiGeneralComponent" Name="Animation Object" TemplateID="c5,83,7b,6f,ea,53,7d,45,95,5a,2e,ab,38,28,a5,76" MasterLinkID="19" />
        <ENTITY LinkID="71" Class="NiGeneralEntity" Name="Natere_FeatherpalmGrass1001_01 36" Type="Object" UsePhysX="FALSE" PostfixTexture="" Optimization="0" AlphaGroup="1" RandomAni="FALSE" TemplateID="30,74,25,86,d8,e6,3d,45,b3,43,2d,89,2f,36,d8,3a" MasterLinkID="26">
            <COMPONENT RefLinkID="72" />
            <COMPONENT RefLinkID="73" />
            <COMPONENT RefLinkID="74" />
        </ENTITY>
        <COMPONENT LinkID="72" Class="NiTransformationComponent" Name="Transformation">
            <PROPERTY Class="Point3" Name="Translation">20899.0800781250000000, 380.5762634277343700, -80.5995788574218750</PROPERTY>
            <PROPERTY Class="Matrix3" Name="Rotation">
                <ROW>-0.1009417399764061, 0.9948924183845520, 0.0000000000000000</ROW>
                <ROW>-0.9948924183845520, -0.1009417399764061, 0.0000000000000000</ROW>
                <ROW>0.0000000000000000, 0.0000000000000000, 1.0000000000000000</ROW>
            </PROPERTY>
            <PROPERTY Class="Float" Name="Scale">1.1548399925231934</PROPERTY>
        </COMPONENT>
        <COMPONENT LinkID="73" Class="NiSceneGraphComponent" Name="Scene Graph" MasterLinkID="28" />
        <COMPONENT LinkID="74" Class="NiGeneralComponent" Name="Hide Object" TemplateID="f6,46,16,db,61,92,23,47,b5,4a,da,2d,42,d7,85,b9" MasterLinkID="29">
            <PROPERTY Class="Boolean" Name="Alpha Enable" SemanticType="Boolean" DisplayName="Alpha Enable" Description="">TRUE</PROPERTY>
        </COMPONENT>
        <ENTITY LinkID="75" Class="NiGeneralEntity" Name="Nature_SeaAnemone1002_03_Ani 01" Type="Object" UsePhysX="FALSE" PostfixTexture="" Optimization="0" AlphaGroup="1" RandomAni="TRUE" TemplateID="a4,54,c,aa,6b,44,f0,4c,9d,41,f5,33,7c,f0,dd,70" MasterLinkID="76">
            <COMPONENT RefLinkID="80" />
            <COMPONENT RefLinkID="81" />
            <COMPONENT RefLinkID="82" />
            <COMPONENT RefLinkID="83" />
        </ENTITY>
        <ENTITY LinkID="76" Class="NiGeneralEntity" Name="[Object]SeaGrass.Nature_SeaAnemone1002_03_Ani" TemplateID="a4,54,c,aa,6b,44,f0,4c,9d,41,f5,33,7c,f0,dd,70">
            <COMPONENT RefLinkID="77" />
            <COMPONENT RefLinkID="78" />
            <COMPONENT RefLinkID="19" />
            <COMPONENT RefLinkID="79" />
        </ENTITY>
        <COMPONENT LinkID="77" Class="NiTransformationComponent" Name="Transformation">
            <PROPERTY Class="Point3" Name="Translation">0.0000000000000000, 0.0000000000000000, 0.0000000000000000</PROPERTY>
            <PROPERTY Class="Matrix3" Name="Rotation">
                <ROW>1.0000000000000000, 0.0000000000000000, 0.0000000000000000</ROW>
                <ROW>0.0000000000000000, 1.0000000000000000, 0.0000000000000000</ROW>
                <ROW>0.0000000000000000, 0.0000000000000000, 1.0000000000000000</ROW>
            </PROPERTY>
            <PROPERTY Class="Float" Name="Scale">1.0000000000000000</PROPERTY>
        </COMPONENT>
        <COMPONENT LinkID="78" Class="NiSceneGraphComponent" Name="Scene Graph">
            <PROPERTY Class="String" Name="NIF File Path" Asset="TRUE">.\..\..\..\00_Object\SeaGrass\Nature_SeaAnemone1002_03_Ani.nif</PROPERTY>
        </COMPONENT>
        <COMPONENT LinkID="79" Class="NiGeneralComponent" Name="Hide Object" TemplateID="f6,46,16,db,61,92,23,47,b5,4a,da,2d,42,d7,85,b9">
            <PROPERTY Class="Float" Name="Alpha Value" SemanticType="Float" DisplayName="Alpha Value" Description="">0.4000000059604645</PROPERTY>
            <PROPERTY Class="Boolean" Name="Alpha Enable" SemanticType="Boolean" DisplayName="Alpha Enable" Description="">FALSE</PROPERTY>
            <PROPERTY Class="Boolean" Name="Hide Object" SemanticType="Boolean" DisplayName="Hide Object" Description="">FALSE</PROPERTY>
        </COMPONENT>
        <COMPONENT LinkID="80" Class="NiTransformationComponent" Name="Transformation">
            <PROPERTY Class="Point3" Name="Translation">20947.4941406250000000, 325.5548400878906200, -72.1896209716796870</PROPERTY>
            <PROPERTY Class="Matrix3" Name="Rotation">
                <ROW>0.5198633074760437, -0.8471707105636597, -0.1097441762685776</ROW>
                <ROW>0.8482964038848877, 0.5271028280258179, -0.0505538918077946</ROW>
                <ROW>0.1006742566823959, -0.0668144822120667, 0.9926733970642090</ROW>
            </PROPERTY>
            <PROPERTY Class="Float" Name="Scale">0.3445190191268921</PROPERTY>
        </COMPONENT>
        <COMPONENT LinkID="81" Class="NiSceneGraphComponent" Name="Scene Graph" MasterLinkID="78" />
        <COMPONENT LinkID="82" Class="NiGeneralComponent" Name="Animation Object" TemplateID="c5,83,7b,6f,ea,53,7d,45,95,5a,2e,ab,38,28,a5,76" MasterLinkID="19" />
        <COMPONENT LinkID="83" Class="NiGeneralComponent" Name="Hide Object" TemplateID="f6,46,16,db,61,92,23,47,b5,4a,da,2d,42,d7,85,b9" MasterLinkID="79">
            <PROPERTY Class="Boolean" Name="Alpha Enable" SemanticType="Boolean" DisplayName="Alpha Enable" Description="">TRUE</PROPERTY>
        </COMPONENT>
        <ENTITY LinkID="84" Class="NiGeneralEntity" Name="Natere_Featherpalm2001_01 07" Type="Object" UsePhysX="FALSE" PostfixTexture="" Optimization="2" AlphaGroup="1" RandomAni="TRUE" TemplateID="a0,24,17,88,d7,b6,f8,48,97,d5,7a,d0,e1,80,86,8" MasterLinkID="16">
            <COMPONENT RefLinkID="85" />
            <COMPONENT RefLinkID="86" />
            <COMPONENT RefLinkID="87" />
            <COMPONENT RefLinkID="88" />
        </ENTITY>
        <COMPONENT LinkID="85" Class="NiTransformationComponent" Name="Transformation">
            <PROPERTY Class="Point3" Name="Translation">20573.3964843750000000, 1218.1556396484375000, 5.1455211639404297</PROPERTY>
            <PROPERTY Class="Matrix3" Name="Rotation">
                <ROW>0.9979432225227356, 0.0641034245491028, 0.0000000000000000</ROW>
                <ROW>-0.0641034245491028, 0.9979432225227356, 0.0000000000000000</ROW>
                <ROW>0.0000000000000000, 0.0000000000000000, 1.0000000000000000</ROW>
            </PROPERTY>
            <PROPERTY Class="Float" Name="Scale">0.4534999728202820</PROPERTY>
        </COMPONENT>
        <COMPONENT LinkID="86" Class="NiSceneGraphComponent" Name="Scene Graph" MasterLinkID="18" />
        <COMPONENT LinkID="87" Class="NiGeneralComponent" Name="Animation Object" TemplateID="c5,83,7b,6f,ea,53,7d,45,95,5a,2e,ab,38,28,a5,76" MasterLinkID="19" />
        <COMPONENT LinkID="88" Class="NiGeneralComponent" Name="Hide Object" TemplateID="f6,46,16,db,61,92,23,47,b5,4a,da,2d,42,d7,85,b9" MasterLinkID="20" />
        <ENTITY LinkID="89" Class="NiGeneralEntity" Name="Natere_FeatherpalmGrass1001_01 15" Type="Object" UsePhysX="FALSE" PostfixTexture="" Optimization="0" AlphaGroup="1" RandomAni="FALSE" TemplateID="30,74,25,86,d8,e6,3d,45,b3,43,2d,89,2f,36,d8,3a" MasterLinkID="26">
            <COMPONENT RefLinkID="90" />
            <COMPONENT RefLinkID="91" />
            <COMPONENT RefLinkID="92" />
        </ENTITY>
        <COMPONENT LinkID="90" Class="NiTransformationComponent" Name="Transformation">
            <PROPERTY Class="Point3" Name="Translation">20357.8105468750000000, 229.3638916015625000, -82.4694671630859370</PROPERTY>
            <PROPERTY Class="Matrix3" Name="Rotation">
                <ROW>0.3982953131198883, 0.9055820703506470, 0.1458837091922760</ROW>
                <ROW>-0.9171022176742554, 0.3902345001697540, 0.0814905017614365</ROW>
                <ROW>0.0168674718588591, -0.1662475764751434, 0.9859398007392883</ROW>
            </PROPERTY>
            <PROPERTY Class="Float" Name="Scale">0.6605124473571777</PROPERTY>
        </COMPONENT>
        <COMPONENT LinkID="91" Class="NiSceneGraphComponent" Name="Scene Graph" MasterLinkID="28" />
        <COMPONENT LinkID="92" Class="NiGeneralComponent" Name="Hide Object" TemplateID="f6,46,16,db,61,92,23,47,b5,4a,da,2d,42,d7,85,b9" MasterLinkID="29">
            <PROPERTY Class="Boolean" Name="Alpha Enable" SemanticType="Boolean" DisplayName="Alpha Enable" Description="">TRUE</PROPERTY>
        </COMPONENT>
        <ENTITY LinkID="93" Class="NiGeneralEntity" Name="Natere_FeatherpalmGrass1001_01 22" Type="Object" UsePhysX="FALSE" PostfixTexture="" Optimization="1" AlphaGroup="1" RandomAni="FALSE" TemplateID="30,74,25,86,d8,e6,3d,45,b3,43,2d,89,2f,36,d8,3a" MasterLinkID="26">
            <COMPONENT RefLinkID="94" />
            <COMPONENT RefLinkID="95" />
            <COMPONENT RefLinkID="96" />
        </ENTITY>
        <COMPONENT LinkID="94" Class="NiTransformationComponent" Name="Transformation">
            <PROPERTY Class="Point3" Name="Translation">20497.0664062500000000, 498.6686401367187500, -75.0257797241210940</PROPERTY>
            <PROPERTY Class="Matrix3" Name="Rotation">
                <ROW>0.6483997106552124, 0.7613000869750977, 0.0000000000000000</ROW>
                <ROW>-0.7613000869750977, 0.6483997106552124, 0.0000000000000000</ROW>
                <ROW>0.0000000000000000, 0.0000000000000000, 1.0000000000000000</ROW>
            </PROPERTY>
            <PROPERTY Class="Float" Name="Scale">1.0649162530899048</PROPERTY>
        </COMPONENT>
        <COMPONENT LinkID="95" Class="NiSceneGraphComponent" Name="Scene Graph" MasterLinkID="28" />
        <COMPONENT LinkID="96" Class="NiGeneralComponent" Name="Hide Object" TemplateID="f6,46,16,db,61,92,23,47,b5,4a,da,2d,42,d7,85,b9" MasterLinkID="29" />
        <ENTITY LinkID="97" Class="NiGeneralEntity" Name="Natere_FeatherpalmGrass1001_01 07" Type="Object" UsePhysX="FALSE" PostfixTexture="" Optimization="1" AlphaGroup="1" RandomAni="FALSE" TemplateID="30,74,25,86,d8,e6,3d,45,b3,43,2d,89,2f,36,d8,3a" MasterLinkID="26">
            <COMPONENT RefLinkID="98" />
            <COMPONENT RefLinkID="99" />
            <COMPONENT RefLinkID="100" />
        </ENTITY>
        <COMPONENT LinkID="98" Class="NiTransformationComponent" Name="Transformation">
            <PROPERTY Class="Point3" Name="Translation">20486.7109375000000000, 378.7501220703125000, -72.3554687500000000</PROPERTY>
            <PROPERTY Class="Matrix3" Name="Rotation">
                <ROW>0.2795281410217285, 0.9601374864578247, 0.0000000000000000</ROW>
                <ROW>-0.9601374864578247, 0.2795281410217285, 0.0000000000000000</ROW>
                <ROW>0.0000000000000000, 0.0000000000000000, 1.0000000000000000</ROW>
            </PROPERTY>
            <PROPERTY Class="Float" Name="Scale">0.8260869383811951</PROPERTY>
        </COMPONENT>
        <COMPONENT LinkID="99" Class="NiSceneGraphComponent" Name="Scene Graph" MasterLinkID="28" />
        <COMPONENT LinkID="100" Class="NiGeneralComponent" Name="Hide Object" TemplateID="f6,46,16,db,61,92,23,47,b5,4a,da,2d,42,d7,85,b9" MasterLinkID="29">
            <PROPERTY Class="Boolean" Name="Alpha Enable" SemanticType="Boolean" DisplayName="Alpha Enable" Description="">TRUE</PROPERTY>
        </COMPONENT>
        <ENTITY LinkID="101" Class="NiGeneralEntity" Name="Natere_Featherpalm2002_01 04" Type="Object" UsePhysX="FALSE" PostfixTexture="" Optimization="0" AlphaGroup="1" RandomAni="TRUE" TemplateID="e7,95,99,ca,dc,98,5f,45,87,75,9a,8b,22,f9,d2,dc" MasterLinkID="34">
            <COMPONENT RefLinkID="102" />
            <COMPONENT RefLinkID="103" />
            <COMPONENT RefLinkID="104" />
            <COMPONENT RefLinkID="105" />
        </ENTITY>
        <COMPONENT LinkID="102" Class="NiTransformationComponent" Name="Transformation">
            <PROPERTY Class="Point3" Name="Translation">20538.6953125000000000, 498.8823242187500000, -71.4690399169921880</PROPERTY>
            <PROPERTY Class="Matrix3" Name="Rotation">
                <ROW>0.9249550104141235, 0.3800764083862305, 0.0000000000000000</ROW>
                <ROW>-0.3800764083862305, 0.9249550104141235, 0.0000000000000000</ROW>
                <ROW>0.0000000000000000, 0.0000000000000000, 1.0000000000000000</ROW>
            </PROPERTY>
            <PROPERTY Class="Float" Name="Scale">1.0000000000000000</PROPERTY>
        </COMPONENT>
        <COMPONENT LinkID="103" Class="NiSceneGraphComponent" Name="Scene Graph" MasterLinkID="36" />
        <COMPONENT LinkID="104" Class="NiGeneralComponent" Name="Animation Object" TemplateID="c5,83,7b,6f,ea,53,7d,45,95,5a,2e,ab,38,28,a5,76" MasterLinkID="19" />
        <COMPONENT LinkID="105" Class="NiGeneralComponent" Name="Hide Object" TemplateID="f6,46,16,db,61,92,23,47,b5,4a,da,2d,42,d7,85,b9" MasterLinkID="37" />
        <ENTITY LinkID="106" Class="NiGeneralEntity" Name="Natere_FeatherpalmGrass1001_01 13" Type="Object" UsePhysX="FALSE" PostfixTexture="" Optimization="1" AlphaGroup="1" RandomAni="FALSE" TemplateID="30,74,25,86,d8,e6,3d,45,b3,43,2d,89,2f,36,d8,3a" MasterLinkID="26">
            <COMPONENT RefLinkID="107" />
            <COMPONENT RefLinkID="108" />
            <COMPONENT RefLinkID="109" />
        </ENTITY>
        <COMPONENT LinkID="107" Class="NiTransformationComponent" Name="Transformation">
            <PROPERTY Class="Point3" Name="Translation">20519.3066406250000000, 307.1672058105468700, -69.8094177246093750</PROPERTY>
            <PROPERTY Class="Matrix3" Name="Rotation">
                <ROW>0.1183545589447022, 0.9929714202880859, 0.0000000000000000</ROW>
                <ROW>-0.9929714202880859, 0.1183545589447022, 0.0000000000000000</ROW>
