<?xml version="1.0" ?>
<GSA Major="1" Minor="0" Patch="0">
    <PALETTES_DIRECTORY>
        <PALETTE_DIR IDX="0" DIRECTORY=".\..\..\..\..\..\..\ToolBin\SceneDesigner\Release\Data\" />
        <PALETTE_DIR IDX="1" DIRECTORY=".\..\..\..\Palettes\" />
    </PALETTES_DIRECTORY>
    <PALETTES>
        <PALETTE NAME="Default" DIR_IDX="0" />
        <PALETTE NAME="General" DIR_IDX="1" />
        <PALETTE NAME="Object" DIR_IDX="1" />
        <PALETTE NAME="Effect" DIR_IDX="1" />
        <PALETTE NAME="Block" DIR_IDX="1" />
    </PALETTES>
    <OBJECTS>
        <ENTITY LinkID="0" Class="NiGeneralEntity" Name="Nature_Crysta3001_01 15" Type="Object" UsePhysX="FALSE" PostfixTexture="" Optimization="0" AlphaGroup="1" RandomAni="FALSE" TemplateID="98,82,c8,fa,f6,8e,bc,4d,bb,ba,5b,33,72,ac,45,59" MasterLinkID="1">
            <COMPONENT RefLinkID="6" />
            <COMPONENT RefLinkID="7" />
            <COMPONENT RefLinkID="8" />
            <COMPONENT RefLinkID="9" />
        </ENTITY>
        <ENTITY LinkID="1" Class="NiGeneralEntity" Name="[Object]Ground.Nature_Crysta3001_01" TemplateID="98,82,c8,fa,f6,8e,bc,4d,bb,ba,5b,33,72,ac,45,59">
            <COMPONENT RefLinkID="2" />
            <COMPONENT RefLinkID="3" />
            <COMPONENT RefLinkID="4" />
            <COMPONENT RefLinkID="5" />
        </ENTITY>
        <COMPONENT LinkID="2" Class="NiTransformationComponent" Name="Transformation">
            <PROPERTY Class="Point3" Name="Translation">0.0000000000000000, 0.0000000000000000, 0.0000000000000000</PROPERTY>
            <PROPERTY Class="Matrix3" Name="Rotation">
                <ROW>1.0000000000000000, 0.0000000000000000, 0.0000000000000000</ROW>
                <ROW>0.0000000000000000, 1.0000000000000000, 0.0000000000000000</ROW>
                <ROW>0.0000000000000000, 0.0000000000000000, 1.0000000000000000</ROW>
            </PROPERTY>
            <PROPERTY Class="Float" Name="Scale">1.0000000000000000</PROPERTY>
        </COMPONENT>
        <COMPONENT LinkID="3" Class="NiSceneGraphComponent" Name="Scene Graph">
            <PROPERTY Class="String" Name="NIF File Path" Asset="TRUE">.\..\..\..\00_Object\Ground\Nature_Crysta3001_01.nif</PROPERTY>
        </COMPONENT>
        <COMPONENT LinkID="4" Class="NiGeneralComponent" Name="Hide Object" TemplateID="f6,46,16,db,61,92,23,47,b5,4a,da,2d,42,d7,85,b9">
            <PROPERTY Class="Float" Name="Alpha Value" SemanticType="Float" DisplayName="Alpha Value" Description="">0.4000000059604645</PROPERTY>
            <PROPERTY Class="Boolean" Name="Alpha Enable" SemanticType="Boolean" DisplayName="Alpha Enable" Description="">FALSE</PROPERTY>
            <PROPERTY Class="Boolean" Name="Hide Object" SemanticType="Boolean" DisplayName="Hide Object" Description="">FALSE</PROPERTY>
        </COMPONENT>
        <COMPONENT LinkID="5" Class="NiGeneralComponent" Name="GlowMap" TemplateID="c,37,ef,c9,e6,13,8,4b,86,49,c3,29,48,1b,b2,c8">
            <PROPERTY Class="Boolean" Name="Enable" SemanticType="Boolean" DisplayName="Enable" Description="">FALSE</PROPERTY>
        </COMPONENT>
        <COMPONENT LinkID="6" Class="NiTransformationComponent" Name="Transformation">
            <PROPERTY Class="Point3" Name="Translation">-391.9248657226562500, 1340.7121582031250000, 294.0519104003906200</PROPERTY>
            <PROPERTY Class="Matrix3" Name="Rotation">
                <ROW>-0.5672121047973633, -0.7029877305030823, -0.4290437102317810</ROW>
                <ROW>0.7752913832664490, -0.2800329327583313, -0.5661312937736511</ROW>
                <ROW>0.2778369188308716, -0.6537504196166992, 0.7038586735725403</ROW>
            </PROPERTY>
            <PROPERTY Class="Float" Name="Scale">0.1937587410211563</PROPERTY>
        </COMPONENT>
        <COMPONENT LinkID="7" Class="NiSceneGraphComponent" Name="Scene Graph" MasterLinkID="3" />
        <COMPONENT LinkID="8" Class="NiGeneralComponent" Name="Hide Object" TemplateID="f6,46,16,db,61,92,23,47,b5,4a,da,2d,42,d7,85,b9" MasterLinkID="4" />
        <COMPONENT LinkID="9" Class="NiGeneralComponent" Name="GlowMap" TemplateID="c,37,ef,c9,e6,13,8,4b,86,49,c3,29,48,1b,b2,c8" MasterLinkID="5">
            <PROPERTY Class="Boolean" Name="Enable" SemanticType="Boolean" DisplayName="Enable" Description="">TRUE</PROPERTY>
        </COMPONENT>
        <ENTITY LinkID="10" Class="NiGeneralEntity" Name="Nature_Crysta3001_01 19" Type="Object" UsePhysX="FALSE" PostfixTexture="" Optimization="0" AlphaGroup="1" RandomAni="FALSE" TemplateID="98,82,c8,fa,f6,8e,bc,4d,bb,ba,5b,33,72,ac,45,59" MasterLinkID="1">
            <COMPONENT RefLinkID="11" />
            <COMPONENT RefLinkID="12" />
            <COMPONENT RefLinkID="13" />
            <COMPONENT RefLinkID="14" />
        </ENTITY>
        <COMPONENT LinkID="11" Class="NiTransformationComponent" Name="Transformation">
            <PROPERTY Class="Point3" Name="Translation">-515.6365966796875000, 1565.2016601562500000, 265.5610351562500000</PROPERTY>
            <PROPERTY Class="Matrix3" Name="Rotation">
                <ROW>0.2605203986167908, 0.9140709638595581, -0.3108107745647430</ROW>
                <ROW>-0.8184757232666016, 0.0383498370647430, -0.5732595324516296</ROW>
                <ROW>-0.5120802521705627, 0.4037368297576904, 0.7581359744071960</ROW>
            </PROPERTY>
            <PROPERTY Class="Float" Name="Scale">0.4538336396217346</PROPERTY>
        </COMPONENT>
        <COMPONENT LinkID="12" Class="NiSceneGraphComponent" Name="Scene Graph" MasterLinkID="3" />
        <COMPONENT LinkID="13" Class="NiGeneralComponent" Name="Hide Object" TemplateID="f6,46,16,db,61,92,23,47,b5,4a,da,2d,42,d7,85,b9" MasterLinkID="4" />
        <COMPONENT LinkID="14" Class="NiGeneralComponent" Name="GlowMap" TemplateID="c,37,ef,c9,e6,13,8,4b,86,49,c3,29,48,1b,b2,c8" MasterLinkID="5">
            <PROPERTY Class="Boolean" Name="Enable" SemanticType="Boolean" DisplayName="Enable" Description="">TRUE</PROPERTY>
        </COMPONENT>
        <ENTITY LinkID="15" Class="NiGeneralEntity" Name="Nature_Crysta3001_01 17" Type="Object" UsePhysX="FALSE" PostfixTexture="" Optimization="0" AlphaGroup="1" RandomAni="FALSE" TemplateID="98,82,c8,fa,f6,8e,bc,4d,bb,ba,5b,33,72,ac,45,59" MasterLinkID="1">
            <COMPONENT RefLinkID="16" />
            <COMPONENT RefLinkID="17" />
            <COMPONENT RefLinkID="18" />
            <COMPONENT RefLinkID="19" />
        </ENTITY>
        <COMPONENT LinkID="16" Class="NiTransformationComponent" Name="Transformation">
            <PROPERTY Class="Point3" Name="Translation">-429.5859985351562500, 1317.9445800781250000, 526.8627929687500000</PROPERTY>
            <PROPERTY Class="Matrix3" Name="Rotation">
                <ROW>-0.6253297924995422, -0.0066036731004715, -0.7803325057029724</ROW>
                <ROW>-0.4448236823081970, 0.8246152400970459, 0.3494871258735657</ROW>
                <ROW>0.6411661505699158, 0.5656551122665405, -0.5185941457748413</ROW>
            </PROPERTY>
            <PROPERTY Class="Float" Name="Scale">0.1639312505722046</PROPERTY>
        </COMPONENT>
        <COMPONENT LinkID="17" Class="NiSceneGraphComponent" Name="Scene Graph" MasterLinkID="3" />
        <COMPONENT LinkID="18" Class="NiGeneralComponent" Name="Hide Object" TemplateID="f6,46,16,db,61,92,23,47,b5,4a,da,2d,42,d7,85,b9" MasterLinkID="4" />
        <COMPONENT LinkID="19" Class="NiGeneralComponent" Name="GlowMap" TemplateID="c,37,ef,c9,e6,13,8,4b,86,49,c3,29,48,1b,b2,c8" MasterLinkID="5">
            <PROPERTY Class="Boolean" Name="Enable" SemanticType="Boolean" DisplayName="Enable" Description="">TRUE</PROPERTY>
        </COMPONENT>
        <ENTITY LinkID="20" Class="NiGeneralEntity" Name="Nature_Crysta3001_01 18" Type="Object" UsePhysX="FALSE" PostfixTexture="" Optimization="0" AlphaGroup="1" RandomAni="FALSE" TemplateID="98,82,c8,fa,f6,8e,bc,4d,bb,ba,5b,33,72,ac,45,59" MasterLinkID="1">
            <COMPONENT RefLinkID="21" />
            <COMPONENT RefLinkID="22" />
            <COMPONENT RefLinkID="23" />
            <COMPONENT RefLinkID="24" />
        </ENTITY>
        <COMPONENT LinkID="21" Class="NiTransformationComponent" Name="Transformation">
            <PROPERTY Class="Point3" Name="Translation">-378.7244873046875000, 1352.6907958984375000, 506.6391296386718700</PROPERTY>
            <PROPERTY Class="Matrix3" Name="Rotation">
                <ROW>-0.4918667674064636, -0.5148280858993530, -0.7021531462669373</ROW>
                <ROW>-0.5234499573707581, 0.8192864656448364, -0.2340288460254669</ROW>
                <ROW>0.6957491040229797, 0.2524309158325195, -0.6724667549133301</ROW>
            </PROPERTY>
            <PROPERTY Class="Float" Name="Scale">0.0874354168772697</PROPERTY>
        </COMPONENT>
        <COMPONENT LinkID="22" Class="NiSceneGraphComponent" Name="Scene Graph" MasterLinkID="3" />
        <COMPONENT LinkID="23" Class="NiGeneralComponent" Name="Hide Object" TemplateID="f6,46,16,db,61,92,23,47,b5,4a,da,2d,42,d7,85,b9" MasterLinkID="4" />
        <COMPONENT LinkID="24" Class="NiGeneralComponent" Name="GlowMap" TemplateID="c,37,ef,c9,e6,13,8,4b,86,49,c3,29,48,1b,b2,c8" MasterLinkID="5">
            <PROPERTY Class="Boolean" Name="Enable" SemanticType="Boolean" DisplayName="Enable" Description="">TRUE</PROPERTY>
        </COMPONENT>
        <ENTITY LinkID="25" Class="NiGeneralEntity" Name="Nature_Crysta3001_01 20" Type="Object" UsePhysX="FALSE" PostfixTexture="" Optimization="0" AlphaGroup="1" RandomAni="FALSE" TemplateID="98,82,c8,fa,f6,8e,bc,4d,bb,ba,5b,33,72,ac,45,59" MasterLinkID="1">
            <COMPONENT RefLinkID="26" />
            <COMPONENT RefLinkID="27" />
            <COMPONENT RefLinkID="28" />
            <COMPONENT RefLinkID="29" />
        </ENTITY>
        <COMPONENT LinkID="26" Class="NiTransformationComponent" Name="Transformation">
            <PROPERTY Class="Point3" Name="Translation">-508.6328430175781200, 1638.4528808593750000, 282.6846313476562500</PROPERTY>
            <PROPERTY Class="Matrix3" Name="Rotation">
                <ROW>-0.2329670041799545, -0.6906638145446777, -0.6846237778663635</ROW>
                <ROW>0.9197134375572205, 0.0722771137952805, -0.3858793973922730</ROW>
                <ROW>0.3159953355789185, -0.7195549011230469, 0.6183749437332153</ROW>
            </PROPERTY>
            <PROPERTY Class="Float" Name="Scale">0.2369641214609146</PROPERTY>
        </COMPONENT>
        <COMPONENT LinkID="27" Class="NiSceneGraphComponent" Name="Scene Graph" MasterLinkID="3" />
        <COMPONENT LinkID="28" Class="NiGeneralComponent" Name="Hide Object" TemplateID="f6,46,16,db,61,92,23,47,b5,4a,da,2d,42,d7,85,b9" MasterLinkID="4" />
        <COMPONENT LinkID="29" Class="NiGeneralComponent" Name="GlowMap" TemplateID="c,37,ef,c9,e6,13,8,4b,86,49,c3,29,48,1b,b2,c8" MasterLinkID="5">
            <PROPERTY Class="Boolean" Name="Enable" SemanticType="Boolean" DisplayName="Enable" Description="">TRUE</PROPERTY>
        </COMPONENT>
        <ENTITY LinkID="30" Class="NiGeneralEntity" Name="DG_SapphireBlock1001_01 01" Type="Object" UsePhysX="TRUE" PostfixTexture="" Optimization="0" AlphaGroup="3" RandomAni="FALSE" TemplateID="ae,8d,7d,9d,64,ab,53,46,b5,ec,40,c0,96,10,54,7a" MasterLinkID="31">
            <COMPONENT RefLinkID="34" />
            <COMPONENT RefLinkID="35" />
        </ENTITY>
        <ENTITY LinkID="31" Class="NiGeneralEntity" Name="[Block]020601.DG_SapphireBlock1001_01" TemplateID="4d,3f,e4,1c,d9,bb,ed,4b,a5,ed,3e,27,76,fd,4e,2d">
            <COMPONENT RefLinkID="32" />
            <COMPONENT RefLinkID="33" />
        </ENTITY>
        <COMPONENT LinkID="32" Class="NiTransformationComponent" Name="Transformation">
            <PROPERTY Class="Point3" Name="Translation">0.0000000000000000, 0.0000000000000000, 0.0000000000000000</PROPERTY>
            <PROPERTY Class="Matrix3" Name="Rotation">
                <ROW>1.0000000000000000, 0.0000000000000000, 0.0000000000000000</ROW>
                <ROW>0.0000000000000000, 1.0000000000000000, 0.0000000000000000</ROW>
                <ROW>0.0000000000000000, 0.0000000000000000, 1.0000000000000000</ROW>
            </PROPERTY>
            <PROPERTY Class="Float" Name="Scale">1.0000000000000000</PROPERTY>
        </COMPONENT>
        <COMPONENT LinkID="33" Class="NiSceneGraphComponent" Name="Scene Graph">
            <PROPERTY Class="String" Name="NIF File Path" Asset="TRUE">.\..\..\02_Modeling\Block\020601\DG_SapphireBlock1001_01.nif</PROPERTY>
        </COMPONENT>
        <COMPONENT LinkID="34" Class="NiTransformationComponent" Name="Transformation">
            <PROPERTY Class="Point3" Name="Translation">177.1253814697265600, 390.7377929687500000, 144.3694915771484400</PROPERTY>
            <PROPERTY Class="Matrix3" Name="Rotation">
                <ROW>1.0000000000000000, 0.0000000000000000, 0.0000000000000000</ROW>
                <ROW>0.0000000000000000, 1.0000000000000000, 0.0000000000000000</ROW>
                <ROW>0.0000000000000000, 0.0000000000000000, 1.0000000000000000</ROW>
            </PROPERTY>
            <PROPERTY Class="Float" Name="Scale">1.0000000000000000</PROPERTY>
        </COMPONENT>
        <COMPONENT LinkID="35" Class="NiSceneGraphComponent" Name="Scene Graph" MasterLinkID="33" />
        <ENTITY LinkID="36" Class="NiGeneralEntity" Name="Nature_Crysta3001_01 26" Type="Object" UsePhysX="FALSE" PostfixTexture="" Optimization="0" AlphaGroup="1" RandomAni="FALSE" TemplateID="98,82,c8,fa,f6,8e,bc,4d,bb,ba,5b,33,72,ac,45,59" MasterLinkID="1">
            <COMPONENT RefLinkID="37" />
            <COMPONENT RefLinkID="38" />
            <COMPONENT RefLinkID="39" />
            <COMPONENT RefLinkID="40" />
        </ENTITY>
        <COMPONENT LinkID="37" Class="NiTransformationComponent" Name="Transformation">
            <PROPERTY Class="Point3" Name="Translation">510.5191040039062500, 479.2904052734375000, 274.0250854492187500</PROPERTY>
            <PROPERTY Class="Matrix3" Name="Rotation">
                <ROW>0.9407097697257996, 0.3340262174606323, -0.0590883046388626</ROW>
                <ROW>-0.3190344870090485, 0.9304077029228210, 0.1804400682449341</ROW>
                <ROW>0.1152479052543640, -0.1508904993534088, 0.9818096160888672</ROW>
            </PROPERTY>
            <PROPERTY Class="Float" Name="Scale">0.2847602665424347</PROPERTY>
        </COMPONENT>
        <COMPONENT LinkID="38" Class="NiSceneGraphComponent" Name="Scene Graph" MasterLinkID="3" />
        <COMPONENT LinkID="39" Class="NiGeneralComponent" Name="Hide Object" TemplateID="f6,46,16,db,61,92,23,47,b5,4a,da,2d,42,d7,85,b9" MasterLinkID="4" />
        <COMPONENT LinkID="40" Class="NiGeneralComponent" Name="GlowMap" TemplateID="c,37,ef,c9,e6,13,8,4b,86,49,c3,29,48,1b,b2,c8" MasterLinkID="5">
            <PROPERTY Class="Boolean" Name="Enable" SemanticType="Boolean" DisplayName="Enable" Description="">TRUE</PROPERTY>
        </COMPONENT>
        <ENTITY LinkID="41" Class="NiGeneralEntity" Name="Nature_Grass4001_01 86" Type="Object" UsePhysX="FALSE" PostfixTexture="" Optimization="0" AlphaGroup="1" RandomAni="FALSE" TemplateID="96,bd,e4,e7,da,bb,3e,4d,98,9d,ac,1f,5f,92,d8,bf" MasterLinkID="42">
            <COMPONENT RefLinkID="45" />
            <COMPONENT RefLinkID="46" />
        </ENTITY>
        <ENTITY LinkID="42" Class="NiGeneralEntity" Name="[Object]Grass.Nature_Grass4001_01" TemplateID="96,bd,e4,e7,da,bb,3e,4d,98,9d,ac,1f,5f,92,d8,bf">
            <COMPONENT RefLinkID="43" />
            <COMPONENT RefLinkID="44" />
        </ENTITY>
        <COMPONENT LinkID="43" Class="NiTransformationComponent" Name="Transformation">
            <PROPERTY Class="Point3" Name="Translation">0.0000000000000000, 0.0000000000000000, 0.0000000000000000</PROPERTY>
            <PROPERTY Class="Matrix3" Name="Rotation">
                <ROW>1.0000000000000000, 0.0000000000000000, 0.0000000000000000</ROW>
                <ROW>0.0000000000000000, 1.0000000000000000, 0.0000000000000000</ROW>
                <ROW>0.0000000000000000, 0.0000000000000000, 1.0000000000000000</ROW>
            </PROPERTY>
            <PROPERTY Class="Float" Name="Scale">1.0000000000000000</PROPERTY>
        </COMPONENT>
        <COMPONENT LinkID="44" Class="NiSceneGraphComponent" Name="Scene Graph">
            <PROPERTY Class="String" Name="NIF File Path" Asset="TRUE">.\..\..\..\00_Object\Grass\Nature_Grass4001_01.nif</PROPERTY>
        </COMPONENT>
        <COMPONENT LinkID="45" Class="NiTransformationComponent" Name="Transformation">
            <PROPERTY Class="Point3" Name="Translation">333.4093933105468700, 450.2775573730468700, 270.4195556640625000</PROPERTY>
            <PROPERTY Class="Matrix3" Name="Rotation">
                <ROW>0.9624949097633362, 0.2712996602058411, 0.0000000000000000</ROW>
                <ROW>-0.2712996602058411, 0.9624949097633362, 0.0000000000000000</ROW>
                <ROW>0.0000000000000000, 0.0000000000000000, 1.0000000000000000</ROW>
            </PROPERTY>
            <PROPERTY Class="Float" Name="Scale">1.0000000000000000</PROPERTY>
        </COMPONENT>
        <COMPONENT LinkID="46" Class="NiSceneGraphComponent" Name="Scene Graph" MasterLinkID="44" />
        <ENTITY LinkID="47" Class="NiGeneralEntity" Name="Nature_Grass4001_01 84" Type="Object" UsePhysX="FALSE" PostfixTexture="" Optimization="0" AlphaGroup="1" RandomAni="FALSE" TemplateID="96,bd,e4,e7,da,bb,3e,4d,98,9d,ac,1f,5f,92,d8,bf" MasterLinkID="42">
            <COMPONENT RefLinkID="48" />
            <COMPONENT RefLinkID="49" />
        </ENTITY>
        <COMPONENT LinkID="48" Class="NiTransformationComponent" Name="Transformation">
            <PROPERTY Class="Point3" Name="Translation">386.9410705566406200, 442.3615417480468700, 270.4195556640625000</PROPERTY>
            <PROPERTY Class="Matrix3" Name="Rotation">
                <ROW>0.9624949097633362, 0.2712996602058411, 0.0000000000000000</ROW>
                <ROW>-0.2712996602058411, 0.9624949097633362, 0.0000000000000000</ROW>
                <ROW>0.0000000000000000, 0.0000000000000000, 1.0000000000000000</ROW>
            </PROPERTY>
            <PROPERTY Class="Float" Name="Scale">1.0000000000000000</PROPERTY>
        </COMPONENT>
        <COMPONENT LinkID="49" Class="NiSceneGraphComponent" Name="Scene Graph" MasterLinkID="44" />
        <ENTITY LinkID="50" Class="NiGeneralEntity" Name="CAO_GODD_P_B_BA4001_01 02" Type="Object" UsePhysX="FALSE" PostfixTexture="" Optimization="0" AlphaGroup="3" RandomAni="FALSE" TemplateID="76,26,5e,b4,c1,4a,2b,43,bd,a7,6d,9b,b6,f5,9e,bb" MasterLinkID="51">
            <COMPONENT RefLinkID="54" />
            <COMPONENT RefLinkID="55" />
        </ENTITY>
        <ENTITY LinkID="51" Class="NiGeneralEntity" Name="[Block]020500.CAO_GODD_P_B_BA4001_01" TemplateID="76,26,5e,b4,c1,4a,2b,43,bd,a7,6d,9b,b6,f5,9e,bb">
            <COMPONENT RefLinkID="52" />
            <COMPONENT RefLinkID="53" />
        </ENTITY>
        <COMPONENT LinkID="52" Class="NiTransformationComponent" Name="Transformation">
            <PROPERTY Class="Point3" Name="Translation">0.0000000000000000, 0.0000000000000000, 0.0000000000000000</PROPERTY>
            <PROPERTY Class="Matrix3" Name="Rotation">
                <ROW>1.0000000000000000, 0.0000000000000000, 0.0000000000000000</ROW>
                <ROW>0.0000000000000000, 1.0000000000000000, 0.0000000000000000</ROW>
                <ROW>0.0000000000000000, 0.0000000000000000, 1.0000000000000000</ROW>
            </PROPERTY>
            <PROPERTY Class="Float" Name="Scale">1.0000000000000000</PROPERTY>
        </COMPONENT>
        <COMPONENT LinkID="53" Class="NiSceneGraphComponent" Name="Scene Graph">
            <PROPERTY Class="String" Name="NIF File Path" Asset="TRUE">.\..\..\..\02_ChaosArea\02_Modeling\Block\020500\CAO_GODD_P_B_BA4001_01.nif</PROPERTY>
        </COMPONENT>
        <COMPONENT LinkID="54" Class="NiTransformationComponent" Name="Transformation">
            <PROPERTY Class="Point3" Name="Translation">301.2536926269531200, 2003.7180175781250000, 606.3643798828125000</PROPERTY>
            <PROPERTY Class="Matrix3" Name="Rotation">
                <ROW>0.8540253043174744, 0.0000000000000000, -0.5202314853668213</ROW>
                <ROW>0.0000000000000000, 1.0000000000000000, 0.0000000000000000</ROW>
                <ROW>0.5202314853668213, 0.0000000000000000, 0.8540253043174744</ROW>
            </PROPERTY>
            <PROPERTY Class="Float" Name="Scale">1.0000000000000000</PROPERTY>
        </COMPONENT>
        <COMPONENT LinkID="55" Class="NiSceneGraphComponent" Name="Scene Graph" MasterLinkID="53" />
        <ENTITY LinkID="56" Class="NiGeneralEntity" Name="Nature_Crysta3001_01 11" Type="Object" UsePhysX="FALSE" PostfixTexture="" Optimization="0" AlphaGroup="1" RandomAni="FALSE" TemplateID="98,82,c8,fa,f6,8e,bc,4d,bb,ba,5b,33,72,ac,45,59" MasterLinkID="1">
            <COMPONENT RefLinkID="57" />
            <COMPONENT RefLinkID="58" />
            <COMPONENT RefLinkID="59" />
            <COMPONENT RefLinkID="60" />
        </ENTITY>
        <COMPONENT LinkID="57" Class="NiTransformationComponent" Name="Transformation">
            <PROPERTY Class="Point3" Name="Translation">218.6489105224609400, 1877.6352539062500000, 742.9793701171875000</PROPERTY>
            <PROPERTY Class="Matrix3" Name="Rotation">
                <ROW>0.9843370914459229, 0.1176099926233292, 0.1313330978155136</ROW>
                <ROW>-0.0377127192914486, 0.8681825995445252, -0.4948098957538605</ROW>
                <ROW>-0.1722157299518585, 0.4821068346500397, 0.8590196967124939</ROW>
            </PROPERTY>
            <PROPERTY Class="Float" Name="Scale">0.6494757533073425</PROPERTY>
        </COMPONENT>
        <COMPONENT LinkID="58" Class="NiSceneGraphComponent" Name="Scene Graph" MasterLinkID="3" />
        <COMPONENT LinkID="59" Class="NiGeneralComponent" Name="Hide Object" TemplateID="f6,46,16,db,61,92,23,47,b5,4a,da,2d,42,d7,85,b9" MasterLinkID="4" />
        <COMPONENT LinkID="60" Class="NiGeneralComponent" Name="GlowMap" TemplateID="c,37,ef,c9,e6,13,8,4b,86,49,c3,29,48,1b,b2,c8" MasterLinkID="5">
            <PROPERTY Class="Boolean" Name="Enable" SemanticType="Boolean" DisplayName="Enable" Description="">TRUE</PROPERTY>
        </COMPONENT>
        <ENTITY LinkID="61" Class="NiGeneralEntity" Name="Nature_Grass4001_01 85" Type="Object" UsePhysX="FALSE" PostfixTexture="" Optimization="0" AlphaGroup="1" RandomAni="FALSE" TemplateID="96,bd,e4,e7,da,bb,3e,4d,98,9d,ac,1f,5f,92,d8,bf" MasterLinkID="42">
            <COMPONENT RefLinkID="62" />
            <COMPONENT RefLinkID="63" />
        </ENTITY>
        <COMPONENT LinkID="62" Class="NiTransformationComponent" Name="Transformation">
            <PROPERTY Class="Point3" Name="Translation">273.0738525390625000, 491.4497680664062500, 271.3670654296875000</PROPERTY>
            <PROPERTY Class="Matrix3" Name="Rotation">
                <ROW>0.9624949097633362, 0.2712996602058411, 0.0000000000000000</ROW>
                <ROW>-0.2712996602058411, 0.9624949097633362, 0.0000000000000000</ROW>
                <ROW>0.0000000000000000, 0.0000000000000000, 1.0000000000000000</ROW>
            </PROPERTY>
            <PROPERTY Class="Float" Name="Scale">1.0000000000000000</PROPERTY>
        </COMPONENT>
        <COMPONENT LinkID="63" Class="NiSceneGraphComponent" Name="Scene Graph" MasterLinkID="44" />
        <ENTITY LinkID="64" Class="NiGeneralEntity" Name="Nature_Crysta3001_01 27" Type="Object" UsePhysX="FALSE" PostfixTexture="" Optimization="0" AlphaGroup="1" RandomAni="FALSE" TemplateID="98,82,c8,fa,f6,8e,bc,4d,bb,ba,5b,33,72,ac,45,59" MasterLinkID="1">
            <COMPONENT RefLinkID="65" />
            <COMPONENT RefLinkID="66" />
            <COMPONENT RefLinkID="67" />
            <COMPONENT RefLinkID="68" />
        </ENTITY>
        <COMPONENT LinkID="65" Class="NiTransformationComponent" Name="Transformation">
            <PROPERTY Class="Point3" Name="Translation">41.5927429199218750, 518.5635375976562500, 268.0806884765625000</PROPERTY>
            <PROPERTY Class="Matrix3" Name="Rotation">
                <ROW>0.2848102450370789, -0.8966852426528931, -0.3388788104057312</ROW>
                <ROW>0.9245112538337708, 0.1635328233242035, 0.3442904055118561</ROW>
                <ROW>-0.2533022463321686, -0.4113546013832092, 0.8755716085433960</ROW>
            </PROPERTY>
            <PROPERTY Class="Float" Name="Scale">0.1546045988798142</PROPERTY>
        </COMPONENT>
        <COMPONENT LinkID="66" Class="NiSceneGraphComponent" Name="Scene Graph" MasterLinkID="3" />
        <COMPONENT LinkID="67" Class="NiGeneralComponent" Name="Hide Object" TemplateID="f6,46,16,db,61,92,23,47,b5,4a,da,2d,42,d7,85,b9" MasterLinkID="4" />
        <COMPONENT LinkID="68" Class="NiGeneralComponent" Name="GlowMap" TemplateID="c,37,ef,c9,e6,13,8,4b,86,49,c3,29,48,1b,b2,c8" MasterLinkID="5">
            <PROPERTY Class="Boolean" Name="Enable" SemanticType="Boolean" DisplayName="Enable" Description="">TRUE</PROPERTY>
        </COMPONENT>
        <ENTITY LinkID="69" Class="NiGeneralEntity" Name="Art_BlockTrap1001_01 01" Type="Trap" UsePhysX="TRUE" PostfixTexture="" Optimization="0" AlphaGroup="3" RandomAni="FALSE" TemplateID="20,83,8f,ca,36,89,91,4c,84,2f,e9,d3,f6,c1,6e,9" MasterLinkID="70">
            <COMPONENT RefLinkID="74" />
            <COMPONENT RefLinkID="75" />
            <COMPONENT RefLinkID="76" />
        </ENTITY>
        <ENTITY LinkID="70" Class="NiGeneralEntity" Name="[Block]020601.Art_BlockTrap1001_01" TemplateID="20,83,8f,ca,36,89,91,4c,84,2f,e9,d3,f6,c1,6e,9">
            <COMPONENT RefLinkID="71" />
            <COMPONENT RefLinkID="72" />
            <COMPONENT RefLinkID="73" />
        </ENTITY>
        <COMPONENT LinkID="71" Class="NiTransformationComponent" Name="Transformation">
            <PROPERTY Class="Point3" Name="Translation">0.0000000000000000, 0.0000000000000000, 0.0000000000000000</PROPERTY>
            <PROPERTY Class="Matrix3" Name="Rotation">
                <ROW>1.0000000000000000, 0.0000000000000000, 0.0000000000000000</ROW>
                <ROW>0.0000000000000000, 1.0000000000000000, 0.0000000000000000</ROW>
                <ROW>0.0000000000000000, 0.0000000000000000, 1.0000000000000000</ROW>
            </PROPERTY>
            <PROPERTY Class="Float" Name="Scale">1.0000000000000000</PROPERTY>
        </COMPONENT>
        <COMPONENT LinkID="72" Class="NiSceneGraphComponent" Name="Scene Graph">
            <PROPERTY Class="String" Name="NIF File Path" Asset="TRUE">.\..\..\02_Modeling\Block\020601\Art_BlockTrap1001_01.nif</PROPERTY>
        </COMPONENT>
        <COMPONENT LinkID="73" Class="NiGeneralComponent" Name="Animation Object" TemplateID="c5,83,7b,6f,ea,53,7d,45,95,5a,2e,ab,38,28,a5,76">
            <PROPERTY Class="Float" Name="Phase" SemanticType="Float" DisplayName="Phase" Description="">-1000.0000000000000000</PROPERTY>
        </COMPONENT>
        <COMPONENT LinkID="74" Class="NiTransformationComponent" Name="Transformation">
            <PROPERTY Class="Point3" Name="Translation">-79.7219085693359380, 478.2127685546875000, 234.1805114746093700</PROPERTY>
            <PROPERTY Class="Matrix3" Name="Rotation">
                <ROW>0.9390335083007813, 0.3438255190849304, -0.0000768395839259</ROW>
                <ROW>-0.3438255488872528, 0.9390334486961365, -0.0002842167159542</ROW>
                <ROW>-0.0000255660361290, 0.0002933084033430, 0.9999999403953552</ROW>
            </PROPERTY>
            <PROPERTY Class="Float" Name="Scale">1.5000000000000000</PROPERTY>
        </COMPONENT>
        <COMPONENT LinkID="75" Class="NiSceneGraphComponent" Name="Scene Graph" MasterLinkID="72" />
        <COMPONENT LinkID="76" Class="NiGeneralComponent" Name="Animation Object" TemplateID="c5,83,7b,6f,ea,53,7d,45,95,5a,2e,ab,38,28,a5,76" MasterLinkID="73">
            <PROPERTY Class="Float" Name="Phase" SemanticType="Float" DisplayName="Phase" Description="">2.0000000000000000</PROPERTY>
        </COMPONENT>
        <ENTITY LinkID="77" Class="NiGeneralEntity" Name="Art_BlockTrap1001_01 03" Type="Trap" UsePhysX="TRUE" PostfixTexture="" Optimization="0" AlphaGroup="3" RandomAni="FALSE" TemplateID="20,83,8f,ca,36,89,91,4c,84,2f,e9,d3,f6,c1,6e,9" MasterLinkID="70">
            <COMPONENT RefLinkID="78" />
            <COMPONENT RefLinkID="79" />
            <COMPONENT RefLinkID="80" />
        </ENTITY>
        <COMPONENT LinkID="78" Class="NiTransformationComponent" Name="Transformation">
            <PROPERTY Class="Point3" Name="Translation">-204.5208282470703100, 537.3446044921875000, 234.3969879150390600</PROPERTY>
            <PROPERTY Class="Matrix3" Name="Rotation">
                <ROW>0.8499571681022644, 0.5268515944480896, -0.0001870118721854</ROW>
                <ROW>-0.5268516540527344, 0.8499571084976196, -0.0003699129156303</ROW>
                <ROW>-0.0000359371588274, 0.0004129376320634, 0.9999999403953552</ROW>
            </PROPERTY>
            <PROPERTY Class="Float" Name="Scale">1.5000000000000000</PROPERTY>
        </COMPONENT>
        <COMPONENT LinkID="79" Class="NiSceneGraphComponent" Name="Scene Graph" MasterLinkID="72" />
        <COMPONENT LinkID="80" Class="NiGeneralComponent" Name="Animation Object" TemplateID="c5,83,7b,6f,ea,53,7d,45,95,5a,2e,ab,38,28,a5,76" MasterLinkID="73">
            <PROPERTY Class="Float" Name="Phase" SemanticType="Float" DisplayName="Phase" Description="">1.6000000238418579</PROPERTY>
        </COMPONENT>
        <ENTITY LinkID="81" Class="NiGeneralEntity" Name="Art_BlockTrap1001_01 05" Type="Trap" UsePhysX="TRUE" PostfixTexture="" Optimization="0" AlphaGroup="3" RandomAni="FALSE" TemplateID="20,83,8f,ca,36,89,91,4c,84,2f,e9,d3,f6,c1,6e,9" MasterLinkID="70">
            <COMPONENT RefLinkID="82" />
            <COMPONENT RefLinkID="83" />
            <COMPONENT RefLinkID="84" />
        </ENTITY>
        <COMPONENT LinkID="82" Class="NiTransformationComponent" Name="Transformation">
            <PROPERTY Class="Point3" Name="Translation">-313.6119384765625000, 614.4474487304687500, 233.9884948730468800</PROPERTY>
            <PROPERTY Class="Matrix3" Name="Rotation">
                <ROW>0.7162127494812012, 0.6978818774223328, 0.0000000348081244</ROW>
                <ROW>-0.6978818774223328, 0.7162127494812012, 0.0000004720922107</ROW>
                <ROW>0.0000003045345238, -0.0000003624104181, 1.0000000000000000</ROW>
            </PROPERTY>
            <PROPERTY Class="Float" Name="Scale">1.5000000000000000</PROPERTY>
        </COMPONENT>
        <COMPONENT LinkID="83" Class="NiSceneGraphComponent" Name="Scene Graph" MasterLinkID="72" />
        <COMPONENT LinkID="84" Class="NiGeneralComponent" Name="Animation Object" TemplateID="c5,83,7b,6f,ea,53,7d,45,95,5a,2e,ab,38,28,a5,76" MasterLinkID="73">
            <PROPERTY Class="Float" Name="Phase" SemanticType="Float" DisplayName="Phase" Description="">1.2000000476837158</PROPERTY>
        </COMPONENT>
        <ENTITY LinkID="85" Class="NiGeneralEntity" Name="Art_BlockTrap1001_01 06" Type="Trap" UsePhysX="TRUE" PostfixTexture="" Optimization="0" AlphaGroup="3" RandomAni="FALSE" TemplateID="20,83,8f,ca,36,89,91,4c,84,2f,e9,d3,f6,c1,6e,9" MasterLinkID="70">
            <COMPONENT RefLinkID="86" />
            <COMPONENT RefLinkID="87" />
            <COMPONENT RefLinkID="88" />
        </ENTITY>
        <COMPONENT LinkID="86" Class="NiTransformationComponent" Name="Transformation">
            <PROPERTY Class="Point3" Name="Translation">-401.3450317382812500, 715.8544921875000000, 233.9874114990234400</PROPERTY>
            <PROPERTY Class="Matrix3" Name="Rotation">
                <ROW>0.6044197678565979, 0.7966659069061279, 0.0000000589673803</ROW>
                <ROW>-0.7966659069061279, 0.6044197678565979, 0.0000005115932709</ROW>
                <ROW>0.0000003719278538, -0.0000003561944482, 1.0000000000000000</ROW>
            </PROPERTY>
            <PROPERTY Class="Float" Name="Scale">1.5000000000000000</PROPERTY>
        </COMPONENT>
        <COMPONENT LinkID="87" Class="NiSceneGraphComponent" Name="Scene Graph" MasterLinkID="72" />
        <COMPONENT LinkID="88" Class="NiGeneralComponent" Name="Animation Object" TemplateID="c5,83,7b,6f,ea,53,7d,45,95,5a,2e,ab,38,28,a5,76" MasterLinkID="73">
            <PROPERTY Class="Float" Name="Phase" SemanticType="Float" DisplayName="Phase" Description="">0.8000000119209290</PROPERTY>
        </COMPONENT>
        <ENTITY LinkID="89" Class="NiGeneralEntity" Name="Art_BlockTrap1001_01 07" Type="Trap" UsePhysX="TRUE" PostfixTexture="" Optimization="0" AlphaGroup="3" RandomAni="FALSE" TemplateID="20,83,8f,ca,36,89,91,4c,84,2f,e9,d3,f6,c1,6e,9" MasterLinkID="70">
            <COMPONENT RefLinkID="90" />
            <COMPONENT RefLinkID="91" />
            <COMPONENT RefLinkID="92" />
        </ENTITY>
        <COMPONENT LinkID="90" Class="NiTransformationComponent" Name="Transformation">
            <PROPERTY Class="Point3" Name="Translation">-477.3083190917968700, 822.2659912109375000, 231.8097076416015600</PROPERTY>
            <PROPERTY Class="Matrix3" Name="Rotation">
                <ROW>0.5234303474426270, 0.8520684242248535, 0.0000002759597066</ROW>
                <ROW>-0.8520684242248535, 0.5234303474426270, 0.0000007117408813</ROW>
                <ROW>0.0000004620060849, -0.0000006076833188, 1.0000000000000000</ROW>
            </PROPERTY>
            <PROPERTY Class="Float" Name="Scale">1.5000000000000000</PROPERTY>
        </COMPONENT>
        <COMPONENT LinkID="91" Class="NiSceneGraphComponent" Name="Scene Graph" MasterLinkID="72" />
        <COMPONENT LinkID="92" Class="NiGeneralComponent" Name="Animation Object" TemplateID="c5,83,7b,6f,ea,53,7d,45,95,5a,2e,ab,38,28,a5,76" MasterLinkID="73">
            <PROPERTY Class="Float" Name="Phase" SemanticType="Float" DisplayName="Phase" Description="">0.4000000059604645</PROPERTY>
        </COMPONENT>
        <ENTITY LinkID="93" Class="NiGeneralEntity" Name="Art_BlockTrap1001_01 02" Type="Trap" UsePhysX="TRUE" PostfixTexture="" Optimization="0" AlphaGroup="3" RandomAni="FALSE" TemplateID="20,83,8f,ca,36,89,91,4c,84,2f,e9,d3,f6,c1,6e,9" MasterLinkID="70">
            <COMPONENT RefLinkID="94" />
            <COMPONENT RefLinkID="95" />
            <COMPONENT RefLinkID="96" />
        </ENTITY>
        <COMPONENT LinkID="94" Class="NiTransformationComponent" Name="Transformation">
            <PROPERTY Class="Point3" Name="Translation">-536.5979003906250000, 938.0604248046875000, 231.4555664062500000</PROPERTY>
            <PROPERTY Class="Matrix3" Name="Rotation">
                <ROW>0.2592896819114685, 0.9657994508743286, 0.0000004671069007</ROW>
                <ROW>-0.9657994508743286, 0.2592896819114685, 0.0000006037715252</ROW>
                <ROW>0.0000004620060849, -0.0000006076833188, 1.0000000000000000</ROW>
            </PROPERTY>
            <PROPERTY Class="Float" Name="Scale">1.5000000000000000</PROPERTY>
        </COMPONENT>
        <COMPONENT LinkID="95" Class="NiSceneGraphComponent" Name="Scene Graph" MasterLinkID="72" />
        <COMPONENT LinkID="96" Class="NiGeneralComponent" Name="Animation Object" TemplateID="c5,83,7b,6f,ea,53,7d,45,95,5a,2e,ab,38,28,a5,76" MasterLinkID="73">
            <PROPERTY Class="Float" Name="Phase" SemanticType="Float" DisplayName="Phase" Description="">0.0000000000000000</PROPERTY>
        </COMPONENT>
        <ENTITY LinkID="97" Class="NiGeneralEntity" Name="Nature_TreeTower1002_01 01" Type="Object" UsePhysX="FALSE" PostfixTexture="" Optimization="0" AlphaGroup="1" RandomAni="FALSE" TemplateID="65,ca,9d,8d,6a,19,66,4c,b1,99,72,23,fb,7b,6f,f7" MasterLinkID="98">
            <COMPONENT RefLinkID="102" />
            <COMPONENT RefLinkID="103" />
            <COMPONENT RefLinkID="104" />
        </ENTITY>
        <ENTITY LinkID="98" Class="NiGeneralEntity" Name="[Object]Tree.Nature_TreeTower1002_01" TemplateID="65,ca,9d,8d,6a,19,66,4c,b1,99,72,23,fb,7b,6f,f7">
            <COMPONENT RefLinkID="99" />
            <COMPONENT RefLinkID="100" />
            <COMPONENT RefLinkID="101" />
        </ENTITY>
        <COMPONENT LinkID="99" Class="NiTransformationComponent" Name="Transformation">
            <PROPERTY Class="Point3" Name="Translation">0.0000000000000000, 0.0000000000000000, 0.0000000000000000</PROPERTY>
            <PROPERTY Class="Matrix3" Name="Rotation">
                <ROW>1.0000000000000000, 0.0000000000000000, 0.0000000000000000</ROW>
                <ROW>0.0000000000000000, 1.0000000000000000, 0.0000000000000000</ROW>
                <ROW>0.0000000000000000, 0.0000000000000000, 1.0000000000000000</ROW>
            </PROPERTY>
            <PROPERTY Class="Float" Name="Scale">1.0000000000000000</PROPERTY>
        </COMPONENT>
        <COMPONENT LinkID="100" Class="NiSceneGraphComponent" Name="Scene Graph">
            <PROPERTY Class="String" Name="NIF File Path" Asset="TRUE">.\..\..\..\00_Object\Tree\Nature_TreeTower1002_01.nif</PROPERTY>
        </COMPONENT>
        <COMPONENT LinkID="101" Class="NiGeneralComponent" Name="Hide Object" TemplateID="f6,46,16,db,61,92,23,47,b5,4a,da,2d,42,d7,85,b9">
            <PROPERTY Class="Float" Name="Alpha Value" SemanticType="Float" DisplayName="Alpha Value" Description="">0.4000000059604645</PROPERTY>
            <PROPERTY Class="Boolean" Name="Alpha Enable" SemanticType="Boolean" DisplayName="Alpha Enable" Description="">FALSE</PROPERTY>
            <PROPERTY Class="Boolean" Name="Hide Object" SemanticType="Boolean" DisplayName="Hide Object" Description="">FALSE</PROPERTY>
        </COMPONENT>
        <COMPONENT LinkID="102" Class="NiTransformationComponent" Name="Transformation">
            <PROPERTY Class="Point3" Name="Translation">1005.1569824218750000, 1222.5112304687500000, -78.7052230834960940</PROPERTY>
            <PROPERTY Class="Matrix3" Name="Rotation">
                <ROW>1.0000000000000000, 0.0000000000000000, 0.0000000000000000</ROW>
                <ROW>0.0000000000000000, 1.0000000000000000, 0.0000000000000000</ROW>
                <ROW>0.0000000000000000, 0.0000000000000000, 1.0000000000000000</ROW>
            </PROPERTY>
            <PROPERTY Class="Float" Name="Scale">0.7296942472457886</PROPERTY>
        </COMPONENT>
        <COMPONENT LinkID="103" Class="NiSceneGraphComponent" Name="Scene Graph" MasterLinkID="100" />
        <COMPONENT LinkID="104" Class="NiGeneralComponent" Name="Hide Object" TemplateID="f6,46,16,db,61,92,23,47,b5,4a,da,2d,42,d7,85,b9" MasterLinkID="101" />
        <ENTITY LinkID="105" Class="NiGeneralEntity" Name="Nature_Crysta3001_01 54" Type="Object" UsePhysX="FALSE" PostfixTexture="" Optimization="0" AlphaGroup="1" RandomAni="FALSE" TemplateID="98,82,c8,fa,f6,8e,bc,4d,bb,ba,5b,33,72,ac,45,59" MasterLinkID="1">
            <COMPONENT RefLinkID="106" />
            <COMPONENT RefLinkID="107" />
            <COMPONENT RefLinkID="108" />
            <COMPONENT RefLinkID="109" />
        </ENTITY>
        <COMPONENT LinkID="106" Class="NiTransformationComponent" Name="Transformation">
            <PROPERTY Class="Point3" Name="Translation">-511.2031860351562500, 1297.9157714843750000, 273.3066406250000000</PROPERTY>
            <PROPERTY Class="Matrix3" Name="Rotation">
                <ROW>-0.9411088824272156, 0.0923680365085602, 0.3252412080764771</ROW>
                <ROW>-0.2075124382972717, -0.9172633290290833, -0.3399506807327271</ROW>
                <ROW>0.2669312059879303, -0.3874223530292511, 0.8824124336242676</ROW>
            </PROPERTY>
            <PROPERTY Class="Float" Name="Scale">0.3538980484008789</PROPERTY>
        </COMPONENT>
        <COMPONENT LinkID="107" Class="NiSceneGraphComponent" Name="Scene Graph" MasterLinkID="3" />
        <COMPONENT LinkID="108" Class="NiGeneralComponent" Name="Hide Object" TemplateID="f6,46,16,db,61,92,23,47,b5,4a,da,2d,42,d7,85,b9" MasterLinkID="4" />
        <COMPONENT LinkID="109" Class="NiGeneralComponent" Name="GlowMap" TemplateID="c,37,ef,c9,e6,13,8,4b,86,49,c3,29,48,1b,b2,c8" MasterLinkID="5">
